mC1:mN1:nSig:nSigErr:Zn
#Tag: SR_SS_emu_2_opt
#multitop: 0.000000 +/- 0.000000 (0)
#Zjets: 0.004904 +/- 0.004904 (1)
#Higgs: 0.059423 +/- 0.041535 (15)
#Wjets: 0.090438 +/- 0.079085 (2)
#Vgamma: 0.250155 +/- 0.166705 (4)
#VVV: 0.266602 +/- 0.057464 (39)
#ttV: 0.327086 +/- 0.043199 (137)
#singletop: 0.416387 +/- 0.416387 (1)
#ttbar: 0.975474 +/- 0.975474 (1)
#VV: 5.641703 +/- 0.722047 (1617)
#Total BG: 8.032172 +/- 1.298939 (1817)

150.0 0.0 5.947 1.451 1.197
152.5 22.5 5.428 1.041 1.088
162.5 12.5 4.161 0.696 0.812
175.0 0.0 4.319 0.766 0.847
175.0 25.0 4.916 1.003 0.978
177.5 47.5 2.771 0.632 0.491
187.5 12.5 4.895 0.729 0.973
187.5 37.5 3.775 0.663 0.724
190.0 60.0 1.867 0.502 0.271
200.0 0.0 4.541 0.820 0.896
200.0 25.0 3.723 0.717 0.713
200.0 50.0 3.289 0.716 0.613
202.5 72.5 2.812 0.664 0.501
212.5 12.5 3.788 0.742 0.727
212.5 37.5 4.077 1.065 0.793
212.5 62.5 2.746 0.530 0.485
215.0 85.0 2.050 0.454 0.316
225.0 0.0 3.453 0.807 0.651
225.0 25.0 2.908 0.655 0.523
225.0 50.0 4.705 0.801 0.932
225.0 75.0 2.057 0.632 0.318
227.5 97.5 2.197 0.660 0.352
237.5 12.5 3.529 0.661 0.668
237.5 37.5 4.246 0.865 0.831
237.5 62.5 3.219 0.721 0.597
237.5 87.5 2.118 0.537 0.333
240.0 110.0 1.126 0.350 0.083
250.0 0.0 2.940 0.696 0.531
250.0 25.0 2.492 0.656 0.424
250.0 50.0 2.451 0.655 0.414
250.0 75.0 1.734 0.470 0.238
250.0 100.0 1.616 0.480 0.208
262.5 12.5 4.194 1.648 0.819
262.5 37.5 3.263 0.719 0.607
262.5 62.5 1.761 0.657 0.245
262.5 87.5 2.767 0.763 0.490
275.0 0.0 2.552 0.523 0.439
275.0 25.0 3.119 0.595 0.573
275.0 50.0 2.571 0.569 0.443
275.0 75.0 1.802 0.479 0.255
287.5 12.5 3.053 0.624 0.558
287.5 37.5 3.127 0.675 0.575
287.5 62.5 1.835 0.432 0.263
300.0 0.0 2.763 0.550 0.489
300.0 25.0 2.841 0.525 0.508
300.0 50.0 2.716 0.502 0.478
300.0 75.0 1.931 0.416 0.287
300.0 100.0 2.612 0.733 0.453
312.5 12.5 1.983 0.374 0.300
312.5 37.5 2.664 0.677 0.465
325.0 0.0 1.423 0.335 0.159
325.0 25.0 1.246 0.283 0.114
325.0 50.0 1.648 0.423 0.216
325.0 75.0 1.680 0.399 0.224
325.0 100.0 1.556 0.332 0.193
337.5 12.5 2.417 0.401 0.406
350.0 0.0 1.814 0.427 0.258
350.0 25.0 1.396 0.256 0.153
350.0 50.0 1.735 0.294 0.238
350.0 75.0 1.268 0.283 0.120
350.0 100.0 1.074 0.221 0.070
375.0 0.0 1.392 0.471 0.152
375.0 25.0 1.090 0.222 0.074
375.0 50.0 0.993 0.206 0.049
375.0 75.0 1.073 0.218 0.070
400.0 0.0 0.995 0.233 0.049
400.0 25.0 1.316 0.279 0.132
400.0 50.0 1.873 0.344 0.272
400.0 75.0 0.929 0.260 0.032
400.0 100.0 1.242 0.269 0.113
425.0 0.0 0.814 0.186 0.002
425.0 25.0 0.599 0.196 -0.055
425.0 50.0 1.514 0.459 0.182
425.0 75.0 0.420 0.135 -0.103
425.0 100.0 0.465 0.144 -0.091
450.0 0.0 0.584 0.140 -0.059
450.0 25.0 0.355 0.122 -0.120
450.0 50.0 0.937 0.249 0.034
450.0 75.0 1.024 0.264 0.057
450.0 100.0 0.740 0.178 -0.018
475.0 0.0 0.561 0.128 -0.065
475.0 25.0 0.436 0.117 -0.099
475.0 50.0 0.385 0.108 -0.112
475.0 75.0 0.811 0.184 0.001
475.0 100.0 0.609 0.125 -0.052
500.0 0.0 0.538 0.132 -0.071
500.0 25.0 0.439 0.099 -0.098
500.0 50.0 0.530 0.110 -0.073
500.0 75.0 0.491 0.124 -0.084
525.0 0.0 0.352 0.083 -0.121
525.0 25.0 0.389 0.086 -0.111
525.0 50.0 0.515 0.099 -0.077
550.0 0.0 0.344 0.075 -0.123
550.0 25.0 0.311 0.082 -0.132
575.0 25.0 0.388 0.074 -0.111
#average significance: 0.503
