mC1:mN1:nSig:nSigErr:Zn
#Tag: SR_SS_emu_1_pre
#multitop: 0.000000 +/- 0.000000 (0)
#ttV: 0.864343 +/- 0.107271 (318)
#VVV: 5.195837 +/- 0.279168 (832)
#singletop: 7.393506 +/- 1.488672 (39)
#Higgs: 14.832354 +/- 2.588111 (111)
#ttbar: 20.441992 +/- 4.040177 (50)
#Zjets: 93.750413 +/- 40.567822 (255)
#Vgamma: 209.621932 +/- 12.089898 (654)
#Wjets: 324.962656 +/- 118.077523 (461)
#VV: 447.990089 +/- 5.885438 (64261)
#Total BG: 1125.053123 +/- 125.674900 (66981)

150.0 0.0 72.798 3.504 0.051
152.5 22.5 65.867 3.351 0.029
162.5 12.5 54.880 2.672 -0.006
175.0 0.0 37.688 2.744 -0.060
175.0 25.0 45.178 3.078 -0.036
177.5 47.5 37.758 2.457 -0.060
187.5 12.5 34.737 2.317 -0.070
187.5 37.5 30.000 2.245 -0.085
190.0 60.0 30.797 2.109 -0.082
200.0 0.0 26.676 2.077 -0.096
200.0 25.0 23.855 1.877 -0.105
200.0 50.0 26.146 1.952 -0.097
202.5 72.5 24.647 1.884 -0.102
212.5 12.5 18.607 1.580 -0.121
212.5 37.5 21.007 1.631 -0.114
212.5 62.5 21.076 1.719 -0.114
215.0 85.0 22.172 1.889 -0.110
225.0 0.0 14.235 1.482 -0.136
225.0 25.0 15.382 1.893 -0.132
225.0 50.0 18.910 2.058 -0.120
225.0 75.0 16.888 2.016 -0.127
227.5 97.5 16.269 1.642 -0.129
237.5 12.5 18.358 2.360 -0.122
237.5 37.5 13.786 1.537 -0.137
237.5 62.5 12.220 1.340 -0.142
237.5 87.5 11.286 1.236 -0.145
240.0 110.0 13.902 1.319 -0.137
250.0 0.0 9.957 1.317 -0.149
250.0 25.0 11.370 1.542 -0.145
250.0 50.0 10.219 1.369 -0.149
250.0 75.0 13.320 1.670 -0.139
250.0 100.0 10.255 1.558 -0.148
262.5 12.5 10.503 1.398 -0.148
262.5 37.5 8.657 1.131 -0.154
262.5 62.5 10.083 1.245 -0.149
262.5 87.5 9.270 1.422 -0.152
275.0 0.0 9.558 1.105 -0.151
275.0 25.0 9.129 1.019 -0.152
275.0 50.0 6.206 0.895 -0.162
275.0 75.0 7.781 1.010 -0.156
287.5 12.5 8.634 1.174 -0.154
287.5 37.5 6.101 1.011 -0.162
287.5 62.5 6.177 0.797 -0.162
300.0 0.0 4.549 0.694 -0.167
300.0 25.0 6.844 0.989 -0.160
300.0 50.0 6.026 0.936 -0.162
300.0 75.0 6.052 0.909 -0.162
300.0 100.0 6.196 0.994 -0.162
312.5 12.5 4.188 0.579 -0.168
312.5 37.5 5.791 1.011 -0.163
325.0 0.0 4.239 0.540 -0.168
325.0 25.0 3.985 0.709 -0.169
325.0 50.0 4.106 0.551 -0.168
325.0 75.0 4.365 0.609 -0.168
325.0 100.0 3.962 0.541 -0.169
337.5 12.5 4.315 0.651 -0.168
350.0 0.0 3.122 0.481 -0.172
350.0 25.0 2.924 0.384 -0.172
350.0 50.0 3.353 0.426 -0.171
350.0 75.0 3.440 0.640 -0.171
350.0 100.0 2.559 0.347 -0.173
375.0 0.0 2.373 0.632 -0.174
375.0 25.0 3.015 0.404 -0.172
375.0 50.0 2.039 0.283 -0.175
375.0 75.0 2.962 0.438 -0.172
400.0 0.0 1.487 0.332 -0.177
400.0 25.0 2.473 0.429 -0.174
400.0 50.0 1.879 0.366 -0.176
400.0 75.0 2.242 0.351 -0.175
400.0 100.0 1.901 0.337 -0.176
425.0 0.0 1.099 0.228 -0.178
425.0 25.0 1.900 0.364 -0.176
425.0 50.0 1.624 0.324 -0.177
425.0 75.0 1.497 0.272 -0.177
425.0 100.0 1.218 0.253 -0.178
450.0 0.0 0.931 0.195 -0.179
450.0 25.0 1.335 0.392 -0.177
450.0 50.0 1.147 0.244 -0.178
450.0 75.0 0.748 0.168 -0.179
450.0 100.0 1.078 0.201 -0.178
475.0 0.0 0.707 0.146 -0.180
475.0 25.0 1.334 0.311 -0.177
475.0 50.0 0.790 0.155 -0.179
475.0 75.0 0.665 0.135 -0.180
475.0 100.0 0.715 0.143 -0.179
500.0 0.0 0.804 0.157 -0.179
500.0 25.0 0.626 0.136 -0.180
500.0 50.0 1.123 0.255 -0.178
500.0 75.0 0.595 0.138 -0.180
525.0 0.0 0.529 0.111 -0.180
525.0 25.0 0.830 0.200 -0.179
525.0 50.0 0.588 0.108 -0.180
550.0 0.0 0.492 0.092 -0.180
550.0 25.0 0.419 0.085 -0.180
575.0 25.0 0.667 0.145 -0.180
#average significance: -0.139
