mC1:mN1:nSig:nSigErr:Zn
#Tag: SR_SS_ee_1_opt
#multitop: 0.000000 +/- 0.000000 (0)
#ttV: 0.174848 +/- 0.037243 (50)
#VVV: 0.499675 +/- 0.092354 (58)
#singletop: 0.568574 +/- 0.417521 (2)
#Zjets: 1.430193 +/- 1.395277 (11)
#Higgs: 2.488311 +/- 1.198962 (11)
#ttbar: 4.741349 +/- 2.858292 (6)
#Vgamma: 7.895025 +/- 2.183225 (49)
#Wjets: 12.125721 +/- 7.462604 (37)
#VV: 16.775803 +/- 1.428112 (2566)
#Total BG: 46.699499 +/- 8.615963 (2790)

150.0 0.0 9.418 1.328 0.355
152.5 22.5 9.116 1.364 0.338
162.5 12.5 7.254 0.922 0.231
175.0 0.0 5.822 0.916 0.148
175.0 25.0 7.665 1.996 0.255
177.5 47.5 4.159 0.748 0.049
187.5 12.5 4.907 0.972 0.094
187.5 37.5 4.670 0.776 0.080
190.0 60.0 4.537 0.786 0.072
200.0 0.0 4.420 0.746 0.065
200.0 25.0 3.537 0.669 0.012
200.0 50.0 3.881 0.744 0.032
202.5 72.5 2.982 0.765 -0.022
212.5 12.5 2.708 0.536 -0.039
212.5 37.5 4.379 0.742 0.062
212.5 62.5 3.397 0.620 0.003
215.0 85.0 4.009 0.980 0.040
225.0 0.0 3.935 0.783 0.035
225.0 25.0 3.077 0.673 -0.016
225.0 50.0 3.391 0.714 0.003
225.0 75.0 3.571 0.734 0.014
227.5 97.5 2.665 0.743 -0.042
237.5 12.5 3.431 0.799 0.005
237.5 37.5 2.120 0.518 -0.075
237.5 62.5 2.557 0.601 -0.048
237.5 87.5 2.469 0.580 -0.053
240.0 110.0 2.008 0.479 -0.082
250.0 0.0 2.967 0.814 -0.023
250.0 25.0 1.960 0.564 -0.085
250.0 50.0 3.123 0.865 -0.014
250.0 75.0 1.161 0.422 -0.134
250.0 100.0 2.501 0.688 -0.052
262.5 12.5 1.912 0.536 -0.088
262.5 37.5 1.805 0.489 -0.094
262.5 62.5 2.160 0.570 -0.072
262.5 87.5 1.443 0.439 -0.117
275.0 0.0 2.490 0.604 -0.052
275.0 25.0 1.264 0.354 -0.128
275.0 50.0 1.349 0.388 -0.123
275.0 75.0 2.511 0.632 -0.051
287.5 12.5 1.867 0.653 -0.090
287.5 37.5 2.900 0.912 -0.027
287.5 62.5 2.037 0.656 -0.080
300.0 0.0 1.746 0.402 -0.098
300.0 25.0 1.006 0.304 -0.144
300.0 50.0 1.850 0.406 -0.092
300.0 75.0 2.281 0.507 -0.065
300.0 100.0 1.038 0.294 -0.142
312.5 12.5 1.905 0.370 -0.088
312.5 37.5 1.394 0.353 -0.120
325.0 0.0 0.988 0.252 -0.145
325.0 25.0 1.589 0.344 -0.108
325.0 50.0 1.334 0.315 -0.124
325.0 75.0 0.792 0.216 -0.157
325.0 100.0 0.852 0.221 -0.154
337.5 12.5 1.847 0.561 -0.092
350.0 0.0 0.844 0.230 -0.154
350.0 25.0 1.178 0.375 -0.133
350.0 50.0 1.078 0.383 -0.139
350.0 75.0 0.987 0.266 -0.145
350.0 100.0 1.194 0.375 -0.132
375.0 0.0 0.448 0.169 -0.179
375.0 25.0 0.466 0.131 -0.178
375.0 50.0 0.559 0.141 -0.172
375.0 75.0 0.764 0.199 -0.159
400.0 0.0 0.526 0.194 -0.174
400.0 25.0 0.748 0.205 -0.160
400.0 50.0 0.640 0.222 -0.167
400.0 75.0 0.902 0.284 -0.150
400.0 100.0 0.612 0.290 -0.169
425.0 0.0 0.548 0.189 -0.173
425.0 25.0 0.637 0.227 -0.167
425.0 50.0 0.701 0.187 -0.163
425.0 75.0 0.354 0.126 -0.185
425.0 100.0 0.199 0.089 -0.195
450.0 0.0 0.095 0.055 -0.201
450.0 25.0 0.298 0.106 -0.188
450.0 50.0 0.318 0.135 -0.187
450.0 75.0 0.290 0.098 -0.189
450.0 100.0 0.905 0.457 -0.150
475.0 0.0 0.262 0.094 -0.191
475.0 25.0 0.240 0.081 -0.192
475.0 50.0 0.567 0.218 -0.171
475.0 75.0 0.459 0.132 -0.178
475.0 100.0 0.458 0.120 -0.178
500.0 0.0 0.134 0.055 -0.199
500.0 25.0 0.387 0.110 -0.183
500.0 50.0 0.226 0.077 -0.193
500.0 75.0 0.139 0.060 -0.198
525.0 0.0 0.129 0.056 -0.199
525.0 25.0 0.303 0.089 -0.188
525.0 50.0 0.191 0.062 -0.195
550.0 0.0 0.244 0.062 -0.192
550.0 25.0 0.150 0.048 -0.198
575.0 25.0 0.061 0.027 -0.203
#average significance: -0.048
