mC1:mN1:nSig:nSigErr:Zn
#Tag: SR_SS_ee_2_pre
#multitop: 0.002190 +/- 0.001936 (2)
#VVV: 2.297767 +/- 0.181863 (480)
#ttV: 3.491800 +/- 0.161654 (1398)
#singletop: 3.497454 +/- 0.911242 (22)
#Higgs: 15.839962 +/- 3.076694 (218)
#ttbar: 37.735436 +/- 4.464428 (110)
#Vgamma: 203.651192 +/- 12.534853 (813)
#Wjets: 270.640170 +/- 89.121489 (490)
#VV: 277.387999 +/- 4.692851 (67416)
#Zjets: 551.366032 +/- 136.406644 (2003)
#Total BG: 1365.910003 +/- 163.581309 (72952)

150.0 0.0 39.591 2.905 -0.080
152.5 22.5 37.800 2.686 -0.085
162.5 12.5 31.901 2.270 -0.100
175.0 0.0 29.225 3.107 -0.107
175.0 25.0 24.735 2.383 -0.119
177.5 47.5 24.068 2.356 -0.120
187.5 12.5 16.637 1.504 -0.140
187.5 37.5 21.039 1.875 -0.128
190.0 60.0 16.398 1.729 -0.141
200.0 0.0 17.751 1.973 -0.137
200.0 25.0 16.183 1.725 -0.141
200.0 50.0 16.310 1.653 -0.141
202.5 72.5 16.610 1.979 -0.140
212.5 12.5 11.465 1.315 -0.154
212.5 37.5 13.071 1.349 -0.149
212.5 62.5 11.888 1.371 -0.153
215.0 85.0 10.659 1.132 -0.156
225.0 0.0 8.854 1.173 -0.161
225.0 25.0 11.926 1.487 -0.152
225.0 50.0 9.823 1.345 -0.158
225.0 75.0 9.085 1.151 -0.160
227.5 97.5 9.628 1.194 -0.159
237.5 12.5 10.366 1.508 -0.157
237.5 37.5 10.925 1.244 -0.155
237.5 62.5 8.027 1.058 -0.163
237.5 87.5 9.582 1.266 -0.159
240.0 110.0 6.726 0.974 -0.166
250.0 0.0 7.490 1.334 -0.164
250.0 25.0 8.620 1.233 -0.161
250.0 50.0 11.655 2.228 -0.153
250.0 75.0 6.791 1.183 -0.166
250.0 100.0 7.062 1.204 -0.165
262.5 12.5 8.289 1.341 -0.162
262.5 37.5 7.763 1.129 -0.163
262.5 62.5 4.680 0.788 -0.172
262.5 87.5 6.387 0.961 -0.167
275.0 0.0 5.935 0.910 -0.168
275.0 25.0 6.133 0.889 -0.168
275.0 50.0 6.928 1.009 -0.166
275.0 75.0 6.790 1.216 -0.166
287.5 12.5 4.963 0.748 -0.171
287.5 37.5 4.119 0.644 -0.173
287.5 62.5 6.087 1.110 -0.168
300.0 0.0 4.319 0.634 -0.173
300.0 25.0 5.752 1.110 -0.169
300.0 50.0 5.306 0.826 -0.170
300.0 75.0 3.525 0.558 -0.175
300.0 100.0 4.369 0.636 -0.172
312.5 12.5 4.468 0.670 -0.172
312.5 37.5 3.964 0.654 -0.174
325.0 0.0 3.162 0.473 -0.176
325.0 25.0 3.726 0.523 -0.174
325.0 50.0 3.955 0.578 -0.174
325.0 75.0 3.527 0.465 -0.175
325.0 100.0 3.231 0.502 -0.175
337.5 12.5 2.552 0.421 -0.177
350.0 0.0 3.207 0.548 -0.176
350.0 25.0 2.920 0.471 -0.176
350.0 50.0 2.065 0.382 -0.179
350.0 75.0 2.059 0.337 -0.179
350.0 100.0 2.670 0.398 -0.177
375.0 0.0 2.425 0.436 -0.178
375.0 25.0 2.117 0.299 -0.178
375.0 50.0 2.258 0.414 -0.178
375.0 75.0 1.943 0.281 -0.179
400.0 0.0 1.693 0.380 -0.180
400.0 25.0 1.857 0.402 -0.179
400.0 50.0 1.830 0.559 -0.179
400.0 75.0 1.514 0.308 -0.180
400.0 100.0 1.310 0.301 -0.181
425.0 0.0 1.386 0.319 -0.180
425.0 25.0 1.119 0.246 -0.181
425.0 50.0 1.571 0.368 -0.180
425.0 75.0 0.906 0.205 -0.182
425.0 100.0 0.719 0.182 -0.182
450.0 0.0 1.050 0.254 -0.181
450.0 25.0 0.919 0.183 -0.182
450.0 50.0 1.240 0.237 -0.181
450.0 75.0 0.941 0.210 -0.182
450.0 100.0 1.003 0.196 -0.181
475.0 0.0 0.651 0.139 -0.182
475.0 25.0 0.601 0.136 -0.182
475.0 50.0 0.697 0.147 -0.182
475.0 75.0 0.838 0.156 -0.182
475.0 100.0 0.804 0.184 -0.182
500.0 0.0 0.554 0.152 -0.183
500.0 25.0 0.543 0.115 -0.183
500.0 50.0 0.533 0.122 -0.183
500.0 75.0 0.712 0.147 -0.182
525.0 0.0 0.528 0.127 -0.183
525.0 25.0 0.460 0.111 -0.183
525.0 50.0 0.495 0.100 -0.183
550.0 0.0 0.463 0.088 -0.183
550.0 25.0 0.531 0.113 -0.183
575.0 25.0 0.437 0.088 -0.183
#average significance: -0.161
