mC1:mN1:nSig:nSigErr:Zn
#Tag: SR_SS_mumu_2_opt
#multitop: 0.000000 +/- 0.000000 (0)
#Vgamma: 0.000000 +/- 0.000000 (0)
#Zjets: 0.017078 +/- 0.017078 (1)
#singletop: 0.109258 +/- 0.109258 (1)
#ttbar: 0.220604 +/- 0.220604 (1)
#VVV: 0.323409 +/- 0.083770 (31)
#ttV: 0.338496 +/- 0.051865 (104)
#Wjets: 0.400888 +/- 0.400888 (1)
#Higgs: 1.119025 +/- 0.627100 (17)
#VV: 6.420177 +/- 0.354161 (1836)
#Total BG: 8.948935 +/- 0.866025 (1992)

150.0 0.0 4.083 0.765 0.788
152.5 22.5 2.634 0.623 0.458
162.5 12.5 3.830 0.668 0.732
175.0 0.0 5.767 1.438 1.149
175.0 25.0 3.715 0.810 0.706
177.5 47.5 2.418 0.693 0.407
187.5 12.5 4.511 0.811 0.882
187.5 37.5 2.253 0.530 0.368
190.0 60.0 1.574 0.424 0.204
200.0 0.0 2.368 0.569 0.396
200.0 25.0 4.035 0.800 0.778
200.0 50.0 1.690 0.464 0.232
202.5 72.5 2.514 0.617 0.430
212.5 12.5 4.352 1.185 0.847
212.5 37.5 2.782 0.580 0.493
212.5 62.5 1.062 0.355 0.076
215.0 85.0 1.805 0.515 0.260
225.0 0.0 3.705 1.109 0.704
225.0 25.0 2.956 0.698 0.533
225.0 50.0 3.305 0.799 0.613
225.0 75.0 3.013 1.499 0.547
227.5 97.5 1.413 0.656 0.164
237.5 12.5 3.593 0.760 0.679
237.5 37.5 2.703 0.603 0.475
237.5 62.5 1.672 0.441 0.228
237.5 87.5 1.232 0.392 0.119
240.0 110.0 1.206 0.356 0.113
250.0 0.0 4.579 1.045 0.897
250.0 25.0 2.028 0.573 0.314
250.0 50.0 2.541 0.684 0.437
250.0 75.0 1.931 0.603 0.291
250.0 100.0 1.200 0.454 0.111
262.5 12.5 1.311 0.464 0.139
262.5 37.5 1.806 0.586 0.260
262.5 62.5 1.099 0.351 0.086
262.5 87.5 1.790 0.615 0.257
275.0 0.0 1.876 0.479 0.278
275.0 25.0 2.338 0.514 0.388
275.0 50.0 2.152 0.526 0.344
275.0 75.0 2.299 0.629 0.379
287.5 12.5 1.719 0.463 0.239
287.5 37.5 1.970 0.479 0.300
287.5 62.5 2.070 0.430 0.324
300.0 0.0 1.542 0.390 0.196
300.0 25.0 2.204 0.591 0.357
300.0 50.0 2.063 0.448 0.323
300.0 75.0 2.380 0.737 0.398
300.0 100.0 1.381 0.345 0.156
312.5 12.5 1.601 0.338 0.211
312.5 37.5 1.746 0.384 0.246
325.0 0.0 1.833 0.541 0.267
325.0 25.0 1.705 0.579 0.236
325.0 50.0 1.691 0.484 0.232
325.0 75.0 1.726 0.339 0.241
325.0 100.0 1.156 0.356 0.100
337.5 12.5 1.158 0.274 0.101
350.0 0.0 1.381 0.443 0.156
350.0 25.0 1.135 0.238 0.095
350.0 50.0 1.645 0.328 0.221
350.0 75.0 1.266 0.292 0.128
350.0 100.0 0.937 0.223 0.045
375.0 0.0 0.987 0.286 0.058
375.0 25.0 1.186 0.314 0.108
375.0 50.0 0.693 0.170 -0.017
375.0 75.0 1.240 0.408 0.121
400.0 0.0 0.601 0.182 -0.041
400.0 25.0 0.520 0.158 -0.062
400.0 50.0 1.319 0.339 0.141
400.0 75.0 1.331 0.348 0.144
400.0 100.0 0.806 0.313 0.011
425.0 0.0 0.672 0.182 -0.023
425.0 25.0 0.615 0.168 -0.037
425.0 50.0 0.909 0.235 0.038
425.0 75.0 0.774 0.200 0.003
425.0 100.0 0.681 0.219 -0.020
450.0 0.0 0.992 0.205 0.059
450.0 25.0 0.518 0.135 -0.062
450.0 50.0 0.488 0.163 -0.070
450.0 75.0 0.268 0.100 -0.127
450.0 100.0 0.555 0.164 -0.053
475.0 0.0 0.398 0.114 -0.094
475.0 25.0 0.602 0.164 -0.041
475.0 50.0 0.408 0.125 -0.091
475.0 75.0 0.309 0.096 -0.117
475.0 100.0 0.438 0.115 -0.083
500.0 0.0 0.370 0.114 -0.101
500.0 25.0 0.385 0.095 -0.097
500.0 50.0 0.362 0.093 -0.103
500.0 75.0 0.647 0.147 -0.029
525.0 0.0 0.308 0.077 -0.117
525.0 25.0 0.310 0.081 -0.117
525.0 50.0 0.371 0.089 -0.101
550.0 0.0 0.304 0.067 -0.118
550.0 25.0 0.189 0.058 -0.148
575.0 25.0 0.141 0.041 -0.161
#average significance: 0.363
