mC1:mN1:nSig:nSigErr:Zn
#Tag: SR_SS_mumu_1_opt
#Zjets: 0.000000 +/- 0.000000 (0)
#multitop: 0.000000 +/- 0.000000 (0)
#Vgamma: 0.000000 +/- 0.000000 (0)
#ttV: 0.112705 +/- 0.031330 (39)
#Wjets: 0.137401 +/- 0.098353 (2)
#singletop: 0.235893 +/- 0.235893 (1)
#ttbar: 0.268577 +/- 0.268577 (1)
#VVV: 0.403590 +/- 0.064986 (59)
#Higgs: 1.075378 +/- 0.619369 (5)
#VV: 10.712713 +/- 1.036555 (1957)
#Total BG: 12.946256 +/- 1.265196 (2064)

150.0 0.0 6.097 0.976 0.926
152.5 22.5 5.164 0.929 0.768
162.5 12.5 6.407 0.987 0.977
175.0 0.0 4.635 0.819 0.677
175.0 25.0 4.603 0.804 0.672
177.5 47.5 4.062 0.770 0.577
187.5 12.5 3.984 0.753 0.563
187.5 37.5 5.863 1.002 0.887
190.0 60.0 4.034 0.918 0.572
200.0 0.0 3.036 0.631 0.393
200.0 25.0 4.638 0.795 0.678
200.0 50.0 3.891 0.875 0.547
202.5 72.5 2.778 0.644 0.346
212.5 12.5 5.160 1.227 0.768
212.5 37.5 3.397 0.638 0.458
212.5 62.5 2.833 0.613 0.356
215.0 85.0 2.022 0.424 0.205
225.0 0.0 5.418 1.129 0.812
225.0 25.0 3.217 0.684 0.426
225.0 50.0 3.423 0.721 0.463
225.0 75.0 1.720 0.484 0.148
227.5 97.5 2.186 0.627 0.236
237.5 12.5 4.410 1.208 0.638
237.5 37.5 3.810 0.793 0.532
237.5 62.5 3.954 0.668 0.558
237.5 87.5 2.347 0.722 0.266
240.0 110.0 1.634 0.674 0.131
250.0 0.0 2.076 0.580 0.215
250.0 25.0 2.791 1.018 0.348
250.0 50.0 2.168 0.633 0.232
250.0 75.0 2.453 0.651 0.286
250.0 100.0 2.268 0.662 0.251
262.5 12.5 2.318 0.595 0.261
262.5 37.5 2.356 0.562 0.268
262.5 62.5 1.352 0.415 0.077
262.5 87.5 1.772 0.472 0.158
275.0 0.0 2.455 0.596 0.286
275.0 25.0 1.064 0.348 0.021
275.0 50.0 2.194 0.514 0.237
275.0 75.0 1.479 0.373 0.102
287.5 12.5 1.945 0.631 0.191
287.5 37.5 2.892 0.644 0.367
287.5 62.5 2.409 0.521 0.278
300.0 0.0 1.554 0.373 0.116
300.0 25.0 1.756 0.388 0.155
300.0 50.0 1.426 0.363 0.091
300.0 75.0 1.899 0.512 0.182
300.0 100.0 1.533 0.392 0.112
312.5 12.5 0.997 0.277 0.008
312.5 37.5 1.168 0.300 0.042
325.0 0.0 1.453 0.301 0.097
325.0 25.0 1.214 0.302 0.050
325.0 50.0 1.638 0.426 0.132
325.0 75.0 0.876 0.222 -0.015
325.0 100.0 1.318 0.371 0.071
337.5 12.5 0.930 0.234 -0.005
350.0 0.0 0.791 0.234 -0.032
350.0 25.0 1.138 0.304 0.036
350.0 50.0 1.020 0.231 0.013
350.0 75.0 0.825 0.259 -0.025
350.0 100.0 0.843 0.185 -0.022
375.0 0.0 1.277 0.437 0.063
375.0 25.0 0.701 0.167 -0.050
375.0 50.0 0.518 0.147 -0.086
375.0 75.0 0.777 0.190 -0.035
400.0 0.0 0.215 0.107 -0.147
400.0 25.0 0.316 0.130 -0.127
400.0 50.0 0.499 0.159 -0.090
400.0 75.0 0.764 0.223 -0.037
400.0 100.0 0.743 0.193 -0.042
425.0 0.0 0.462 0.195 -0.097
425.0 25.0 0.603 0.163 -0.069
425.0 50.0 0.364 0.122 -0.117
425.0 75.0 0.548 0.192 -0.080
425.0 100.0 0.950 0.218 -0.001
450.0 0.0 0.180 0.085 -0.154
450.0 25.0 0.447 0.124 -0.100
450.0 50.0 0.309 0.103 -0.128
450.0 75.0 0.558 0.142 -0.078
450.0 100.0 0.218 0.081 -0.146
475.0 0.0 0.493 0.144 -0.091
475.0 25.0 0.407 0.167 -0.108
475.0 50.0 0.279 0.096 -0.134
475.0 75.0 0.493 0.130 -0.091
475.0 100.0 0.393 0.166 -0.111
500.0 0.0 0.186 0.062 -0.153
500.0 25.0 0.410 0.103 -0.108
500.0 50.0 0.214 0.071 -0.147
500.0 75.0 0.337 0.094 -0.122
525.0 0.0 0.242 0.071 -0.141
525.0 25.0 0.131 0.050 -0.164
525.0 50.0 0.310 0.095 -0.128
550.0 0.0 0.243 0.088 -0.141
550.0 25.0 0.348 0.150 -0.120
575.0 25.0 0.077 0.032 -0.175
#average significance: 0.313
