mC1:mN1:nSig:nSigErr:Zn
#Tag: SR_SS_emu_1_opt
#Zjets: 0.000000 +/- 0.000000 (0)
#multitop: 0.000000 +/- 0.000000 (0)
#Higgs: 0.005658 +/- 0.003414 (3)
#ttV: 0.085567 +/- 0.023597 (32)
#singletop: 0.129181 +/- 0.129181 (1)
#VVV: 0.281092 +/- 0.095035 (31)
#Vgamma: 0.316718 +/- 0.182678 (5)
#ttbar: 0.561799 +/- 0.402978 (2)
#Wjets: 1.355586 +/- 1.035761 (6)
#VV: 4.487895 +/- 0.488949 (783)
#Total BG: 7.223496 +/- 1.238516 (863)

150.0 0.0 3.836 0.743 0.792
152.5 22.5 3.278 0.708 0.656
162.5 12.5 3.111 0.613 0.615
175.0 0.0 4.885 0.950 1.037
175.0 25.0 3.618 0.834 0.739
177.5 47.5 2.368 0.564 0.428
187.5 12.5 3.909 0.710 0.809
187.5 37.5 1.623 0.399 0.233
190.0 60.0 2.208 0.495 0.387
200.0 0.0 4.187 0.757 0.875
200.0 25.0 4.093 0.777 0.853
200.0 50.0 2.232 0.575 0.393
202.5 72.5 1.962 0.499 0.323
212.5 12.5 3.091 0.672 0.611
212.5 37.5 3.367 0.707 0.678
212.5 62.5 2.548 0.556 0.474
215.0 85.0 2.471 0.916 0.455
225.0 0.0 2.429 0.685 0.444
225.0 25.0 1.846 0.500 0.292
225.0 50.0 3.412 0.725 0.689
225.0 75.0 1.689 0.517 0.250
227.5 97.5 1.587 0.499 0.223
237.5 12.5 3.152 0.630 0.625
237.5 37.5 3.222 0.872 0.643
237.5 62.5 2.286 0.565 0.407
237.5 87.5 1.308 0.387 0.148
240.0 110.0 1.057 0.321 0.079
250.0 0.0 2.288 0.695 0.407
250.0 25.0 3.867 0.987 0.799
250.0 50.0 2.190 0.718 0.382
250.0 75.0 3.205 0.718 0.639
250.0 100.0 1.419 0.670 0.178
262.5 12.5 2.400 0.591 0.436
262.5 37.5 1.907 0.543 0.308
262.5 62.5 2.183 0.559 0.380
262.5 87.5 1.485 0.425 0.196
275.0 0.0 2.493 0.542 0.460
275.0 25.0 1.913 0.483 0.310
275.0 50.0 1.658 0.538 0.242
275.0 75.0 2.185 0.588 0.381
287.5 12.5 2.101 0.466 0.359
287.5 37.5 2.212 0.802 0.388
287.5 62.5 1.871 0.493 0.298
300.0 0.0 1.350 0.404 0.159
300.0 25.0 1.856 0.461 0.295
300.0 50.0 1.651 0.380 0.240
300.0 75.0 1.663 0.360 0.243
300.0 100.0 1.299 0.341 0.145
312.5 12.5 0.936 0.255 0.045
312.5 37.5 1.832 0.643 0.288
325.0 0.0 1.542 0.315 0.211
325.0 25.0 1.003 0.252 0.064
325.0 50.0 0.770 0.254 -0.001
325.0 75.0 1.485 0.314 0.196
325.0 100.0 1.321 0.333 0.151
337.5 12.5 1.262 0.252 0.135
350.0 0.0 1.326 0.367 0.153
350.0 25.0 1.170 0.240 0.110
350.0 50.0 1.364 0.281 0.163
350.0 75.0 1.076 0.247 0.084
350.0 100.0 0.946 0.195 0.048
375.0 0.0 1.178 0.568 0.112
375.0 25.0 1.370 0.268 0.165
375.0 50.0 0.414 0.118 -0.103
375.0 75.0 0.941 0.192 0.047
400.0 0.0 0.507 0.169 -0.076
400.0 25.0 1.052 0.236 0.077
400.0 50.0 1.119 0.285 0.096
400.0 75.0 1.082 0.241 0.086
400.0 100.0 1.108 0.268 0.093
425.0 0.0 0.357 0.120 -0.119
425.0 25.0 0.967 0.272 0.054
425.0 50.0 0.605 0.236 -0.048
425.0 75.0 0.684 0.177 -0.026
425.0 100.0 0.435 0.132 -0.096
450.0 0.0 0.575 0.158 -0.056
450.0 25.0 0.532 0.146 -0.069
450.0 50.0 0.453 0.140 -0.091
450.0 75.0 0.299 0.105 -0.136
450.0 100.0 0.553 0.137 -0.062
475.0 0.0 0.217 0.073 -0.159
475.0 25.0 0.855 0.197 0.023
475.0 50.0 0.346 0.096 -0.122
475.0 75.0 0.254 0.081 -0.149
475.0 100.0 0.356 0.106 -0.119
500.0 0.0 0.362 0.100 -0.117
500.0 25.0 0.350 0.109 -0.121
500.0 50.0 0.751 0.236 -0.007
500.0 75.0 0.292 0.094 -0.138
525.0 0.0 0.402 0.099 -0.106
525.0 25.0 0.309 0.076 -0.133
525.0 50.0 0.337 0.079 -0.125
550.0 0.0 0.278 0.068 -0.142
550.0 25.0 0.280 0.067 -0.141
575.0 25.0 0.374 0.114 -0.114
#average significance: 0.403
