mC1:mN1:nSig:nSigErr:Zn
#Tag: SR_SS_ee_2_opt
#multitop: 0.000274 +/- 0.000274 (1)
#singletop: 0.036917 +/- 0.036917 (1)
#VVV: 0.395247 +/- 0.073168 (58)
#ttV: 0.569611 +/- 0.057295 (195)
#Higgs: 0.930777 +/- 0.653107 (19)
#Wjets: 1.513321 +/- 0.735884 (25)
#ttbar: 1.541070 +/- 0.794606 (4)
#Zjets: 2.985098 +/- 2.827744 (2)
#Vgamma: 3.542567 +/- 1.330543 (22)
#VV: 15.196192 +/- 1.162101 (3820)
#Total BG: 26.711076 +/- 3.567413 (4147)

150.0 0.0 6.522 1.288 0.484
152.5 22.5 5.844 0.967 0.418
162.5 12.5 4.987 0.765 0.333
175.0 0.0 7.778 2.327 0.606
175.0 25.0 3.535 0.716 0.185
177.5 47.5 5.135 1.177 0.347
187.5 12.5 3.500 0.677 0.182
187.5 37.5 3.481 0.652 0.180
190.0 60.0 1.973 0.494 0.022
200.0 0.0 3.208 0.852 0.151
200.0 25.0 4.806 0.905 0.314
200.0 50.0 3.645 0.711 0.196
202.5 72.5 3.257 1.059 0.156
212.5 12.5 3.212 0.724 0.152
212.5 37.5 3.203 0.736 0.151
212.5 62.5 2.996 0.650 0.129
215.0 85.0 2.685 0.569 0.097
225.0 0.0 3.325 0.751 0.163
225.0 25.0 3.654 0.920 0.197
225.0 50.0 3.098 0.697 0.140
225.0 75.0 1.146 0.383 -0.067
227.5 97.5 1.968 0.550 0.021
237.5 12.5 2.933 0.609 0.123
237.5 37.5 3.671 0.705 0.199
237.5 62.5 2.458 0.595 0.073
237.5 87.5 1.337 0.364 -0.046
240.0 110.0 1.065 0.323 -0.075
250.0 0.0 1.666 0.494 -0.011
250.0 25.0 3.594 0.841 0.191
250.0 50.0 2.219 0.810 0.048
250.0 75.0 2.471 0.745 0.075
250.0 100.0 1.474 0.475 -0.031
262.5 12.5 2.145 0.551 0.040
262.5 37.5 2.537 0.725 0.081
262.5 62.5 1.316 0.412 -0.048
262.5 87.5 2.039 0.547 0.029
275.0 0.0 1.632 0.432 -0.014
275.0 25.0 2.152 0.526 0.041
275.0 50.0 3.354 0.701 0.166
275.0 75.0 1.555 0.396 -0.023
287.5 12.5 2.292 0.480 0.056
287.5 37.5 1.963 0.471 0.021
287.5 62.5 2.095 0.819 0.035
300.0 0.0 1.311 0.346 -0.049
300.0 25.0 1.336 0.331 -0.046
300.0 50.0 2.123 0.565 0.038
300.0 75.0 1.410 0.344 -0.038
300.0 100.0 2.085 0.431 0.034
312.5 12.5 2.359 0.493 0.063
312.5 37.5 2.030 0.450 0.028
325.0 0.0 2.016 0.394 0.026
325.0 25.0 1.669 0.372 -0.010
325.0 50.0 1.530 0.309 -0.025
325.0 75.0 1.473 0.308 -0.031
325.0 100.0 1.588 0.341 -0.019
337.5 12.5 1.107 0.262 -0.071
350.0 0.0 1.521 0.328 -0.026
350.0 25.0 1.453 0.268 -0.034
350.0 50.0 0.845 0.220 -0.099
350.0 75.0 0.827 0.225 -0.101
350.0 100.0 1.014 0.226 -0.081
375.0 0.0 1.054 0.279 -0.076
375.0 25.0 1.077 0.215 -0.074
375.0 50.0 1.044 0.227 -0.078
375.0 75.0 0.887 0.196 -0.095
400.0 0.0 1.047 0.315 -0.077
400.0 25.0 1.224 0.319 -0.058
400.0 50.0 1.321 0.535 -0.048
400.0 75.0 0.792 0.218 -0.105
400.0 100.0 0.418 0.181 -0.146
425.0 0.0 0.729 0.201 -0.112
425.0 25.0 0.477 0.182 -0.139
425.0 50.0 0.580 0.186 -0.128
425.0 75.0 0.408 0.141 -0.147
425.0 100.0 0.334 0.112 -0.155
450.0 0.0 0.523 0.166 -0.134
450.0 25.0 0.571 0.146 -0.129
450.0 50.0 0.749 0.189 -0.110
450.0 75.0 0.738 0.173 -0.111
450.0 100.0 0.369 0.115 -0.151
475.0 0.0 0.392 0.107 -0.149
475.0 25.0 0.247 0.090 -0.164
475.0 50.0 0.307 0.093 -0.158
475.0 75.0 0.609 0.135 -0.125
475.0 100.0 0.335 0.101 -0.155
500.0 0.0 0.336 0.093 -0.155
500.0 25.0 0.333 0.090 -0.155
500.0 50.0 0.285 0.088 -0.160
500.0 75.0 0.500 0.122 -0.137
525.0 0.0 0.325 0.081 -0.156
525.0 25.0 0.179 0.062 -0.172
525.0 50.0 0.226 0.066 -0.167
550.0 0.0 0.303 0.074 -0.158
550.0 25.0 0.295 0.092 -0.159
575.0 25.0 0.226 0.059 -0.167
#average significance: 0.069
