mC1:mN1:nSig:nSigErr:Zn
#Tag: SR_SS_emu_1_opt
#Zjets: 0.000000 +/- 0.000000 (0)
#multitop: 0.000000 +/- 0.000000 (0)
#ttV: 0.029876 +/- 0.018387 (20)
#singletop: 0.129181 +/- 0.129181 (1)
#VVV: 0.291607 +/- 0.055943 (38)
#ttbar: 0.427347 +/- 0.427347 (1)
#Vgamma: 0.563608 +/- 0.254711 (8)
#Higgs: 0.693795 +/- 0.688235 (6)
#Wjets: 0.695577 +/- 0.502594 (5)
#VV: 5.029175 +/- 0.494215 (808)
#Total BG: 7.860166 +/- 1.112734 (887)

150.0 0.0 6.300 0.989 1.319
152.5 22.5 6.625 0.994 1.387
162.5 12.5 5.627 0.862 1.175
175.0 0.0 5.764 1.020 1.204
175.0 25.0 5.207 1.027 1.083
177.5 47.5 3.085 0.640 0.593
187.5 12.5 3.272 0.611 0.638
187.5 37.5 2.896 0.539 0.547
190.0 60.0 2.243 0.475 0.386
200.0 0.0 4.678 0.775 0.965
200.0 25.0 5.110 0.917 1.061
200.0 50.0 2.654 0.575 0.488
202.5 72.5 2.310 0.527 0.403
212.5 12.5 3.700 0.745 0.740
212.5 37.5 3.059 0.671 0.587
212.5 62.5 2.743 0.559 0.510
215.0 85.0 2.628 0.923 0.482
225.0 0.0 2.127 0.596 0.357
225.0 25.0 2.307 0.570 0.402
225.0 50.0 4.587 1.327 0.944
225.0 75.0 2.557 0.841 0.464
227.5 97.5 1.676 0.440 0.241
237.5 12.5 2.993 0.631 0.571
237.5 37.5 3.177 0.817 0.615
237.5 62.5 2.042 0.503 0.335
237.5 87.5 1.942 0.513 0.310
240.0 110.0 1.348 0.421 0.156
250.0 0.0 2.254 0.687 0.389
250.0 25.0 2.732 0.705 0.507
250.0 50.0 2.529 0.761 0.457
250.0 75.0 2.427 0.613 0.432
250.0 100.0 1.333 0.664 0.152
262.5 12.5 2.329 0.591 0.407
262.5 37.5 1.641 0.475 0.232
262.5 62.5 1.830 0.449 0.281
262.5 87.5 1.453 0.416 0.183
275.0 0.0 1.701 0.482 0.248
275.0 25.0 2.224 0.507 0.381
275.0 50.0 1.678 0.544 0.242
275.0 75.0 1.982 0.472 0.320
287.5 12.5 1.252 0.349 0.131
287.5 37.5 1.652 0.767 0.235
287.5 62.5 1.981 0.508 0.320
300.0 0.0 1.563 0.430 0.212
300.0 25.0 1.669 0.402 0.239
300.0 50.0 1.674 0.388 0.241
300.0 75.0 1.794 0.376 0.272
300.0 100.0 1.229 0.332 0.125
312.5 12.5 1.036 0.272 0.073
312.5 37.5 1.716 0.638 0.252
325.0 0.0 1.415 0.300 0.173
325.0 25.0 0.955 0.249 0.051
325.0 50.0 0.761 0.238 -0.001
325.0 75.0 1.382 0.305 0.165
325.0 100.0 0.912 0.258 0.040
337.5 12.5 1.015 0.226 0.068
350.0 0.0 1.175 0.283 0.110
350.0 25.0 1.138 0.242 0.100
350.0 50.0 1.296 0.257 0.142
350.0 75.0 1.186 0.260 0.113
350.0 100.0 0.612 0.154 -0.042
375.0 0.0 1.241 0.571 0.128
375.0 25.0 1.097 0.247 0.089
375.0 50.0 0.432 0.122 -0.091
375.0 75.0 0.693 0.163 -0.019
400.0 0.0 0.389 0.148 -0.103
400.0 25.0 0.928 0.278 0.044
400.0 50.0 0.960 0.270 0.053
400.0 75.0 0.833 0.213 0.019
400.0 100.0 0.805 0.229 0.011
425.0 0.0 0.224 0.092 -0.149
425.0 25.0 0.629 0.200 -0.037
425.0 50.0 0.389 0.193 -0.103
425.0 75.0 0.670 0.174 -0.026
425.0 100.0 0.362 0.121 -0.110
450.0 0.0 0.446 0.136 -0.087
450.0 25.0 0.647 0.358 -0.032
450.0 50.0 0.354 0.127 -0.113
450.0 75.0 0.108 0.055 -0.182
450.0 100.0 0.382 0.112 -0.105
475.0 0.0 0.188 0.075 -0.159
475.0 25.0 0.648 0.179 -0.032
475.0 50.0 0.264 0.084 -0.138
475.0 75.0 0.147 0.060 -0.171
475.0 100.0 0.214 0.078 -0.152
500.0 0.0 0.181 0.067 -0.161
500.0 25.0 0.355 0.107 -0.112
500.0 50.0 0.612 0.230 -0.041
500.0 75.0 0.187 0.074 -0.159
525.0 0.0 0.269 0.082 -0.136
525.0 25.0 0.210 0.062 -0.153
525.0 50.0 0.223 0.062 -0.149
550.0 0.0 0.234 0.063 -0.146
550.0 25.0 0.187 0.055 -0.159
575.0 25.0 0.250 0.086 -0.142
#average significance: 0.930
