mC1:mN1:nSig:nSigErr:Zn
#Tag: SR_SS_mumu_2_opt
#Zjets: 0.000000 +/- 0.000000 (0)
#multitop: 0.000000 +/- 0.000000 (0)
#Vgamma: 0.000000 +/- 0.000000 (0)
#Wjets: 0.101438 +/- 0.101438 (1)
#singletop: 0.109258 +/- 0.109258 (1)
#ttV: 0.163206 +/- 0.034142 (82)
#VVV: 0.220157 +/- 0.078164 (21)
#ttbar: 0.265165 +/- 0.265165 (1)
#Higgs: 0.810262 +/- 0.572603 (9)
#VV: 5.478571 +/- 0.425346 (1246)
#Total BG: 7.148058 +/- 0.780133 (1361)

150.0 0.0 4.845 0.920 1.106
152.5 22.5 4.603 0.854 1.047
162.5 12.5 5.237 0.760 1.199
175.0 0.0 5.469 1.407 1.254
175.0 25.0 4.302 0.851 0.973
177.5 47.5 3.418 0.735 0.751
187.5 12.5 4.775 0.847 1.089
187.5 37.5 2.786 0.585 0.587
190.0 60.0 2.373 0.510 0.476
200.0 0.0 3.159 0.702 0.684
200.0 25.0 2.918 0.661 0.622
200.0 50.0 1.773 0.502 0.312
202.5 72.5 1.889 0.509 0.344
212.5 12.5 2.246 0.598 0.442
212.5 37.5 2.773 0.602 0.583
212.5 62.5 2.485 0.585 0.507
215.0 85.0 1.236 0.402 0.160
225.0 0.0 2.914 0.873 0.620
225.0 25.0 1.964 0.543 0.365
225.0 50.0 2.235 0.614 0.439
225.0 75.0 2.303 0.726 0.457
227.5 97.5 1.882 0.582 0.342
237.5 12.5 3.059 0.699 0.658
237.5 37.5 2.594 0.596 0.536
237.5 62.5 2.340 0.562 0.467
237.5 87.5 1.483 0.422 0.231
240.0 110.0 2.650 0.962 0.551
250.0 0.0 4.008 0.972 0.901
250.0 25.0 1.155 0.413 0.137
250.0 50.0 2.217 0.642 0.434
250.0 75.0 1.011 0.395 0.095
250.0 100.0 0.638 0.291 -0.014
262.5 12.5 0.950 0.385 0.077
262.5 37.5 1.687 0.614 0.288
262.5 62.5 1.926 0.558 0.354
262.5 87.5 0.903 0.354 0.064
275.0 0.0 1.668 0.458 0.283
275.0 25.0 1.786 0.447 0.316
275.0 50.0 1.996 0.499 0.374
275.0 75.0 1.053 0.336 0.108
287.5 12.5 1.169 0.348 0.141
287.5 37.5 1.196 0.395 0.149
287.5 62.5 1.550 0.389 0.250
300.0 0.0 1.281 0.345 0.173
300.0 25.0 1.786 0.584 0.316
300.0 50.0 1.490 0.339 0.233
300.0 75.0 1.724 0.693 0.298
300.0 100.0 1.100 0.334 0.121
312.5 12.5 1.385 0.446 0.203
312.5 37.5 0.938 0.288 0.074
325.0 0.0 1.039 0.518 0.103
325.0 25.0 1.386 0.565 0.203
325.0 50.0 1.072 0.383 0.113
325.0 75.0 1.126 0.262 0.129
325.0 100.0 1.162 0.368 0.139
337.5 12.5 0.882 0.228 0.058
350.0 0.0 0.645 0.195 -0.012
350.0 25.0 0.679 0.182 -0.002
350.0 50.0 0.990 0.258 0.089
350.0 75.0 0.883 0.244 0.058
350.0 100.0 0.435 0.140 -0.075
375.0 0.0 0.495 0.194 -0.057
375.0 25.0 0.701 0.243 0.005
375.0 50.0 0.429 0.141 -0.077
375.0 75.0 0.471 0.135 -0.064
400.0 0.0 0.466 0.156 -0.066
400.0 25.0 0.378 0.135 -0.092
400.0 50.0 0.530 0.160 -0.046
400.0 75.0 0.894 0.251 0.061
400.0 100.0 0.286 0.132 -0.120
425.0 0.0 0.270 0.103 -0.125
425.0 25.0 0.262 0.100 -0.127
425.0 50.0 0.330 0.127 -0.107
425.0 75.0 0.237 0.098 -0.135
425.0 100.0 0.739 0.306 0.016
450.0 0.0 0.480 0.125 -0.061
450.0 25.0 0.207 0.085 -0.144
450.0 50.0 0.222 0.096 -0.139
450.0 75.0 0.153 0.082 -0.161
450.0 100.0 0.237 0.114 -0.135
475.0 0.0 0.075 0.044 -0.184
475.0 25.0 0.308 0.123 -0.113
475.0 50.0 0.190 0.083 -0.149
475.0 75.0 0.240 0.087 -0.134
475.0 100.0 0.133 0.060 -0.167
500.0 0.0 0.191 0.087 -0.149
500.0 25.0 0.209 0.072 -0.143
500.0 50.0 0.193 0.065 -0.148
500.0 75.0 0.280 0.080 -0.122
525.0 0.0 0.128 0.051 -0.168
525.0 25.0 0.169 0.057 -0.156
525.0 50.0 0.223 0.066 -0.139
550.0 0.0 0.159 0.049 -0.159
550.0 25.0 0.041 0.023 -0.195
575.0 25.0 0.045 0.022 -0.194
#average significance: 0.917
