mC1:mN1:nSig:nSigErr:Zn
#Tag: SR_SS_emu_2_opt
#multitop: 0.000000 +/- 0.000000 (0)
#Zjets: 0.004904 +/- 0.004904 (1)
#Higgs: 0.023531 +/- 0.008624 (21)
#Wjets: 0.193535 +/- 0.123221 (4)
#ttbar: 0.263278 +/- 0.263278 (1)
#ttV: 0.282897 +/- 0.040206 (110)
#VVV: 0.292709 +/- 0.051935 (49)
#Vgamma: 0.394304 +/- 0.220302 (5)
#singletop: 0.416387 +/- 0.416387 (1)
#VV: 3.900980 +/- 0.300961 (883)
#Total BG: 5.772525 +/- 0.633561 (1075)

150.0 0.0 3.423 1.215 0.876
152.5 22.5 2.440 0.636 0.585
162.5 12.5 3.342 0.660 0.852
175.0 0.0 4.140 0.782 1.078
175.0 25.0 3.341 0.640 0.852
177.5 47.5 3.173 1.201 0.803
187.5 12.5 3.733 0.630 0.964
187.5 37.5 3.628 0.980 0.934
190.0 60.0 1.031 0.347 0.139
200.0 0.0 3.508 0.758 0.900
200.0 25.0 3.412 0.664 0.872
200.0 50.0 3.079 0.676 0.776
202.5 72.5 2.674 0.796 0.656
212.5 12.5 2.316 0.568 0.548
212.5 37.5 4.529 1.190 1.185
212.5 62.5 2.009 0.448 0.453
215.0 85.0 1.277 0.350 0.220
225.0 0.0 3.575 0.905 0.919
225.0 25.0 2.492 0.623 0.601
225.0 50.0 2.934 0.620 0.733
225.0 75.0 1.838 0.569 0.400
227.5 97.5 2.123 0.644 0.489
237.5 12.5 3.469 0.678 0.889
237.5 37.5 2.720 0.703 0.670
237.5 62.5 2.184 0.482 0.507
237.5 87.5 2.255 0.564 0.529
240.0 110.0 0.514 0.233 -0.036
250.0 0.0 2.577 0.628 0.627
250.0 25.0 1.741 0.577 0.369
250.0 50.0 1.559 0.521 0.311
250.0 75.0 1.713 0.527 0.360
250.0 100.0 1.410 0.438 0.263
262.5 12.5 4.671 1.701 1.224
262.5 37.5 2.937 0.647 0.734
262.5 62.5 2.333 0.710 0.553
262.5 87.5 1.781 0.549 0.382
275.0 0.0 2.158 0.479 0.499
275.0 25.0 2.230 0.513 0.521
275.0 50.0 1.937 0.489 0.431
275.0 75.0 1.306 0.405 0.229
287.5 12.5 2.661 0.548 0.652
287.5 37.5 2.323 0.598 0.550
287.5 62.5 2.231 0.854 0.522
300.0 0.0 2.588 0.511 0.630
300.0 25.0 1.994 0.468 0.448
300.0 50.0 2.543 0.480 0.617
300.0 75.0 2.036 0.428 0.461
300.0 100.0 1.679 0.663 0.349
312.5 12.5 1.875 0.371 0.411
312.5 37.5 1.494 0.336 0.290
325.0 0.0 1.291 0.314 0.225
325.0 25.0 1.077 0.263 0.154
325.0 50.0 1.675 0.422 0.348
325.0 75.0 1.365 0.363 0.248
325.0 100.0 1.760 0.359 0.375
337.5 12.5 1.936 0.321 0.430
350.0 0.0 1.591 0.415 0.321
350.0 25.0 1.684 0.293 0.351
350.0 50.0 1.520 0.274 0.299
350.0 75.0 1.014 0.249 0.134
350.0 100.0 0.863 0.217 0.083
375.0 0.0 1.381 0.477 0.254
375.0 25.0 0.904 0.191 0.097
375.0 50.0 0.805 0.187 0.064
375.0 75.0 1.010 0.199 0.132
400.0 0.0 0.976 0.233 0.121
400.0 25.0 0.907 0.237 0.098
400.0 50.0 1.624 0.307 0.332
400.0 75.0 0.700 0.238 0.028
400.0 100.0 1.166 0.257 0.184
425.0 0.0 0.839 0.231 0.075
425.0 25.0 0.629 0.198 0.004
425.0 50.0 1.409 0.455 0.263
425.0 75.0 0.424 0.136 -0.067
425.0 100.0 0.519 0.148 -0.034
450.0 0.0 0.572 0.138 -0.016
450.0 25.0 0.539 0.204 -0.027
450.0 50.0 1.043 0.258 0.143
450.0 75.0 0.680 0.206 0.021
450.0 100.0 0.754 0.181 0.046
475.0 0.0 0.507 0.120 -0.038
475.0 25.0 0.489 0.124 -0.044
475.0 50.0 0.456 0.119 -0.055
475.0 75.0 0.678 0.151 0.021
475.0 100.0 0.559 0.120 -0.020
500.0 0.0 0.530 0.139 -0.030
500.0 25.0 0.415 0.096 -0.070
500.0 50.0 0.563 0.116 -0.019
500.0 75.0 0.320 0.099 -0.102
525.0 0.0 0.345 0.084 -0.094
525.0 25.0 0.265 0.071 -0.122
525.0 50.0 0.433 0.090 -0.063
550.0 0.0 0.354 0.076 -0.091
550.0 25.0 0.288 0.073 -0.114
575.0 25.0 0.335 0.067 -0.097
#average significance: 0.799
