mC1:mN1:nSig:nSigErr:Zn
#Tag: SR_SS_ee_1_opt
#Zjets: -0.189831 +/- 0.216714 (2)
#multitop: 0.000000 +/- 0.000000 (0)
#Higgs: 0.001713 +/- 0.001713 (1)
#ttV: 0.045244 +/- 0.017581 (12)
#VVV: 0.120092 +/- 0.039187 (16)
#ttbar: 0.203811 +/- 0.203811 (1)
#singletop: 0.204645 +/- 0.204645 (1)
#Vgamma: 0.250235 +/- 0.100902 (7)
#Wjets: 1.047327 +/- 0.622946 (7)
#VV: 2.095974 +/- 0.502062 (391)
#Total BG: 3.969040 +/- 0.884613 (438)

150.0 0.0 3.131 0.736 0.909
152.5 22.5 1.996 0.512 0.520
162.5 12.5 2.427 0.577 0.672
175.0 0.0 2.292 0.637 0.625
175.0 25.0 1.674 0.498 0.404
177.5 47.5 1.803 0.503 0.451
187.5 12.5 1.725 0.516 0.422
187.5 37.5 1.519 0.416 0.347
190.0 60.0 1.285 0.438 0.259
200.0 0.0 1.790 0.468 0.446
200.0 25.0 1.622 0.436 0.385
200.0 50.0 1.736 0.545 0.427
202.5 72.5 0.399 0.199 -0.093
212.5 12.5 1.213 0.350 0.231
212.5 37.5 1.826 0.466 0.459
212.5 62.5 0.765 0.323 0.056
215.0 85.0 0.807 0.293 0.073
225.0 0.0 1.808 0.540 0.453
225.0 25.0 1.153 0.387 0.208
225.0 50.0 1.552 0.449 0.359
225.0 75.0 1.607 0.472 0.379
227.5 97.5 0.558 0.250 -0.028
237.5 12.5 1.231 0.420 0.238
237.5 37.5 0.925 0.330 0.119
237.5 62.5 1.120 0.393 0.195
237.5 87.5 0.551 0.255 -0.031
240.0 110.0 0.634 0.261 0.003
250.0 0.0 2.178 0.734 0.585
250.0 25.0 1.149 0.455 0.206
250.0 50.0 1.967 0.729 0.510
250.0 75.0 0.316 0.228 -0.128
250.0 100.0 0.898 0.385 0.109
262.5 12.5 0.794 0.337 0.068
262.5 37.5 0.793 0.328 0.067
262.5 62.5 0.767 0.321 0.057
262.5 87.5 0.646 0.264 0.008
275.0 0.0 1.773 0.522 0.440
275.0 25.0 0.699 0.267 0.029
275.0 50.0 0.555 0.264 -0.029
275.0 75.0 0.897 0.386 0.108
287.5 12.5 0.250 0.145 -0.155
287.5 37.5 1.686 0.836 0.408
287.5 62.5 1.014 0.573 0.154
300.0 0.0 0.583 0.251 -0.017
300.0 25.0 0.557 0.212 -0.028
300.0 50.0 1.262 0.344 0.250
300.0 75.0 1.243 0.399 0.242
300.0 100.0 0.646 0.233 0.008
312.5 12.5 0.601 0.197 -0.010
312.5 37.5 0.840 0.287 0.086
325.0 0.0 0.655 0.200 0.012
325.0 25.0 0.598 0.190 -0.012
325.0 50.0 0.566 0.193 -0.025
325.0 75.0 0.370 0.140 -0.105
325.0 100.0 0.336 0.137 -0.119
337.5 12.5 1.215 0.532 0.232
350.0 0.0 0.405 0.151 -0.091
350.0 25.0 0.846 0.347 0.088
350.0 50.0 0.615 0.270 -0.005
350.0 75.0 0.462 0.161 -0.067
350.0 100.0 0.844 0.341 0.087
375.0 0.0 0.062 0.062 -0.236
375.0 25.0 0.251 0.092 -0.155
375.0 50.0 0.344 0.110 -0.116
375.0 75.0 0.294 0.099 -0.137
400.0 0.0 0.363 0.169 -0.108
400.0 25.0 0.305 0.125 -0.132
400.0 50.0 0.588 0.216 -0.015
400.0 75.0 0.407 0.191 -0.090
400.0 100.0 0.199 0.099 -0.177
425.0 0.0 0.417 0.172 -0.086
425.0 25.0 0.388 0.203 -0.098
425.0 50.0 0.388 0.143 -0.098
425.0 75.0 0.226 0.103 -0.165
425.0 100.0 0.086 0.061 -0.225
450.0 0.0 0.030 0.030 -0.250
450.0 25.0 0.140 0.070 -0.202
450.0 50.0 0.139 0.108 -0.202
450.0 75.0 0.152 0.068 -0.197
450.0 100.0 0.637 0.447 0.004
475.0 0.0 0.164 0.077 -0.192
475.0 25.0 0.159 0.065 -0.194
475.0 50.0 0.214 0.104 -0.171
475.0 75.0 0.216 0.077 -0.170
475.0 100.0 0.315 0.091 -0.128
500.0 0.0 0.087 0.043 -0.225
500.0 25.0 0.220 0.088 -0.168
500.0 50.0 0.118 0.053 -0.212
500.0 75.0 0.042 0.029 -0.244
525.0 0.0 0.057 0.043 -0.238
525.0 25.0 0.193 0.066 -0.180
525.0 50.0 0.191 0.062 -0.181
550.0 0.0 0.149 0.048 -0.198
550.0 25.0 0.079 0.036 -0.228
575.0 25.0 0.024 0.017 -0.252
#average significance: 0.505
