mC1:mN1:nSig:nSigErr:Zn
#Tag: SR_SS_ee_2_opt
#Zjets: 0.000000 +/- 0.000000 (0)
#multitop: 0.000000 +/- 0.000000 (0)
#VVV: 0.202675 +/- 0.057514 (27)
#ttV: 0.256884 +/- 0.039014 (99)
#singletop: 0.333407 +/- 0.213680 (3)
#Wjets: 0.409407 +/- 0.337345 (3)
#Vgamma: 0.671760 +/- 0.322464 (7)
#Higgs: 0.917548 +/- 0.647486 (14)
#ttbar: 2.001537 +/- 0.829482 (6)
#VV: 4.428328 +/- 1.017444 (1106)
#Total BG: 9.221547 +/- 1.552657 (1265)

150.0 0.0 5.486 1.032 0.984
152.5 22.5 3.541 0.746 0.590
162.5 12.5 4.005 0.680 0.687
175.0 0.0 3.083 0.901 0.493
175.0 25.0 1.733 0.468 0.195
177.5 47.5 3.012 0.849 0.478
187.5 12.5 2.382 0.480 0.341
187.5 37.5 1.429 0.376 0.126
190.0 60.0 1.508 0.404 0.144
200.0 0.0 2.319 0.791 0.327
200.0 25.0 3.061 0.699 0.488
200.0 50.0 2.289 0.560 0.320
202.5 72.5 1.673 0.445 0.181
212.5 12.5 2.711 0.688 0.413
212.5 37.5 0.917 0.300 0.006
212.5 62.5 1.667 0.399 0.180
215.0 85.0 1.427 0.398 0.125
225.0 0.0 1.832 0.547 0.218
225.0 25.0 2.373 0.686 0.339
225.0 50.0 1.423 0.462 0.124
225.0 75.0 1.269 0.402 0.089
227.5 97.5 0.962 0.383 0.017
237.5 12.5 1.021 0.358 0.031
237.5 37.5 2.145 0.536 0.288
237.5 62.5 1.357 0.458 0.109
237.5 87.5 1.015 0.324 0.029
240.0 110.0 0.453 0.203 -0.105
250.0 0.0 2.297 0.838 0.322
250.0 25.0 2.075 0.590 0.272
250.0 50.0 0.508 0.254 -0.092
250.0 75.0 1.081 0.543 0.045
250.0 100.0 1.383 0.474 0.115
262.5 12.5 1.299 0.415 0.095
262.5 37.5 1.549 0.607 0.153
262.5 62.5 0.657 0.269 -0.056
262.5 87.5 1.305 0.459 0.097
275.0 0.0 1.013 0.347 0.029
275.0 25.0 0.849 0.337 -0.010
275.0 50.0 2.248 0.587 0.311
275.0 75.0 1.193 0.375 0.071
287.5 12.5 1.393 0.352 0.117
287.5 37.5 1.462 0.413 0.133
287.5 62.5 0.457 0.206 -0.104
300.0 0.0 0.668 0.241 -0.053
300.0 25.0 0.981 0.290 0.021
300.0 50.0 0.969 0.429 0.018
300.0 75.0 0.878 0.273 -0.003
300.0 100.0 1.116 0.326 0.053
312.5 12.5 1.712 0.465 0.191
312.5 37.5 0.494 0.199 -0.095
325.0 0.0 0.725 0.237 -0.040
325.0 25.0 1.037 0.297 0.034
325.0 50.0 0.898 0.233 0.002
325.0 75.0 0.827 0.222 -0.015
325.0 100.0 0.966 0.261 0.018
337.5 12.5 0.582 0.171 -0.074
350.0 0.0 0.592 0.169 -0.071
350.0 25.0 0.812 0.188 -0.019
350.0 50.0 0.379 0.127 -0.123
350.0 75.0 0.379 0.149 -0.123
350.0 100.0 0.325 0.116 -0.136
375.0 0.0 0.644 0.223 -0.059
375.0 25.0 0.463 0.137 -0.103
375.0 50.0 0.528 0.175 -0.087
375.0 75.0 0.387 0.126 -0.121
400.0 0.0 0.567 0.196 -0.077
400.0 25.0 0.412 0.148 -0.115
400.0 50.0 0.879 0.511 -0.003
400.0 75.0 0.270 0.124 -0.149
400.0 100.0 0.251 0.128 -0.154
425.0 0.0 0.324 0.133 -0.136
425.0 25.0 0.247 0.156 -0.155
425.0 50.0 0.242 0.109 -0.156
425.0 75.0 0.312 0.123 -0.139
425.0 100.0 0.144 0.072 -0.180
450.0 0.0 0.284 0.131 -0.146
450.0 25.0 0.339 0.115 -0.132
450.0 50.0 0.304 0.101 -0.141
450.0 75.0 0.324 0.106 -0.136
450.0 100.0 0.270 0.099 -0.149
475.0 0.0 0.217 0.078 -0.162
475.0 25.0 0.126 0.059 -0.185
475.0 50.0 0.099 0.050 -0.191
475.0 75.0 0.214 0.078 -0.163
475.0 100.0 0.124 0.056 -0.185
500.0 0.0 0.100 0.053 -0.191
500.0 25.0 0.184 0.066 -0.170
500.0 50.0 0.119 0.055 -0.186
500.0 75.0 0.334 0.103 -0.134
525.0 0.0 0.068 0.034 -0.199
525.0 25.0 0.071 0.036 -0.198
525.0 50.0 0.083 0.037 -0.195
550.0 0.0 0.160 0.056 -0.176
550.0 25.0 0.124 0.053 -0.185
575.0 25.0 0.059 0.026 -0.201
#average significance: 0.436
