mC1:mN1:nSig:nSigErr:Zn
#Tag: SR_SS_emu_2_opt
#Zjets: 0.000000 +/- 0.000000 (0)
#multitop: 0.000000 +/- 0.000000 (0)
#Vgamma: 0.000000 +/- 0.000000 (0)
#Higgs: 0.007106 +/- 0.004475 (9)
#ttV: 0.054756 +/- 0.017137 (31)
#Wjets: 0.065759 +/- 0.065759 (1)
#VVV: 0.163796 +/- 0.091979 (13)
#ttbar: 0.300477 +/- 0.300477 (1)
#singletop: 0.416387 +/- 0.416387 (1)
#VV: 2.337379 +/- 0.261904 (578)
#Total BG: 3.345661 +/- 0.587670 (634)

150.0 0.0 3.380 0.672 1.157
152.5 22.5 3.940 0.705 1.355
162.5 12.5 5.989 1.157 2.023
175.0 0.0 4.384 0.753 1.507
175.0 25.0 3.860 0.922 1.327
177.5 47.5 3.418 1.198 1.170
187.5 12.5 3.409 0.602 1.167
187.5 37.5 2.824 0.603 0.952
190.0 60.0 1.062 0.319 0.238
200.0 0.0 2.507 0.536 0.831
200.0 25.0 2.348 0.509 0.770
200.0 50.0 1.509 0.444 0.430
202.5 72.5 2.776 0.827 0.934
212.5 12.5 2.552 0.582 0.849
212.5 37.5 2.436 0.555 0.804
212.5 62.5 2.514 0.602 0.834
215.0 85.0 1.034 0.289 0.226
225.0 0.0 2.080 0.710 0.664
225.0 25.0 2.771 0.637 0.932
225.0 50.0 2.703 0.582 0.906
225.0 75.0 1.058 0.422 0.236
227.5 97.5 1.105 0.361 0.257
237.5 12.5 2.637 0.582 0.881
237.5 37.5 3.170 0.780 1.080
237.5 62.5 0.964 0.309 0.194
237.5 87.5 1.580 0.445 0.460
240.0 110.0 0.845 0.289 0.142
250.0 0.0 3.017 0.734 1.024
250.0 25.0 1.441 0.448 0.402
250.0 50.0 1.530 0.446 0.439
250.0 75.0 1.893 0.576 0.589
250.0 100.0 0.736 0.302 0.092
262.5 12.5 3.326 1.600 1.137
262.5 37.5 1.847 0.507 0.570
262.5 62.5 0.859 0.307 0.148
262.5 87.5 2.414 0.737 0.796
275.0 0.0 1.429 0.390 0.397
275.0 25.0 1.747 0.446 0.529
275.0 50.0 0.690 0.268 0.071
275.0 75.0 1.287 0.403 0.336
287.5 12.5 1.265 0.340 0.327
287.5 37.5 1.348 0.391 0.362
287.5 62.5 1.428 0.399 0.396
300.0 0.0 1.525 0.349 0.437
300.0 25.0 1.565 0.386 0.454
300.0 50.0 0.828 0.243 0.134
300.0 75.0 0.835 0.290 0.137
300.0 100.0 0.907 0.274 0.169
312.5 12.5 1.703 0.438 0.511
312.5 37.5 1.344 0.327 0.360
325.0 0.0 1.021 0.278 0.220
325.0 25.0 1.083 0.252 0.247
325.0 50.0 1.282 0.412 0.334
325.0 75.0 0.887 0.325 0.160
325.0 100.0 0.689 0.208 0.071
337.5 12.5 1.302 0.288 0.342
350.0 0.0 0.994 0.375 0.208
350.0 25.0 0.786 0.196 0.115
350.0 50.0 0.620 0.156 0.039
350.0 75.0 0.669 0.225 0.061
350.0 100.0 0.701 0.174 0.076
375.0 0.0 0.869 0.419 0.152
375.0 25.0 0.544 0.148 0.004
375.0 50.0 0.416 0.129 -0.056
375.0 75.0 0.644 0.142 0.050
400.0 0.0 0.579 0.177 0.020
400.0 25.0 0.454 0.168 -0.038
400.0 50.0 0.479 0.153 -0.027
400.0 75.0 0.531 0.163 -0.002
400.0 100.0 0.543 0.164 0.003
425.0 0.0 0.590 0.155 0.025
425.0 25.0 0.328 0.120 -0.098
425.0 50.0 0.397 0.134 -0.065
425.0 75.0 0.129 0.075 -0.194
425.0 100.0 0.339 0.125 -0.093
450.0 0.0 0.434 0.120 -0.048
450.0 25.0 0.204 0.083 -0.158
450.0 50.0 0.318 0.120 -0.103
450.0 75.0 0.224 0.087 -0.148
450.0 100.0 0.277 0.094 -0.123
475.0 0.0 0.325 0.090 -0.099
475.0 25.0 0.283 0.093 -0.120
475.0 50.0 0.250 0.104 -0.136
475.0 75.0 0.582 0.163 0.021
475.0 100.0 0.467 0.111 -0.033
500.0 0.0 0.153 0.059 -0.183
500.0 25.0 0.150 0.054 -0.184
500.0 50.0 0.327 0.086 -0.099
500.0 75.0 0.325 0.104 -0.100
525.0 0.0 0.145 0.054 -0.187
525.0 25.0 0.146 0.049 -0.186
525.0 50.0 0.198 0.063 -0.161
550.0 0.0 0.088 0.036 -0.215
550.0 25.0 0.113 0.045 -0.203
575.0 25.0 0.241 0.059 -0.140
