mC1:mN1:nSig:nSigErr:Zn
#Tag: SR_SS_mumu_2_opt
#Zjets: 0.000000 +/- 0.000000 (0)
#multitop: 0.000000 +/- 0.000000 (0)
#Vgamma: 0.000000 +/- 0.000000 (0)
#ttV: 0.187625 +/- 0.040278 (100)
#singletop: 0.276923 +/- 0.276923 (1)
#VVV: 0.329818 +/- 0.088225 (35)
#Higgs: 1.459047 +/- 0.719423 (19)
#Wjets: 1.873659 +/- 1.622462 (8)
#ttbar: 1.970806 +/- 0.702071 (8)
#VV: 14.338191 +/- 0.736739 (3024)
#Total BG: 20.436068 +/- 2.066817 (3195)

150.0 0.0 8.240 1.478 0.878
152.5 22.5 5.946 0.890 0.601
162.5 12.5 9.968 1.083 1.079
175.0 0.0 7.020 1.467 0.733
175.0 25.0 6.120 1.047 0.623
177.5 47.5 6.494 1.005 0.669
187.5 12.5 6.589 0.943 0.680
187.5 37.5 4.536 0.737 0.424
190.0 60.0 3.901 0.640 0.343
200.0 0.0 5.120 0.846 0.498
200.0 25.0 4.101 0.780 0.369
200.0 50.0 5.207 1.429 0.509
202.5 72.5 2.884 0.597 0.210
212.5 12.5 2.731 0.646 0.190
212.5 37.5 4.528 0.797 0.423
212.5 62.5 4.107 0.705 0.369
215.0 85.0 2.614 0.559 0.174
225.0 0.0 5.348 1.092 0.527
225.0 25.0 1.884 0.517 0.076
225.0 50.0 3.300 0.684 0.265
225.0 75.0 2.721 0.726 0.188
227.5 97.5 1.250 0.487 -0.010
237.5 12.5 3.523 0.751 0.294
237.5 37.5 3.458 0.682 0.285
237.5 62.5 3.048 0.624 0.232
237.5 87.5 1.874 0.438 0.075
240.0 110.0 4.185 1.059 0.379
250.0 0.0 3.947 0.791 0.349
250.0 25.0 2.032 0.552 0.096
250.0 50.0 2.402 0.659 0.146
250.0 75.0 2.808 0.689 0.200
250.0 100.0 1.363 0.444 0.005
262.5 12.5 1.586 0.500 0.036
262.5 37.5 2.636 0.725 0.177
262.5 62.5 2.271 0.539 0.128
262.5 87.5 1.761 0.541 0.060
275.0 0.0 2.557 0.571 0.167
275.0 25.0 2.238 0.493 0.124
275.0 50.0 2.019 0.502 0.094
275.0 75.0 1.384 0.440 0.008
287.5 12.5 2.305 0.564 0.133
287.5 37.5 1.881 0.465 0.076
287.5 62.5 2.232 0.458 0.123
300.0 0.0 1.747 0.412 0.058
300.0 25.0 2.422 0.640 0.149
300.0 50.0 1.615 0.350 0.040
300.0 75.0 1.870 0.700 0.074
300.0 100.0 1.951 0.419 0.085
312.5 12.5 1.535 0.461 0.029
312.5 37.5 1.418 0.349 0.013
325.0 0.0 0.963 0.494 -0.050
325.0 25.0 0.689 0.222 -0.088
325.0 50.0 1.516 0.423 0.026
325.0 75.0 1.358 0.298 0.004
325.0 100.0 1.182 0.333 -0.020
337.5 12.5 0.986 0.245 -0.047
350.0 0.0 1.059 0.432 -0.037
350.0 25.0 0.846 0.206 -0.066
350.0 50.0 1.190 0.272 -0.019
350.0 75.0 0.980 0.244 -0.048
350.0 100.0 0.717 0.175 -0.084
375.0 0.0 0.787 0.234 -0.074
375.0 25.0 0.734 0.246 -0.082
375.0 50.0 0.540 0.135 -0.109
375.0 75.0 0.681 0.162 -0.089
400.0 0.0 0.423 0.150 -0.125
400.0 25.0 0.634 0.220 -0.096
400.0 50.0 0.873 0.242 -0.063
400.0 75.0 0.909 0.255 -0.057
400.0 100.0 0.770 0.297 -0.077
425.0 0.0 0.343 0.115 -0.137
425.0 25.0 0.343 0.115 -0.137
425.0 50.0 0.533 0.158 -0.110
425.0 75.0 0.349 0.118 -0.136
425.0 100.0 0.726 0.292 -0.083
450.0 0.0 0.602 0.143 -0.100
450.0 25.0 0.306 0.102 -0.142
450.0 50.0 0.324 0.113 -0.139
450.0 75.0 0.173 0.081 -0.161
450.0 100.0 0.329 0.126 -0.139
475.0 0.0 0.207 0.073 -0.156
475.0 25.0 0.382 0.130 -0.131
475.0 50.0 0.215 0.086 -0.155
475.0 75.0 0.333 0.099 -0.138
475.0 100.0 0.255 0.097 -0.149
500.0 0.0 0.099 0.044 -0.171
500.0 25.0 0.313 0.090 -0.141
500.0 50.0 0.232 0.070 -0.152
500.0 75.0 0.204 0.065 -0.156
525.0 0.0 0.208 0.065 -0.156
525.0 25.0 0.150 0.054 -0.164
525.0 50.0 0.200 0.061 -0.157
550.0 0.0 0.192 0.054 -0.158
550.0 25.0 0.118 0.042 -0.168
575.0 25.0 0.058 0.026 -0.177
