mC1:mN1:nSig:nSigErr:Zn
#Tag: SR_SS_emu_2_opt
#multitop: 0.000000 +/- 0.000000 (0)
#Vgamma: 0.000000 +/- 0.000000 (0)
#Higgs: 0.010522 +/- 0.006316 (13)
#Wjets: 0.073295 +/- 0.094306 (3)
#singletop: 0.109365 +/- 0.109365 (1)
#VVV: 0.118544 +/- 0.034312 (20)
#ttV: 0.118990 +/- 0.028893 (46)
#charge flip: 0.357486 +/- 0.041044 (527)
#VV: 3.516039 +/- 0.396305 (846)
#Total BG: 4.304240 +/- 0.426203 (1456)

150.0 0.0 7.212 1.461 2.211
152.5 22.5 7.249 1.007 2.221
162.5 12.5 4.471 0.718 1.406
175.0 0.0 4.984 0.801 1.564
175.0 25.0 5.172 1.051 1.622
177.5 47.5 2.832 0.658 0.865
187.5 12.5 4.668 0.733 1.467
187.5 37.5 4.171 1.015 1.310
190.0 60.0 1.987 0.485 0.564
200.0 0.0 3.017 0.583 0.929
200.0 25.0 2.691 0.545 0.816
200.0 50.0 1.920 0.490 0.540
202.5 72.5 4.137 0.947 1.300
212.5 12.5 2.893 0.654 0.887
212.5 37.5 3.543 1.058 1.106
212.5 62.5 3.442 0.684 1.072
215.0 85.0 1.233 0.315 0.279
225.0 0.0 2.201 0.619 0.642
225.0 25.0 2.991 0.654 0.920
225.0 50.0 3.057 0.620 0.943
225.0 75.0 1.557 0.658 0.404
227.5 97.5 1.651 0.535 0.439
237.5 12.5 2.002 0.518 0.570
237.5 37.5 3.553 0.804 1.109
237.5 62.5 1.023 0.313 0.197
237.5 87.5 2.227 0.503 0.651
240.0 110.0 0.826 0.272 0.118
250.0 0.0 3.521 0.824 1.099
250.0 25.0 1.571 0.466 0.409
250.0 50.0 1.409 0.428 0.347
250.0 75.0 2.105 0.611 0.607
250.0 100.0 0.888 0.343 0.143
262.5 12.5 3.387 1.600 1.054
262.5 37.5 2.164 0.538 0.629
262.5 62.5 0.838 0.329 0.123
262.5 87.5 2.642 0.755 0.799
275.0 0.0 1.694 0.419 0.455
275.0 25.0 2.028 0.475 0.579
275.0 50.0 0.772 0.281 0.096
275.0 75.0 1.413 0.422 0.349
287.5 12.5 1.391 0.350 0.340
287.5 37.5 1.425 0.410 0.353
287.5 62.5 1.875 0.440 0.523
300.0 0.0 1.775 0.381 0.486
300.0 25.0 2.100 0.450 0.606
300.0 50.0 1.114 0.302 0.233
300.0 75.0 0.759 0.279 0.091
300.0 100.0 0.972 0.283 0.177
312.5 12.5 1.360 0.330 0.329
312.5 37.5 1.277 0.320 0.296
325.0 0.0 1.398 0.340 0.343
325.0 25.0 1.067 0.258 0.214
325.0 50.0 1.333 0.415 0.318
325.0 75.0 1.087 0.339 0.222
325.0 100.0 0.851 0.241 0.128
337.5 12.5 1.385 0.297 0.338
350.0 0.0 1.126 0.383 0.237
350.0 25.0 0.720 0.185 0.075
350.0 50.0 0.724 0.167 0.077
350.0 75.0 0.823 0.378 0.117
350.0 100.0 0.556 0.158 0.008
375.0 0.0 0.660 0.401 0.051
375.0 25.0 0.536 0.146 -0.000
375.0 50.0 0.475 0.135 -0.025
375.0 75.0 0.754 0.157 0.089
400.0 0.0 0.422 0.151 -0.048
400.0 25.0 0.407 0.162 -0.054
400.0 50.0 0.472 0.150 -0.027
400.0 75.0 0.669 0.181 0.055
400.0 100.0 0.496 0.157 -0.017
425.0 0.0 0.622 0.159 0.035
425.0 25.0 0.380 0.132 -0.065
425.0 50.0 0.482 0.148 -0.022
425.0 75.0 0.126 0.073 -0.173
425.0 100.0 0.339 0.125 -0.082
450.0 0.0 0.433 0.120 -0.043
450.0 25.0 0.102 0.059 -0.183
450.0 50.0 0.319 0.120 -0.091
450.0 75.0 0.252 0.091 -0.119
450.0 100.0 0.304 0.098 -0.097
475.0 0.0 0.271 0.082 -0.111
475.0 25.0 0.205 0.081 -0.139
475.0 50.0 0.311 0.113 -0.094
475.0 75.0 0.651 0.170 0.047
475.0 100.0 0.457 0.109 -0.033
500.0 0.0 0.155 0.060 -0.161
500.0 25.0 0.197 0.064 -0.143
500.0 50.0 0.352 0.090 -0.077
500.0 75.0 0.277 0.098 -0.108
525.0 0.0 0.129 0.052 -0.172
525.0 25.0 0.131 0.047 -0.171
525.0 50.0 0.247 0.072 -0.121
550.0 0.0 0.054 0.027 -0.204
550.0 25.0 0.097 0.042 -0.185
575.0 25.0 0.227 0.057 -0.130
#average significance: 1.416
