mC1:mN1:nSig:nSigErr:Zn
#Tag: SR_SS_mumu_2_opt
#multitop: 0.000000 +/- 0.000000 (0)
#Vgamma: 0.000000 +/- 0.000000 (0)
#Wjets: 0.101438 +/- 0.101438 (1)
#singletop: 0.138648 +/- 0.138648 (1)
#VVV: 0.204340 +/- 0.078519 (15)
#ttV: 0.223668 +/- 0.040701 (101)
#Higgs: 0.398010 +/- 0.393051 (15)
#VV: 4.997863 +/- 0.357153 (1234)
#Total BG: 6.063968 +/- 0.565139 (1367)

150.0 0.0 5.553 1.004 1.430
152.5 22.5 4.139 0.810 1.057
162.5 12.5 4.454 0.702 1.142
175.0 0.0 5.173 1.397 1.332
175.0 25.0 4.077 0.844 1.039
177.5 47.5 3.289 0.755 0.820
187.5 12.5 4.774 0.875 1.227
187.5 37.5 3.255 0.624 0.810
190.0 60.0 2.391 0.515 0.558
200.0 0.0 3.281 0.670 0.817
200.0 25.0 3.116 0.691 0.770
200.0 50.0 2.000 0.547 0.440
202.5 72.5 1.866 0.504 0.399
212.5 12.5 2.873 0.654 0.700
212.5 37.5 3.116 0.659 0.770
212.5 62.5 2.094 0.475 0.469
215.0 85.0 1.012 0.382 0.129
225.0 0.0 2.932 0.896 0.717
225.0 25.0 2.345 0.586 0.544
225.0 50.0 3.146 0.738 0.779
225.0 75.0 2.136 0.678 0.482
227.5 97.5 1.660 0.560 0.335
237.5 12.5 2.958 0.676 0.725
237.5 37.5 2.826 0.618 0.686
237.5 62.5 2.344 0.563 0.544
237.5 87.5 1.362 0.372 0.242
240.0 110.0 2.529 0.947 0.599
250.0 0.0 3.266 0.838 0.813
250.0 25.0 1.469 0.469 0.275
250.0 50.0 3.011 1.060 0.740
250.0 75.0 1.356 0.499 0.240
250.0 100.0 0.739 0.308 0.040
262.5 12.5 1.012 0.414 0.129
262.5 37.5 1.555 0.599 0.302
262.5 62.5 1.764 0.536 0.367
262.5 87.5 1.004 0.368 0.127
275.0 0.0 1.876 0.482 0.402
275.0 25.0 1.772 0.444 0.370
275.0 50.0 1.845 0.472 0.393
275.0 75.0 1.104 0.352 0.159
287.5 12.5 1.253 0.358 0.207
287.5 37.5 1.273 0.402 0.213
287.5 62.5 2.103 0.454 0.471
300.0 0.0 1.301 0.349 0.222
300.0 25.0 1.922 0.592 0.416
300.0 50.0 1.792 0.371 0.376
300.0 75.0 1.798 0.697 0.378
300.0 100.0 1.183 0.345 0.184
312.5 12.5 1.532 0.458 0.295
312.5 37.5 1.262 0.337 0.210
325.0 0.0 1.192 0.525 0.187
325.0 25.0 1.407 0.567 0.256
325.0 50.0 1.423 0.463 0.261
325.0 75.0 1.281 0.286 0.216
325.0 100.0 1.113 0.364 0.162
337.5 12.5 0.887 0.229 0.089
350.0 0.0 0.645 0.195 0.009
350.0 25.0 0.640 0.177 0.007
350.0 50.0 0.831 0.238 0.070
350.0 75.0 1.047 0.266 0.141
350.0 100.0 0.485 0.149 -0.045
375.0 0.0 0.495 0.194 -0.041
375.0 25.0 0.701 0.243 0.028
375.0 50.0 0.460 0.145 -0.053
375.0 75.0 0.972 0.396 0.117
400.0 0.0 0.528 0.167 -0.030
400.0 25.0 0.378 0.135 -0.081
400.0 50.0 0.780 0.260 0.053
400.0 75.0 0.884 0.250 0.088
400.0 100.0 0.235 0.121 -0.129
425.0 0.0 0.441 0.150 -0.060
425.0 25.0 0.302 0.107 -0.106
425.0 50.0 0.330 0.127 -0.097
425.0 75.0 0.389 0.134 -0.077
425.0 100.0 0.497 0.185 -0.041
450.0 0.0 0.520 0.131 -0.033
450.0 25.0 0.278 0.099 -0.115
450.0 50.0 0.292 0.108 -0.110
450.0 75.0 0.222 0.097 -0.134
450.0 100.0 0.359 0.136 -0.087
475.0 0.0 0.108 0.054 -0.173
475.0 25.0 0.364 0.129 -0.085
475.0 50.0 0.273 0.104 -0.117
475.0 75.0 0.240 0.087 -0.128
475.0 100.0 0.168 0.070 -0.152
500.0 0.0 0.221 0.092 -0.134
500.0 25.0 0.273 0.081 -0.116
500.0 50.0 0.196 0.066 -0.143
500.0 75.0 0.323 0.086 -0.099
525.0 0.0 0.145 0.054 -0.160
525.0 25.0 0.183 0.059 -0.147
525.0 50.0 0.263 0.072 -0.120
550.0 0.0 0.175 0.051 -0.150
550.0 25.0 0.054 0.027 -0.192
575.0 25.0 0.059 0.027 -0.190
#average significance: 1.023
