mC1:mN1:nSig:nSigErr:Zn
#Tag: SR_SS_ee_1_opt
#multitop: 0.000000 +/- 0.000000 (0)
#ttV: 0.062772 +/- 0.020917 (18)
#VVV: 0.129472 +/- 0.037712 (21)
#singletop: 0.274488 +/- 0.274488 (1)
#Higgs: 0.358676 +/- 0.356172 (4)
#charge flip: 0.863496 +/- 0.067837 (546)
#Wjets: 0.985563 +/- 0.719086 (3)
#Vgamma: 1.980757 +/- 1.282446 (5)
#VV: 2.726815 +/- 0.901893 (471)
#Total BG: 7.382040 +/- 1.784328 (1069)

150.0 0.0 3.876 0.841 0.702
152.5 22.5 3.422 0.729 0.601
162.5 12.5 3.702 0.699 0.664
175.0 0.0 2.984 0.706 0.501
175.0 25.0 2.501 0.674 0.389
177.5 47.5 1.421 0.420 0.126
187.5 12.5 1.673 0.505 0.188
187.5 37.5 1.961 0.466 0.259
190.0 60.0 2.177 0.523 0.311
200.0 0.0 2.158 0.554 0.307
200.0 25.0 0.949 0.338 0.006
200.0 50.0 1.723 0.450 0.201
202.5 72.5 1.309 0.611 0.097
212.5 12.5 1.281 0.360 0.090
212.5 37.5 2.135 0.495 0.301
212.5 62.5 1.485 0.425 0.142
215.0 85.0 2.087 0.870 0.290
225.0 0.0 2.072 0.572 0.286
225.0 25.0 1.528 0.470 0.152
225.0 50.0 1.023 0.363 0.024
225.0 75.0 1.485 0.461 0.142
227.5 97.5 1.334 0.593 0.104
237.5 12.5 1.412 0.455 0.123
237.5 37.5 1.004 0.338 0.020
237.5 62.5 1.422 0.431 0.126
237.5 87.5 0.931 0.323 0.001
240.0 110.0 0.415 0.209 -0.135
250.0 0.0 1.703 0.674 0.196
250.0 25.0 0.839 0.392 -0.023
250.0 50.0 1.849 0.749 0.232
250.0 75.0 0.253 0.179 -0.178
250.0 100.0 1.100 0.436 0.044
262.5 12.5 0.994 0.391 0.017
262.5 37.5 0.671 0.302 -0.067
262.5 62.5 1.375 0.437 0.114
262.5 87.5 0.578 0.314 -0.091
275.0 0.0 1.774 0.525 0.213
275.0 25.0 0.787 0.281 -0.037
275.0 50.0 0.652 0.281 -0.072
275.0 75.0 1.202 0.512 0.070
287.5 12.5 0.976 0.587 0.013
287.5 37.5 1.817 0.838 0.224
287.5 62.5 0.983 0.568 0.014
300.0 0.0 0.792 0.278 -0.035
300.0 25.0 0.177 0.127 -0.199
300.0 50.0 0.923 0.258 -0.001
300.0 75.0 1.444 0.438 0.131
300.0 100.0 0.439 0.201 -0.128
312.5 12.5 0.907 0.253 -0.005
312.5 37.5 0.695 0.229 -0.061
325.0 0.0 0.702 0.205 -0.059
325.0 25.0 0.588 0.187 -0.089
325.0 50.0 0.835 0.267 -0.024
325.0 75.0 0.423 0.150 -0.133
325.0 100.0 0.569 0.181 -0.094
337.5 12.5 1.003 0.490 0.019
350.0 0.0 0.583 0.191 -0.090
350.0 25.0 0.721 0.339 -0.054
350.0 50.0 0.945 0.376 0.004
350.0 75.0 0.634 0.211 -0.077
350.0 100.0 0.297 0.113 -0.166
375.0 0.0 0.124 0.088 -0.213
375.0 25.0 0.304 0.109 -0.164
375.0 50.0 0.312 0.105 -0.162
375.0 75.0 0.240 0.091 -0.182
400.0 0.0 0.361 0.169 -0.149
400.0 25.0 0.341 0.143 -0.155
400.0 50.0 0.593 0.217 -0.088
400.0 75.0 0.575 0.255 -0.092
400.0 100.0 0.455 0.275 -0.124
425.0 0.0 0.433 0.177 -0.130
425.0 25.0 0.430 0.207 -0.131
425.0 50.0 0.420 0.146 -0.134
425.0 75.0 0.118 0.068 -0.215
425.0 100.0 0.039 0.039 -0.237
450.0 0.0 0.000 0.000 -0.247
450.0 25.0 0.140 0.070 -0.209
450.0 50.0 0.101 0.101 -0.219
450.0 75.0 0.232 0.089 -0.184
450.0 100.0 0.259 0.092 -0.177
475.0 0.0 0.215 0.085 -0.189
475.0 25.0 0.179 0.068 -0.198
475.0 50.0 0.048 0.034 -0.234
475.0 75.0 0.187 0.071 -0.196
475.0 100.0 0.213 0.075 -0.189
500.0 0.0 0.044 0.031 -0.235
500.0 25.0 0.148 0.062 -0.207
500.0 50.0 0.118 0.053 -0.215
500.0 75.0 0.079 0.048 -0.226
525.0 0.0 0.032 0.023 -0.238
525.0 25.0 0.176 0.064 -0.199
525.0 50.0 0.173 0.059 -0.200
550.0 0.0 0.113 0.040 -0.216
550.0 25.0 0.060 0.031 -0.231
575.0 25.0 0.012 0.012 -0.244
#average significance: 0.405
