mC1:mN1:nSig:nSigErr:Zn
#Tag: SR_SS_emu_2_pre
#multitop: 0.000873 +/- 0.000438 (4)
#singletop: 4.504965 +/- 1.097819 (34)
#VVV: 5.524547 +/- 0.279397 (1080)
#ttV: 7.747451 +/- 0.250025 (3158)
#Higgs: 27.387550 +/- 3.643723 (397)
#charge flip: 28.981356 +/- 0.366237 (33490)
#Vgamma: 177.947444 +/- 13.158731 (690)
#Wjets: 192.186476 +/- 76.464783 (696)
#VV: 549.830395 +/- 4.903205 (142285)
#Total BG: 994.111057 +/- 77.838380 (181834)

150.0 0.0 97.707 4.408 0.190
152.5 22.5 89.570 4.165 0.161
162.5 12.5 68.655 3.102 0.084
175.0 0.0 56.435 3.683 0.039
175.0 25.0 53.962 3.065 0.030
177.5 47.5 58.741 3.617 0.048
187.5 12.5 45.767 2.468 -0.001
187.5 37.5 46.558 2.836 0.002
190.0 60.0 39.886 2.383 -0.023
200.0 0.0 36.338 2.583 -0.036
200.0 25.0 34.379 2.289 -0.043
200.0 50.0 34.825 2.283 -0.042
202.5 72.5 36.078 2.607 -0.037
212.5 12.5 32.140 2.078 -0.052
212.5 37.5 27.876 2.088 -0.068
212.5 62.5 32.227 2.182 -0.051
215.0 85.0 25.453 1.672 -0.077
225.0 0.0 24.252 2.099 -0.081
225.0 25.0 25.934 2.561 -0.075
225.0 50.0 24.858 2.066 -0.079
225.0 75.0 22.016 1.951 -0.090
227.5 97.5 23.218 2.138 -0.085
237.5 12.5 21.734 1.960 -0.091
237.5 37.5 21.438 1.766 -0.092
237.5 62.5 18.183 1.620 -0.104
237.5 87.5 18.746 1.558 -0.102
240.0 110.0 17.945 1.524 -0.105
250.0 0.0 19.821 2.263 -0.098
250.0 25.0 15.701 1.638 -0.114
250.0 50.0 16.159 1.993 -0.112
250.0 75.0 19.124 1.991 -0.101
250.0 100.0 16.578 1.713 -0.111
262.5 12.5 16.047 2.123 -0.113
262.5 37.5 17.453 1.553 -0.107
262.5 62.5 14.189 1.685 -0.120
262.5 87.5 12.227 1.362 -0.127
275.0 0.0 12.890 1.285 -0.125
275.0 25.0 11.411 1.273 -0.130
275.0 50.0 12.457 1.471 -0.126
275.0 75.0 11.098 1.250 -0.131
287.5 12.5 12.505 1.535 -0.126
287.5 37.5 11.596 1.143 -0.130
287.5 62.5 11.890 1.322 -0.128
300.0 0.0 9.626 1.077 -0.137
300.0 25.0 10.135 1.042 -0.135
300.0 50.0 11.050 1.248 -0.132
300.0 75.0 9.292 0.910 -0.138
300.0 100.0 11.455 1.326 -0.130
312.5 12.5 8.202 0.932 -0.143
312.5 37.5 7.672 0.924 -0.145
325.0 0.0 5.845 0.769 -0.152
325.0 25.0 6.596 0.736 -0.149
325.0 50.0 7.791 0.868 -0.144
325.0 75.0 6.864 0.734 -0.148
325.0 100.0 7.077 0.768 -0.147
337.5 12.5 6.399 0.628 -0.149
350.0 0.0 6.419 0.815 -0.149
350.0 25.0 4.484 0.468 -0.157
350.0 50.0 4.881 0.503 -0.155
350.0 75.0 4.814 0.596 -0.156
350.0 100.0 4.832 0.524 -0.155
375.0 0.0 3.936 0.656 -0.159
375.0 25.0 3.949 0.449 -0.159
375.0 50.0 3.772 0.438 -0.160
375.0 75.0 3.803 0.395 -0.159
400.0 0.0 3.662 0.493 -0.160
400.0 25.0 3.235 0.512 -0.162
400.0 50.0 3.647 0.471 -0.160
400.0 75.0 2.982 0.643 -0.163
400.0 100.0 2.962 0.435 -0.163
425.0 0.0 2.006 0.333 -0.166
425.0 25.0 2.395 0.343 -0.165
425.0 50.0 3.360 0.597 -0.161
425.0 75.0 1.745 0.312 -0.167
425.0 100.0 2.173 0.374 -0.166
450.0 0.0 1.472 0.223 -0.168
450.0 25.0 1.543 0.299 -0.168
450.0 50.0 2.226 0.347 -0.165
450.0 75.0 2.161 0.329 -0.166
450.0 100.0 1.617 0.259 -0.168
475.0 0.0 1.459 0.204 -0.168
475.0 25.0 1.400 0.204 -0.169
475.0 50.0 1.497 0.221 -0.168
475.0 75.0 1.632 0.245 -0.168
475.0 100.0 1.461 0.210 -0.168
500.0 0.0 1.285 0.205 -0.169
500.0 25.0 1.608 0.208 -0.168
500.0 50.0 1.607 0.218 -0.168
500.0 75.0 1.087 0.214 -0.170
525.0 0.0 1.182 0.166 -0.169
525.0 25.0 1.040 0.147 -0.170
525.0 50.0 1.126 0.152 -0.170
550.0 0.0 0.658 0.109 -0.171
550.0 25.0 0.799 0.154 -0.171
575.0 25.0 0.652 0.095 -0.171
#average significance: 0.050
