mC1:mN1:nSig:nSigErr:Zn
#Tag: SR_SS_mumu_1_opt
#multitop: 0.000000 +/- 0.000000 (0)
#Vgamma: 0.000000 +/- 0.000000 (0)
#Wjets: 0.054596 +/- 0.054596 (1)
#ttV: 0.069531 +/- 0.024287 (25)
#VVV: 0.206294 +/- 0.047346 (29)
#singletop: 0.258172 +/- 0.258172 (1)
#Higgs: 0.404254 +/- 0.404254 (1)
#VV: 5.768408 +/- 0.594799 (876)
#Total BG: 6.761255 +/- 0.767901 (933)

150.0 0.0 4.868 0.845 1.149
152.5 22.5 4.412 0.844 1.036
162.5 12.5 3.265 0.693 0.739
175.0 0.0 3.509 0.765 0.803
175.0 25.0 3.513 0.706 0.804
177.5 47.5 2.725 0.594 0.593
187.5 12.5 2.647 0.606 0.572
187.5 37.5 3.874 0.775 0.898
190.0 60.0 2.315 0.560 0.480
200.0 0.0 2.670 0.562 0.578
200.0 25.0 3.304 0.676 0.749
200.0 50.0 1.880 0.477 0.358
202.5 72.5 1.810 0.487 0.337
212.5 12.5 3.415 0.702 0.779
212.5 37.5 1.266 0.356 0.179
212.5 62.5 1.098 0.319 0.129
215.0 85.0 1.158 0.339 0.147
225.0 0.0 3.499 0.747 0.801
225.0 25.0 2.069 0.523 0.411
225.0 50.0 2.314 0.596 0.480
225.0 75.0 1.036 0.370 0.111
227.5 97.5 1.096 0.472 0.129
237.5 12.5 3.775 1.180 0.873
237.5 37.5 2.021 0.506 0.398
237.5 62.5 2.561 0.542 0.548
237.5 87.5 0.709 0.305 0.012
240.0 110.0 0.884 0.489 0.065
250.0 0.0 1.269 0.430 0.180
250.0 25.0 2.794 1.035 0.612
250.0 50.0 2.532 0.666 0.541
250.0 75.0 1.478 0.510 0.241
250.0 100.0 1.730 0.640 0.315
262.5 12.5 2.195 0.583 0.447
262.5 37.5 1.955 0.520 0.379
262.5 62.5 1.256 0.433 0.176
262.5 87.5 1.877 0.527 0.357
275.0 0.0 1.483 0.449 0.243
275.0 25.0 0.474 0.249 -0.061
275.0 50.0 1.170 0.360 0.151
275.0 75.0 1.234 0.347 0.170
287.5 12.5 0.972 0.295 0.091
287.5 37.5 1.793 0.479 0.333
287.5 62.5 1.319 0.360 0.195
300.0 0.0 1.123 0.318 0.137
300.0 25.0 1.580 0.378 0.271
300.0 50.0 0.882 0.257 0.064
300.0 75.0 1.496 0.484 0.247
300.0 100.0 1.470 0.403 0.239
312.5 12.5 0.974 0.432 0.092
312.5 37.5 0.817 0.255 0.044
325.0 0.0 1.273 0.313 0.181
325.0 25.0 0.619 0.203 -0.016
325.0 50.0 1.131 0.390 0.139
325.0 75.0 0.665 0.195 -0.002
325.0 100.0 0.721 0.214 0.015
337.5 12.5 0.794 0.230 0.038
350.0 0.0 0.521 0.173 -0.046
350.0 25.0 0.934 0.290 0.080
350.0 50.0 0.610 0.191 -0.019
350.0 75.0 0.306 0.132 -0.113
350.0 100.0 0.597 0.155 -0.023
375.0 0.0 1.011 0.403 0.103
375.0 25.0 0.459 0.138 -0.065
375.0 50.0 0.329 0.115 -0.106
375.0 75.0 0.395 0.143 -0.085
400.0 0.0 0.215 0.107 -0.142
400.0 25.0 0.096 0.068 -0.180
400.0 50.0 0.351 0.134 -0.099
400.0 75.0 0.578 0.203 -0.029
400.0 100.0 0.530 0.161 -0.043
425.0 0.0 0.416 0.180 -0.079
425.0 25.0 0.248 0.103 -0.131
425.0 50.0 0.281 0.107 -0.121
425.0 75.0 0.433 0.172 -0.073
425.0 100.0 0.902 0.409 0.070
450.0 0.0 0.186 0.087 -0.151
450.0 25.0 0.421 0.122 -0.077
450.0 50.0 0.207 0.085 -0.144
450.0 75.0 0.346 0.111 -0.101
450.0 100.0 0.125 0.061 -0.170
475.0 0.0 0.303 0.110 -0.114
475.0 25.0 0.367 0.162 -0.094
475.0 50.0 0.249 0.091 -0.131
475.0 75.0 0.398 0.110 -0.084
475.0 100.0 0.125 0.065 -0.170
500.0 0.0 0.169 0.060 -0.156
500.0 25.0 0.326 0.089 -0.107
500.0 50.0 0.169 0.063 -0.156
500.0 75.0 0.318 0.092 -0.109
525.0 0.0 0.138 0.053 -0.166
525.0 25.0 0.112 0.046 -0.175
525.0 50.0 0.204 0.077 -0.146
550.0 0.0 0.118 0.047 -0.173
550.0 25.0 0.305 0.141 -0.113
575.0 25.0 0.025 0.018 -0.202
#average significance: 0.765
