mC1:mN1:nSig:nSigErr:Zn
#Tag: SR_SS_mumu_1_pre
#multitop: 0.000000 +/- 0.000000 (0)
#Vgamma: 0.000000 +/- 0.000000 (0)
#ttV: 0.642968 +/- 0.065700 (219)
#VVV: 3.239846 +/- 0.204705 (558)
#singletop: 4.274293 +/- 1.114360 (24)
#Higgs: 13.056766 +/- 2.332374 (53)
#Wjets: 70.328256 +/- 21.240156 (172)
#VV: 273.201006 +/- 4.447218 (39240)
#Total BG: 364.743134 +/- 21.855204 (40266)

150.0 0.0 49.076 3.145 0.325
152.5 22.5 42.891 2.721 0.265
162.5 12.5 37.341 2.300 0.210
175.0 0.0 26.036 2.045 0.098
175.0 25.0 24.242 2.031 0.079
177.5 47.5 24.658 1.977 0.084
187.5 12.5 18.587 1.606 0.022
187.5 37.5 23.263 1.817 0.070
190.0 60.0 18.465 1.723 0.021
200.0 0.0 12.855 1.445 -0.037
200.0 25.0 18.663 1.720 0.023
200.0 50.0 17.262 2.107 0.008
202.5 72.5 15.990 1.628 -0.005
212.5 12.5 14.154 1.668 -0.023
212.5 37.5 12.024 1.247 -0.045
212.5 62.5 13.004 1.271 -0.035
215.0 85.0 11.292 1.091 -0.053
225.0 0.0 12.063 1.533 -0.045
225.0 25.0 10.925 1.699 -0.057
225.0 50.0 12.314 1.788 -0.042
225.0 75.0 9.668 1.272 -0.070
227.5 97.5 9.824 1.265 -0.068
237.5 12.5 9.154 1.454 -0.075
237.5 37.5 9.853 1.231 -0.068
237.5 62.5 10.110 1.085 -0.065
237.5 87.5 8.845 1.181 -0.078
240.0 110.0 9.916 1.433 -0.067
250.0 0.0 6.210 1.243 -0.106
250.0 25.0 8.509 1.906 -0.082
250.0 50.0 8.674 1.198 -0.080
250.0 75.0 6.326 1.040 -0.104
250.0 100.0 9.247 1.309 -0.074
262.5 12.5 4.670 0.851 -0.122
262.5 37.5 6.863 0.945 -0.099
262.5 62.5 5.965 0.913 -0.108
262.5 87.5 6.175 0.913 -0.106
275.0 0.0 4.634 0.803 -0.122
275.0 25.0 2.829 0.558 -0.141
275.0 50.0 5.528 0.866 -0.113
275.0 75.0 4.367 0.690 -0.125
287.5 12.5 4.667 0.850 -0.122
287.5 37.5 5.622 0.944 -0.112
287.5 62.5 6.028 0.800 -0.108
300.0 0.0 2.638 0.472 -0.143
300.0 25.0 4.305 0.740 -0.126
300.0 50.0 3.400 0.531 -0.135
300.0 75.0 5.075 0.857 -0.118
300.0 100.0 3.881 0.600 -0.130
312.5 12.5 2.884 0.577 -0.140
312.5 37.5 4.094 0.615 -0.128
325.0 0.0 3.172 0.471 -0.137
325.0 25.0 3.290 0.515 -0.136
325.0 50.0 3.025 0.523 -0.139
325.0 75.0 2.396 0.372 -0.146
325.0 100.0 3.166 0.572 -0.138
337.5 12.5 2.266 0.643 -0.147
350.0 0.0 1.974 0.360 -0.150
350.0 25.0 2.060 0.387 -0.149
350.0 50.0 1.609 0.277 -0.154
350.0 75.0 1.981 0.515 -0.150
350.0 100.0 2.303 0.361 -0.147
375.0 0.0 1.640 0.466 -0.154
375.0 25.0 1.434 0.285 -0.156
375.0 50.0 1.221 0.227 -0.158
375.0 75.0 1.466 0.246 -0.155
400.0 0.0 0.631 0.213 -0.164
400.0 25.0 0.712 0.201 -0.163
400.0 50.0 0.847 0.207 -0.162
400.0 75.0 1.362 0.288 -0.156
400.0 100.0 1.345 0.297 -0.157
425.0 0.0 1.080 0.280 -0.159
425.0 25.0 1.015 0.251 -0.160
425.0 50.0 0.745 0.187 -0.163
425.0 75.0 1.172 0.258 -0.158
425.0 100.0 1.620 0.453 -0.154
450.0 0.0 0.585 0.179 -0.165
450.0 25.0 0.753 0.161 -0.163
450.0 50.0 0.700 0.179 -0.163
450.0 75.0 0.871 0.183 -0.162
450.0 100.0 0.494 0.152 -0.166
475.0 0.0 0.859 0.186 -0.162
475.0 25.0 0.632 0.183 -0.164
475.0 50.0 0.575 0.137 -0.165
475.0 75.0 0.773 0.158 -0.163
475.0 100.0 0.467 0.172 -0.166
500.0 0.0 0.309 0.083 -0.168
500.0 25.0 0.597 0.138 -0.165
500.0 50.0 0.426 0.101 -0.166
500.0 75.0 0.544 0.125 -0.165
525.0 0.0 0.528 0.140 -0.165
525.0 25.0 0.304 0.075 -0.168
525.0 50.0 0.405 0.104 -0.167
550.0 0.0 0.316 0.094 -0.167
550.0 25.0 0.522 0.161 -0.165
575.0 25.0 0.156 0.044 -0.169
#average significance: 0.114
