mC1:mN1:nSig:nSigErr:Zn
#Tag: SR_SS_ee_1_pre
#multitop: 0.000000 +/- 0.000000 (0)
#ttV: 0.391007 +/- 0.058742 (137)
#singletop: 1.561066 +/- 0.571556 (10)
#VVV: 2.095896 +/- 0.165902 (325)
#Higgs: 9.826902 +/- 2.298310 (105)
#VV: 217.914223 +/- 5.009122 (28876)
#Vgamma: 242.385849 +/- 13.376917 (768)
#Wjets: 255.071259 +/- 85.080870 (223)
#charge flip: 721.173065 +/- 1.555711 (547800)
#Total BG: 1450.419267 +/- 86.318293 (578244)

150.0 0.0 30.046 2.348 -0.090
152.5 22.5 26.021 2.143 -0.101
162.5 12.5 23.534 1.715 -0.108
175.0 0.0 15.570 1.484 -0.129
175.0 25.0 20.099 2.455 -0.117
177.5 47.5 16.574 1.590 -0.126
187.5 12.5 13.929 1.488 -0.133
187.5 37.5 14.301 1.333 -0.132
190.0 60.0 14.058 1.560 -0.133
200.0 0.0 10.788 1.269 -0.142
200.0 25.0 10.209 1.324 -0.143
200.0 50.0 11.055 1.329 -0.141
202.5 72.5 8.981 1.159 -0.147
212.5 12.5 7.645 0.910 -0.150
212.5 37.5 9.871 1.369 -0.144
212.5 62.5 9.749 1.058 -0.145
215.0 85.0 10.617 1.426 -0.142
225.0 0.0 8.188 1.255 -0.149
225.0 25.0 7.139 1.030 -0.152
225.0 50.0 8.036 1.159 -0.149
225.0 75.0 7.597 1.062 -0.150
227.5 97.5 6.929 1.065 -0.152
237.5 12.5 6.361 1.029 -0.154
237.5 37.5 4.952 0.822 -0.157
237.5 62.5 5.730 0.929 -0.155
237.5 87.5 6.960 1.107 -0.152
240.0 110.0 6.067 0.996 -0.154
250.0 0.0 6.273 1.104 -0.154
250.0 25.0 4.762 0.938 -0.158
250.0 50.0 5.281 1.025 -0.157
250.0 75.0 4.065 0.807 -0.160
250.0 100.0 5.283 0.974 -0.157
262.5 12.5 3.701 0.712 -0.161
262.5 37.5 3.795 0.707 -0.161
262.5 62.5 4.199 0.917 -0.159
262.5 87.5 3.823 0.687 -0.160
275.0 0.0 5.367 0.937 -0.156
275.0 25.0 3.655 0.644 -0.161
275.0 50.0 3.182 0.798 -0.162
275.0 75.0 5.246 0.888 -0.157
287.5 12.5 3.390 0.754 -0.162
287.5 37.5 4.227 0.982 -0.159
287.5 62.5 3.511 0.792 -0.161
300.0 0.0 2.667 0.512 -0.164
300.0 25.0 1.793 0.388 -0.166
300.0 50.0 2.334 0.458 -0.164
300.0 75.0 3.387 0.615 -0.162
300.0 100.0 2.389 0.515 -0.164
312.5 12.5 2.995 0.474 -0.163
312.5 37.5 2.446 0.472 -0.164
325.0 0.0 2.360 0.436 -0.164
325.0 25.0 3.054 0.628 -0.162
325.0 50.0 2.542 0.451 -0.164
325.0 75.0 1.774 0.364 -0.166
325.0 100.0 1.753 0.322 -0.166
337.5 12.5 2.181 0.575 -0.165
350.0 0.0 1.918 0.365 -0.166
350.0 25.0 1.629 0.407 -0.166
350.0 50.0 2.119 0.458 -0.165
350.0 75.0 1.613 0.328 -0.166
350.0 100.0 1.702 0.405 -0.166
375.0 0.0 1.725 0.564 -0.166
375.0 25.0 0.874 0.201 -0.168
375.0 50.0 0.851 0.176 -0.168
375.0 75.0 1.178 0.239 -0.168
400.0 0.0 0.583 0.202 -0.169
400.0 25.0 1.080 0.259 -0.168
400.0 50.0 0.899 0.261 -0.168
400.0 75.0 1.419 0.345 -0.167
400.0 100.0 0.701 0.296 -0.169
425.0 0.0 0.758 0.219 -0.169
425.0 25.0 0.748 0.241 -0.169
425.0 50.0 0.992 0.217 -0.168
425.0 75.0 0.671 0.180 -0.169
425.0 100.0 0.516 0.159 -0.169
450.0 0.0 0.291 0.111 -0.170
450.0 25.0 0.403 0.122 -0.170
450.0 50.0 0.464 0.160 -0.169
450.0 75.0 0.452 0.132 -0.169
450.0 100.0 0.936 0.458 -0.168
475.0 0.0 0.367 0.112 -0.170
475.0 25.0 0.342 0.095 -0.170
475.0 50.0 0.709 0.227 -0.169
475.0 75.0 0.574 0.145 -0.169
475.0 100.0 0.531 0.127 -0.169
500.0 0.0 0.331 0.086 -0.170
500.0 25.0 0.541 0.125 -0.169
500.0 50.0 0.267 0.082 -0.170
500.0 75.0 0.202 0.070 -0.170
525.0 0.0 0.203 0.068 -0.170
525.0 25.0 0.508 0.136 -0.169
525.0 50.0 0.253 0.069 -0.170
550.0 0.0 0.398 0.119 -0.170
550.0 25.0 0.192 0.057 -0.170
575.0 25.0 0.082 0.031 -0.170
#average significance: -0.121
