mC1:mN1:nSig:nSigErr:Zn
#Tag: SR_SS_emu_1_opt
#multitop: 0.000000 +/- 0.000000 (0)
#ttV: 0.079505 +/- 0.022645 (31)
#singletop: 0.236710 +/- 0.236710 (1)
#VVV: 0.468775 +/- 0.076876 (59)
#Vgamma: 0.675428 +/- 0.261623 (13)
#charge flip: 0.849463 +/- 0.057341 (1011)
#Higgs: 1.001944 +/- 0.754071 (7)
#Wjets: 1.697055 +/- 1.060715 (7)
#VV: 9.181009 +/- 0.776827 (1388)
#Total BG: 14.189890 +/- 1.559291 (2517)

150.0 0.0 9.231 1.200 1.317
152.5 22.5 9.303 1.179 1.327
162.5 12.5 7.348 0.954 1.039
175.0 0.0 6.444 1.053 0.901
175.0 25.0 7.535 1.403 1.068
177.5 47.5 5.026 1.063 0.678
187.5 12.5 4.611 0.732 0.611
187.5 37.5 4.946 0.952 0.665
190.0 60.0 4.012 0.668 0.513
200.0 0.0 6.580 1.002 0.922
200.0 25.0 5.810 0.977 0.803
200.0 50.0 3.438 0.660 0.418
202.5 72.5 3.049 0.598 0.352
212.5 12.5 4.248 0.758 0.552
212.5 37.5 4.724 0.814 0.630
212.5 62.5 4.077 0.656 0.524
215.0 85.0 2.707 0.518 0.294
225.0 0.0 2.957 0.687 0.337
225.0 25.0 4.961 1.414 0.668
225.0 50.0 4.626 0.828 0.614
225.0 75.0 2.406 0.595 0.242
227.5 97.5 2.146 0.521 0.197
237.5 12.5 4.040 0.731 0.518
237.5 37.5 3.698 0.803 0.461
237.5 62.5 2.632 0.580 0.281
237.5 87.5 2.419 0.610 0.244
240.0 110.0 1.735 0.444 0.125
250.0 0.0 2.973 0.794 0.339
250.0 25.0 4.003 1.012 0.512
250.0 50.0 2.704 0.780 0.293
250.0 75.0 2.829 0.636 0.315
250.0 100.0 1.848 0.714 0.145
262.5 12.5 2.903 0.649 0.327
262.5 37.5 1.954 0.509 0.163
262.5 62.5 2.632 0.559 0.281
262.5 87.5 1.815 0.469 0.139
275.0 0.0 3.249 0.681 0.386
275.0 25.0 2.551 0.543 0.267
275.0 50.0 1.908 0.568 0.155
275.0 75.0 2.186 0.477 0.204
287.5 12.5 2.350 0.489 0.232
287.5 37.5 2.399 0.806 0.241
287.5 62.5 2.005 0.499 0.172
300.0 0.0 1.704 0.442 0.119
300.0 25.0 2.157 0.539 0.199
300.0 50.0 2.067 0.427 0.183
300.0 75.0 1.850 0.391 0.145
300.0 100.0 1.524 0.356 0.087
312.5 12.5 1.281 0.299 0.044
312.5 37.5 2.184 0.669 0.203
325.0 0.0 2.019 0.382 0.175
325.0 25.0 1.601 0.411 0.101
325.0 50.0 1.040 0.300 0.000
325.0 75.0 1.548 0.321 0.091
325.0 100.0 1.400 0.342 0.065
337.5 12.5 1.532 0.282 0.089
350.0 0.0 1.413 0.391 0.067
350.0 25.0 1.316 0.258 0.050
350.0 50.0 1.425 0.276 0.070
350.0 75.0 1.182 0.254 0.026
350.0 100.0 0.722 0.167 -0.058
375.0 0.0 1.373 0.579 0.060
375.0 25.0 1.600 0.286 0.101
375.0 50.0 0.699 0.163 -0.062
375.0 75.0 1.043 0.202 0.001
400.0 0.0 0.321 0.131 -0.132
400.0 25.0 1.133 0.297 0.017
400.0 50.0 1.033 0.279 -0.001
400.0 75.0 1.213 0.261 0.031
400.0 100.0 1.004 0.250 -0.006
425.0 0.0 0.348 0.117 -0.127
425.0 25.0 0.803 0.219 -0.043
425.0 50.0 0.603 0.220 -0.080
425.0 75.0 0.799 0.189 -0.044
425.0 100.0 0.435 0.132 -0.110
450.0 0.0 0.483 0.136 -0.102
450.0 25.0 0.377 0.124 -0.121
450.0 50.0 0.452 0.139 -0.107
450.0 75.0 0.263 0.098 -0.142
450.0 100.0 0.572 0.137 -0.085
475.0 0.0 0.209 0.078 -0.152
475.0 25.0 0.758 0.188 -0.051
475.0 50.0 0.393 0.102 -0.118
475.0 75.0 0.224 0.075 -0.150
475.0 100.0 0.330 0.097 -0.130
500.0 0.0 0.379 0.103 -0.121
500.0 25.0 0.383 0.111 -0.120
500.0 50.0 0.680 0.233 -0.065
500.0 75.0 0.271 0.085 -0.141
525.0 0.0 0.327 0.089 -0.131
525.0 25.0 0.246 0.067 -0.146
525.0 50.0 0.353 0.080 -0.126
550.0 0.0 0.306 0.071 -0.134
550.0 25.0 0.221 0.060 -0.150
575.0 25.0 0.331 0.111 -0.130
#average significance: 0.904
