mC1:mN1:nSig:nSigErr:Zn
#Tag: SR_SS_ee_2_opt
#multitop: 0.000000 +/- 0.000000 (0)
#singletop: 0.036917 +/- 0.036917 (1)
#VVV: 0.138121 +/- 0.033517 (27)
#ttV: 0.208779 +/- 0.034995 (83)
#Higgs: 0.534670 +/- 0.523077 (11)
#Wjets: 0.568570 +/- 0.584543 (3)
#Vgamma: 0.929367 +/- 0.389322 (7)
#charge flip: 1.118783 +/- 0.068724 (782)
#VV: 3.734533 +/- 0.553328 (958)
#Total BG: 7.269740 +/- 1.039941 (1872)

150.0 0.0 4.490 0.931 0.974
152.5 22.5 3.614 0.778 0.763
162.5 12.5 3.567 0.651 0.751
175.0 0.0 3.545 0.941 0.746
175.0 25.0 1.479 0.432 0.209
177.5 47.5 3.032 0.852 0.618
187.5 12.5 2.745 0.582 0.545
187.5 37.5 1.627 0.418 0.249
190.0 60.0 1.300 0.377 0.159
200.0 0.0 2.431 0.799 0.463
200.0 25.0 3.744 0.810 0.795
200.0 50.0 2.578 0.599 0.501
202.5 72.5 1.432 0.403 0.196
212.5 12.5 2.458 0.653 0.470
212.5 37.5 1.680 0.541 0.264
212.5 62.5 1.651 0.409 0.256
215.0 85.0 1.744 0.467 0.281
225.0 0.0 1.951 0.560 0.337
225.0 25.0 2.420 0.721 0.460
225.0 50.0 1.668 0.534 0.260
225.0 75.0 1.008 0.357 0.078
227.5 97.5 0.841 0.363 0.031
237.5 12.5 1.403 0.406 0.188
237.5 37.5 2.004 0.541 0.351
237.5 62.5 1.574 0.484 0.235
237.5 87.5 1.018 0.325 0.081
240.0 110.0 0.545 0.222 -0.054
250.0 0.0 2.035 0.798 0.359
250.0 25.0 2.743 0.737 0.544
250.0 50.0 0.842 0.420 0.031
250.0 75.0 1.502 0.595 0.215
250.0 100.0 1.409 0.481 0.190
262.5 12.5 1.299 0.415 0.159
262.5 37.5 2.018 0.676 0.355
262.5 62.5 0.554 0.249 -0.052
262.5 87.5 1.463 0.481 0.204
275.0 0.0 0.986 0.339 0.072
275.0 25.0 1.336 0.420 0.169
275.0 50.0 2.116 0.572 0.380
275.0 75.0 1.168 0.369 0.123
287.5 12.5 1.208 0.328 0.134
287.5 37.5 1.141 0.362 0.115
287.5 62.5 0.375 0.189 -0.104
300.0 0.0 0.666 0.241 -0.019
300.0 25.0 0.969 0.287 0.067
300.0 50.0 0.879 0.405 0.041
300.0 75.0 0.870 0.271 0.039
300.0 100.0 1.386 0.353 0.183
312.5 12.5 1.607 0.457 0.244
312.5 37.5 0.800 0.255 0.019
325.0 0.0 1.058 0.287 0.092
325.0 25.0 0.899 0.289 0.047
325.0 50.0 0.746 0.201 0.004
325.0 75.0 0.920 0.242 0.053
325.0 100.0 0.981 0.265 0.070
337.5 12.5 0.582 0.171 -0.044
350.0 0.0 0.558 0.166 -0.050
350.0 25.0 0.903 0.199 0.048
350.0 50.0 0.461 0.140 -0.079
350.0 75.0 0.510 0.183 -0.065
350.0 100.0 0.344 0.123 -0.113
375.0 0.0 0.582 0.214 -0.044
375.0 25.0 0.520 0.143 -0.062
375.0 50.0 0.454 0.167 -0.081
375.0 75.0 0.477 0.136 -0.074
400.0 0.0 0.618 0.203 -0.033
400.0 25.0 0.713 0.232 -0.006
400.0 50.0 0.819 0.507 0.024
400.0 75.0 0.322 0.134 -0.119
400.0 100.0 0.251 0.128 -0.140
425.0 0.0 0.453 0.152 -0.081
425.0 25.0 0.247 0.156 -0.141
425.0 50.0 0.329 0.126 -0.117
425.0 75.0 0.312 0.123 -0.122
425.0 100.0 0.219 0.090 -0.150
450.0 0.0 0.286 0.131 -0.130
450.0 25.0 0.304 0.109 -0.125
450.0 50.0 0.413 0.120 -0.093
450.0 75.0 0.352 0.110 -0.110
450.0 100.0 0.255 0.099 -0.139
475.0 0.0 0.186 0.071 -0.159
475.0 25.0 0.153 0.071 -0.169
475.0 50.0 0.100 0.050 -0.185
475.0 75.0 0.289 0.089 -0.129
475.0 100.0 0.124 0.056 -0.178
500.0 0.0 0.100 0.053 -0.185
500.0 25.0 0.177 0.063 -0.162
500.0 50.0 0.174 0.068 -0.163
500.0 75.0 0.352 0.105 -0.110
525.0 0.0 0.122 0.046 -0.178
525.0 25.0 0.104 0.049 -0.184
525.0 50.0 0.083 0.037 -0.190
550.0 0.0 0.160 0.056 -0.167
550.0 25.0 0.120 0.052 -0.179
575.0 25.0 0.075 0.031 -0.192
#average significance: 0.548
