mC1:mN1:nSig:nSigErr:Zn
#Tag: SR_SS_emu_2_opt
#multitop: 0.000000 +/- 0.000000 (0)
#Zjets: 0.004904 +/- 0.004904 (1)
#Higgs: 0.014788 +/- 0.007963 (21)
#Vgamma: 0.068115 +/- 0.049238 (2)
#Wjets: 0.090438 +/- 0.079085 (2)
#ttbar: 0.264376 +/- 0.264376 (1)
#VVV: 0.292151 +/- 0.060935 (39)
#ttV: 0.294704 +/- 0.039768 (118)
#singletop: 0.416387 +/- 0.416387 (1)
#VV: 3.787783 +/- 0.717548 (1165)
#Total BG: 5.233647 +/- 0.878755 (1350)

150.0 0.0 5.326 1.378 1.413
152.5 22.5 5.018 1.033 1.331
162.5 12.5 4.429 0.724 1.171
175.0 0.0 4.891 0.824 1.297
175.0 25.0 4.829 0.822 1.280
177.5 47.5 3.271 0.701 0.841
187.5 12.5 5.104 0.730 1.354
187.5 37.5 4.532 0.738 1.199
190.0 60.0 1.908 0.544 0.423
200.0 0.0 4.733 0.852 1.254
200.0 25.0 4.425 0.799 1.170
200.0 50.0 3.585 0.749 0.932
202.5 72.5 2.749 0.683 0.685
212.5 12.5 3.995 0.771 1.050
212.5 37.5 4.490 1.094 1.187
212.5 62.5 2.652 0.518 0.655
215.0 85.0 2.049 0.445 0.467
225.0 0.0 3.527 0.845 0.916
225.0 25.0 2.855 0.661 0.717
225.0 50.0 3.933 0.720 1.032
225.0 75.0 1.581 0.552 0.317
227.5 97.5 2.248 0.659 0.530
237.5 12.5 3.165 0.626 0.809
237.5 37.5 4.426 0.873 1.170
237.5 62.5 2.448 0.553 0.593
237.5 87.5 2.077 0.526 0.476
240.0 110.0 0.718 0.277 0.025
250.0 0.0 3.440 0.757 0.890
250.0 25.0 1.832 0.585 0.398
250.0 50.0 2.002 0.596 0.453
250.0 75.0 1.611 0.454 0.326
250.0 100.0 1.320 0.429 0.231
262.5 12.5 4.140 1.644 1.090
262.5 37.5 3.580 0.742 0.931
262.5 62.5 1.417 0.612 0.263
262.5 87.5 2.536 0.617 0.620
275.0 0.0 2.411 0.502 0.581
275.0 25.0 2.612 0.550 0.643
275.0 50.0 2.317 0.539 0.552
275.0 75.0 1.897 0.474 0.419
287.5 12.5 3.342 0.652 0.862
287.5 37.5 3.508 0.699 0.910
287.5 62.5 1.770 0.428 0.378
300.0 0.0 3.736 0.770 0.976
300.0 25.0 3.009 0.546 0.763
300.0 50.0 2.960 0.536 0.748
300.0 75.0 2.154 0.436 0.501
300.0 100.0 2.838 0.726 0.712
312.5 12.5 1.975 0.380 0.444
312.5 37.5 2.569 0.671 0.630
325.0 0.0 1.551 0.347 0.307
325.0 25.0 1.230 0.279 0.200
325.0 50.0 1.968 0.497 0.442
325.0 75.0 1.654 0.385 0.341
325.0 100.0 1.779 0.351 0.381
337.5 12.5 2.255 0.383 0.533
350.0 0.0 2.112 0.445 0.487
350.0 25.0 1.635 0.280 0.334
350.0 50.0 1.664 0.289 0.344
350.0 75.0 1.199 0.265 0.190
350.0 100.0 1.380 0.295 0.251
375.0 0.0 1.590 0.484 0.320
375.0 25.0 1.316 0.242 0.229
375.0 50.0 1.165 0.222 0.179
375.0 75.0 1.169 0.212 0.180
400.0 0.0 1.150 0.250 0.173
400.0 25.0 1.209 0.268 0.193
400.0 50.0 1.863 0.343 0.408
400.0 75.0 0.931 0.260 0.099
400.0 100.0 1.267 0.273 0.213
425.0 0.0 0.791 0.181 0.051
425.0 25.0 0.661 0.205 0.005
425.0 50.0 1.542 0.459 0.304
425.0 75.0 0.420 0.135 -0.081
425.0 100.0 0.694 0.172 0.016
450.0 0.0 0.553 0.137 -0.033
450.0 25.0 0.485 0.139 -0.057
450.0 50.0 1.003 0.253 0.123
450.0 75.0 1.081 0.255 0.150
450.0 100.0 0.815 0.186 0.059
475.0 0.0 0.630 0.132 -0.006
475.0 25.0 0.458 0.119 -0.067
475.0 50.0 0.512 0.122 -0.047
475.0 75.0 0.792 0.180 0.051
475.0 100.0 0.670 0.132 0.008
500.0 0.0 0.520 0.128 -0.045
500.0 25.0 0.634 0.121 -0.005
500.0 50.0 0.513 0.109 -0.047
500.0 75.0 0.590 0.176 -0.020
525.0 0.0 0.452 0.093 -0.069
525.0 25.0 0.358 0.083 -0.102
525.0 50.0 0.560 0.102 -0.030
550.0 0.0 0.359 0.077 -0.102
550.0 25.0 0.321 0.080 -0.116
575.0 25.0 0.408 0.074 -0.085
#average significance: 1.156
