mC1:mN1:nSig:nSigErr:Zn
#Tag: SR_SS_ee_2_opt
#Zjets: 0.000000 +/- 0.000000 (0)
#multitop: 0.000000 +/- 0.000000 (0)
#singletop: 0.161341 +/- 0.161341 (1)
#VVV: 0.184162 +/- 0.046281 (30)
#ttV: 0.248493 +/- 0.037345 (88)
#Higgs: 0.540471 +/- 0.523106 (16)
#Wjets: 0.568570 +/- 0.584543 (3)
#Vgamma: 0.821587 +/- 0.359577 (7)
#ttbar: 1.866709 +/- 0.991098 (5)
#VV: 5.660987 +/- 0.606944 (1238)
#Total BG: 10.052319 +/- 1.457686 (1388)

150.0 0.0 4.959 0.973 0.849
152.5 22.5 5.011 0.888 0.859
162.5 12.5 4.770 0.728 0.813
175.0 0.0 3.230 0.914 0.505
175.0 25.0 2.084 0.511 0.264
177.5 47.5 4.287 1.324 0.718
187.5 12.5 3.393 0.659 0.538
187.5 37.5 2.103 0.471 0.268
190.0 60.0 1.685 0.422 0.177
200.0 0.0 2.859 0.837 0.428
200.0 25.0 3.909 0.825 0.643
200.0 50.0 3.671 0.734 0.595
202.5 72.5 1.522 0.412 0.141
212.5 12.5 3.086 0.704 0.475
212.5 37.5 1.769 0.548 0.195
212.5 62.5 1.858 0.424 0.215
215.0 85.0 2.227 0.517 0.294
225.0 0.0 1.951 0.560 0.235
225.0 25.0 2.421 0.722 0.336
225.0 50.0 2.262 0.598 0.302
225.0 75.0 1.158 0.388 0.060
227.5 97.5 1.179 0.444 0.065
237.5 12.5 1.733 0.449 0.187
237.5 37.5 1.981 0.518 0.241
237.5 62.5 1.453 0.468 0.126
237.5 87.5 1.602 0.422 0.159
240.0 110.0 0.545 0.222 -0.080
250.0 0.0 1.291 0.409 0.090
250.0 25.0 2.636 0.707 0.381
250.0 50.0 1.073 0.450 0.041
250.0 75.0 2.466 0.827 0.345
250.0 100.0 0.921 0.385 0.006
262.5 12.5 1.677 0.475 0.175
262.5 37.5 1.806 0.659 0.203
262.5 62.5 0.657 0.269 -0.054
262.5 87.5 1.612 0.504 0.161
275.0 0.0 1.269 0.378 0.085
275.0 25.0 1.381 0.413 0.110
275.0 50.0 2.540 0.611 0.361
275.0 75.0 1.262 0.357 0.083
287.5 12.5 1.299 0.340 0.091
287.5 37.5 1.361 0.413 0.105
287.5 62.5 0.777 0.261 -0.026
300.0 0.0 1.170 0.334 0.063
300.0 25.0 2.349 0.899 0.320
300.0 50.0 1.234 0.457 0.077
300.0 75.0 0.867 0.270 -0.006
300.0 100.0 1.212 0.336 0.072
312.5 12.5 1.780 0.470 0.198
312.5 37.5 0.999 0.297 0.024
325.0 0.0 1.114 0.292 0.050
325.0 25.0 1.236 0.329 0.078
325.0 50.0 0.868 0.219 -0.006
325.0 75.0 1.025 0.253 0.030
325.0 100.0 1.097 0.278 0.046
337.5 12.5 0.606 0.179 -0.066
350.0 0.0 0.910 0.252 0.004
350.0 25.0 1.005 0.220 0.025
350.0 50.0 0.461 0.140 -0.099
350.0 75.0 0.632 0.196 -0.060
350.0 100.0 0.340 0.121 -0.127
375.0 0.0 0.644 0.223 -0.057
375.0 25.0 0.561 0.148 -0.076
375.0 50.0 0.630 0.185 -0.060
375.0 75.0 0.477 0.136 -0.095
400.0 0.0 0.732 0.233 -0.037
400.0 25.0 0.766 0.238 -0.029
400.0 50.0 0.819 0.507 -0.017
400.0 75.0 0.373 0.144 -0.120
400.0 100.0 0.228 0.140 -0.153
425.0 0.0 0.413 0.147 -0.110
425.0 25.0 0.318 0.164 -0.132
425.0 50.0 0.357 0.128 -0.123
425.0 75.0 0.385 0.133 -0.117
425.0 100.0 0.219 0.090 -0.155
450.0 0.0 0.317 0.135 -0.132
450.0 25.0 0.337 0.114 -0.128
450.0 50.0 0.381 0.116 -0.117
450.0 75.0 0.352 0.110 -0.124
450.0 100.0 0.255 0.099 -0.147
475.0 0.0 0.281 0.090 -0.141
475.0 25.0 0.253 0.095 -0.147
475.0 50.0 0.178 0.067 -0.165
475.0 75.0 0.289 0.089 -0.139
475.0 100.0 0.124 0.056 -0.178
500.0 0.0 0.100 0.053 -0.183
500.0 25.0 0.177 0.063 -0.165
500.0 50.0 0.174 0.068 -0.166
500.0 75.0 0.373 0.107 -0.120
525.0 0.0 0.122 0.046 -0.178
525.0 25.0 0.143 0.056 -0.173
525.0 50.0 0.083 0.037 -0.187
550.0 0.0 0.175 0.058 -0.166
550.0 25.0 0.167 0.058 -0.168
575.0 25.0 0.075 0.031 -0.189
#average significance: 0.542
