mC1:mN1:nSig:nSigErr:Zn
#Tag: SR_SS_mumu_2_opt
#Zjets: 0.000000 +/- 0.000000 (0)
#multitop: 0.000000 +/- 0.000000 (0)
#Vgamma: 0.000000 +/- 0.000000 (0)
#singletop: 0.109258 +/- 0.109258 (1)
#VVV: 0.187524 +/- 0.062882 (25)
#ttbar: 0.288458 +/- 0.288458 (1)
#ttV: 0.347950 +/- 0.048929 (136)
#Higgs: 0.428376 +/- 0.393292 (21)
#Wjets: 0.731014 +/- 0.560715 (2)
#VV: 6.429252 +/- 0.421429 (1695)
#Total BG: 8.521832 +/- 0.864972 (1881)

150.0 0.0 6.733 1.141 1.387
152.5 22.5 6.354 1.067 1.308
162.5 12.5 7.313 1.018 1.505
175.0 0.0 6.819 1.473 1.405
175.0 25.0 5.908 1.120 1.214
177.5 47.5 3.661 0.781 0.718
187.5 12.5 6.463 0.957 1.331
187.5 37.5 4.043 0.668 0.805
190.0 60.0 5.303 1.365 1.085
200.0 0.0 4.177 0.744 0.836
200.0 25.0 4.026 0.782 0.801
200.0 50.0 2.168 0.561 0.362
202.5 72.5 2.880 0.656 0.535
212.5 12.5 3.563 0.700 0.695
212.5 37.5 3.854 0.738 0.762
212.5 62.5 3.106 0.625 0.588
215.0 85.0 1.372 0.399 0.163
225.0 0.0 4.431 1.036 0.893
225.0 25.0 2.827 0.634 0.522
225.0 50.0 3.833 0.791 0.757
225.0 75.0 2.418 0.661 0.423
227.5 97.5 1.502 0.561 0.196
237.5 12.5 3.421 0.718 0.662
237.5 37.5 4.202 0.781 0.841
237.5 62.5 2.905 0.607 0.540
237.5 87.5 1.519 0.407 0.200
240.0 110.0 3.311 1.017 0.636
250.0 0.0 5.077 1.484 1.035
250.0 25.0 2.880 0.725 0.535
250.0 50.0 2.382 0.655 0.415
250.0 75.0 1.849 0.581 0.283
250.0 100.0 1.163 0.394 0.109
262.5 12.5 1.740 0.523 0.256
262.5 37.5 2.401 0.697 0.419
262.5 62.5 2.395 0.604 0.418
262.5 87.5 1.191 0.393 0.116
275.0 0.0 2.666 0.557 0.483
275.0 25.0 1.694 0.463 0.244
275.0 50.0 2.142 0.558 0.356
275.0 75.0 1.616 0.409 0.225
287.5 12.5 1.542 0.421 0.206
287.5 37.5 1.837 0.472 0.280
287.5 62.5 2.331 0.464 0.402
300.0 0.0 1.961 0.436 0.311
300.0 25.0 3.020 0.719 0.568
300.0 50.0 1.851 0.376 0.284
300.0 75.0 1.927 0.702 0.303
300.0 100.0 1.819 0.409 0.276
312.5 12.5 1.717 0.472 0.250
312.5 37.5 1.739 0.378 0.256
325.0 0.0 1.286 0.530 0.141
325.0 25.0 1.532 0.570 0.203
325.0 50.0 1.590 0.469 0.218
325.0 75.0 1.335 0.293 0.153
325.0 100.0 1.717 0.408 0.250
337.5 12.5 1.351 0.280 0.157
350.0 0.0 0.782 0.221 0.010
350.0 25.0 0.729 0.189 -0.004
350.0 50.0 1.000 0.259 0.067
350.0 75.0 1.289 0.293 0.141
350.0 100.0 0.929 0.221 0.048
375.0 0.0 0.783 0.233 0.010
375.0 25.0 0.986 0.261 0.063
375.0 50.0 0.676 0.166 -0.018
375.0 75.0 1.070 0.400 0.085
400.0 0.0 0.582 0.176 -0.043
400.0 25.0 0.539 0.164 -0.055
400.0 50.0 1.025 0.303 0.073
400.0 75.0 0.955 0.259 0.055
400.0 100.0 0.479 0.174 -0.071
425.0 0.0 0.565 0.167 -0.048
425.0 25.0 0.380 0.121 -0.097
425.0 50.0 0.493 0.151 -0.067
425.0 75.0 0.518 0.154 -0.060
425.0 100.0 0.458 0.181 -0.076
450.0 0.0 0.583 0.139 -0.043
450.0 25.0 0.374 0.113 -0.099
450.0 50.0 0.441 0.132 -0.081
450.0 75.0 0.471 0.137 -0.073
450.0 100.0 0.419 0.153 -0.087
475.0 0.0 0.212 0.076 -0.143
475.0 25.0 0.394 0.133 -0.093
475.0 50.0 0.321 0.114 -0.113
475.0 75.0 0.404 0.107 -0.091
475.0 100.0 0.331 0.107 -0.110
500.0 0.0 0.384 0.159 -0.096
500.0 25.0 0.380 0.098 -0.097
500.0 50.0 0.301 0.081 -0.119
500.0 75.0 0.323 0.086 -0.113
525.0 0.0 0.214 0.064 -0.142
525.0 25.0 0.198 0.061 -0.147
525.0 50.0 0.284 0.075 -0.123
550.0 0.0 0.253 0.063 -0.131
550.0 25.0 0.106 0.041 -0.172
575.0 25.0 0.072 0.030 -0.181
#average significance: 1.159
