mC1:mN1:nSig:nSigErr:Zn
#Tag: SR_SS_emu_2_pre
#multitop: 0.000873 +/- 0.000438 (4)
#VVV: 5.524547 +/- 0.279397 (1080)
#ttV: 7.747451 +/- 0.250025 (3158)
#singletop: 8.870611 +/- 1.460928 (61)
#Higgs: 27.387550 +/- 3.643723 (397)
#ttbar: 75.588083 +/- 5.272688 (256)
#Zjets: 116.969752 +/- 23.521205 (489)
#Vgamma: 177.947444 +/- 13.158731 (690)
#Wjets: 192.186476 +/- 76.464783 (696)
#VV: 549.830395 +/- 4.903205 (142285)
#Total BG: 1162.053181 +/- 81.490224 (149116)

150.0 0.0 97.707 4.408 0.144
152.5 22.5 89.570 4.165 0.118
162.5 12.5 68.655 3.102 0.051
175.0 0.0 56.435 3.683 0.012
175.0 25.0 53.962 3.065 0.004
177.5 47.5 58.741 3.617 0.020
187.5 12.5 45.767 2.468 -0.022
187.5 37.5 46.558 2.836 -0.020
190.0 60.0 39.886 2.383 -0.041
200.0 0.0 36.338 2.583 -0.053
200.0 25.0 34.379 2.289 -0.059
200.0 50.0 34.825 2.283 -0.058
202.5 72.5 36.078 2.607 -0.054
212.5 12.5 32.140 2.078 -0.067
212.5 37.5 27.876 2.088 -0.081
212.5 62.5 32.227 2.182 -0.066
215.0 85.0 25.453 1.672 -0.088
225.0 0.0 24.252 2.099 -0.092
225.0 25.0 25.934 2.561 -0.087
225.0 50.0 24.858 2.066 -0.090
225.0 75.0 22.016 1.951 -0.100
227.5 97.5 23.218 2.138 -0.096
237.5 12.5 21.734 1.960 -0.101
237.5 37.5 21.438 1.766 -0.102
237.5 62.5 18.183 1.620 -0.112
237.5 87.5 18.746 1.558 -0.110
240.0 110.0 17.945 1.524 -0.113
250.0 0.0 19.821 2.263 -0.107
250.0 25.0 15.701 1.638 -0.121
250.0 50.0 16.159 1.993 -0.119
250.0 75.0 19.124 1.991 -0.109
250.0 100.0 16.578 1.713 -0.118
262.5 12.5 16.047 2.123 -0.119
262.5 37.5 17.453 1.553 -0.115
262.5 62.5 14.189 1.685 -0.125
262.5 87.5 12.227 1.362 -0.132
275.0 0.0 12.890 1.285 -0.130
275.0 25.0 11.411 1.273 -0.135
275.0 50.0 12.457 1.471 -0.131
275.0 75.0 11.098 1.250 -0.136
287.5 12.5 12.505 1.535 -0.131
287.5 37.5 11.596 1.143 -0.134
287.5 62.5 11.890 1.322 -0.133
300.0 0.0 9.626 1.077 -0.141
300.0 25.0 10.135 1.042 -0.139
300.0 50.0 11.050 1.248 -0.136
300.0 75.0 9.292 0.910 -0.142
300.0 100.0 11.455 1.326 -0.135
312.5 12.5 8.202 0.932 -0.145
312.5 37.5 7.672 0.924 -0.147
325.0 0.0 5.845 0.769 -0.153
325.0 25.0 6.596 0.736 -0.151
325.0 50.0 7.791 0.868 -0.147
325.0 75.0 6.864 0.734 -0.150
325.0 100.0 7.077 0.768 -0.149
337.5 12.5 6.399 0.628 -0.151
350.0 0.0 6.419 0.815 -0.151
350.0 25.0 4.484 0.468 -0.158
350.0 50.0 4.881 0.503 -0.156
350.0 75.0 4.814 0.596 -0.156
350.0 100.0 4.832 0.524 -0.156
375.0 0.0 3.936 0.656 -0.159
375.0 25.0 3.949 0.449 -0.159
375.0 50.0 3.772 0.438 -0.160
375.0 75.0 3.803 0.395 -0.160
400.0 0.0 3.662 0.493 -0.160
400.0 25.0 3.235 0.512 -0.162
400.0 50.0 3.647 0.471 -0.160
400.0 75.0 2.982 0.643 -0.163
400.0 100.0 2.962 0.435 -0.163
425.0 0.0 2.006 0.333 -0.166
425.0 25.0 2.395 0.343 -0.165
425.0 50.0 3.360 0.597 -0.161
425.0 75.0 1.745 0.312 -0.167
425.0 100.0 2.173 0.374 -0.165
450.0 0.0 1.472 0.223 -0.168
450.0 25.0 1.543 0.299 -0.167
450.0 50.0 2.226 0.347 -0.165
450.0 75.0 2.161 0.329 -0.165
450.0 100.0 1.617 0.259 -0.167
475.0 0.0 1.459 0.204 -0.168
475.0 25.0 1.400 0.204 -0.168
475.0 50.0 1.497 0.221 -0.168
475.0 75.0 1.632 0.245 -0.167
475.0 100.0 1.461 0.210 -0.168
500.0 0.0 1.285 0.205 -0.168
500.0 25.0 1.608 0.208 -0.167
500.0 50.0 1.607 0.218 -0.167
500.0 75.0 1.087 0.214 -0.169
525.0 0.0 1.182 0.166 -0.169
525.0 25.0 1.040 0.147 -0.169
525.0 50.0 1.126 0.152 -0.169
550.0 0.0 0.658 0.109 -0.170
550.0 25.0 0.799 0.154 -0.170
575.0 25.0 0.652 0.095 -0.170
#average significance: 0.021
