mC1:mN1:nSig:nSigErr:Zn
#Tag: SR_SS_mumu_1_opt
#Zjets: 0.000000 +/- 0.000000 (0)
#multitop: 0.000000 +/- 0.000000 (0)
#Vgamma: 0.000000 +/- 0.000000 (0)
#ttV: 0.084809 +/- 0.024282 (24)
#singletop: 0.235893 +/- 0.235893 (1)
#Wjets: 0.306715 +/- 0.306715 (1)
#VVV: 0.348792 +/- 0.059303 (52)
#ttbar: 0.380504 +/- 0.380504 (1)
#Higgs: 0.786555 +/- 0.556634 (2)
#VV: 7.485472 +/- 0.786715 (1211)
#Total BG: 9.628738 +/- 1.107868 (1292)

150.0 0.0 8.697 1.209 1.625
152.5 22.5 6.263 0.990 1.170
162.5 12.5 5.049 0.854 0.929
175.0 0.0 4.826 0.872 0.884
175.0 25.0 5.162 0.878 0.952
177.5 47.5 5.659 0.996 1.051
187.5 12.5 3.788 0.691 0.668
187.5 37.5 5.590 0.967 1.038
190.0 60.0 4.057 0.916 0.725
200.0 0.0 3.524 0.695 0.612
200.0 25.0 3.190 0.636 0.540
200.0 50.0 4.210 0.903 0.757
202.5 72.5 1.845 0.453 0.241
212.5 12.5 3.994 0.685 0.712
212.5 37.5 3.227 0.711 0.548
212.5 62.5 2.151 0.538 0.310
215.0 85.0 2.804 0.544 0.456
225.0 0.0 4.030 0.822 0.719
225.0 25.0 2.485 0.603 0.385
225.0 50.0 3.391 0.764 0.583
225.0 75.0 2.665 0.641 0.425
227.5 97.5 1.251 0.379 0.103
237.5 12.5 3.526 1.172 0.612
237.5 37.5 2.923 0.662 0.482
237.5 62.5 2.971 0.580 0.492
237.5 87.5 1.783 0.467 0.226
240.0 110.0 2.106 0.831 0.300
250.0 0.0 1.510 0.461 0.163
250.0 25.0 2.560 0.993 0.402
250.0 50.0 2.060 0.604 0.290
250.0 75.0 1.681 0.469 0.203
250.0 100.0 2.337 0.608 0.352
262.5 12.5 1.926 0.550 0.259
262.5 37.5 1.894 0.486 0.252
262.5 62.5 1.209 0.390 0.093
262.5 87.5 1.488 0.443 0.158
275.0 0.0 1.730 0.482 0.214
275.0 25.0 0.364 0.183 -0.110
275.0 50.0 1.308 0.390 0.116
275.0 75.0 2.172 0.496 0.315
287.5 12.5 1.744 0.614 0.217
287.5 37.5 1.926 0.652 0.259
287.5 62.5 1.669 0.438 0.200
300.0 0.0 1.321 0.334 0.119
300.0 25.0 1.359 0.341 0.128
300.0 50.0 0.896 0.260 0.019
300.0 75.0 1.634 0.391 0.192
300.0 100.0 1.278 0.357 0.109
312.5 12.5 0.999 0.278 0.043
312.5 37.5 1.016 0.270 0.047
325.0 0.0 1.577 0.324 0.179
325.0 25.0 1.581 0.348 0.180
325.0 50.0 0.980 0.354 0.039
325.0 75.0 0.970 0.238 0.036
325.0 100.0 1.003 0.249 0.044
337.5 12.5 0.591 0.188 -0.055
350.0 0.0 0.851 0.236 0.008
350.0 25.0 1.188 0.308 0.088
350.0 50.0 0.611 0.185 -0.050
350.0 75.0 0.603 0.237 -0.052
350.0 100.0 0.692 0.169 -0.031
375.0 0.0 0.642 0.225 -0.042
375.0 25.0 0.519 0.142 -0.072
375.0 50.0 0.409 0.121 -0.099
375.0 75.0 0.525 0.145 -0.071
400.0 0.0 0.265 0.119 -0.135
400.0 25.0 0.251 0.113 -0.138
400.0 50.0 0.398 0.142 -0.102
400.0 75.0 0.650 0.207 -0.040
400.0 100.0 0.553 0.169 -0.064
425.0 0.0 0.427 0.183 -0.095
425.0 25.0 0.419 0.134 -0.097
425.0 50.0 0.280 0.106 -0.131
425.0 75.0 0.297 0.117 -0.127
425.0 100.0 1.093 0.429 0.065
450.0 0.0 0.062 0.044 -0.185
450.0 25.0 0.349 0.111 -0.114
450.0 50.0 0.274 0.097 -0.132
450.0 75.0 0.374 0.114 -0.108
450.0 100.0 0.155 0.068 -0.162
475.0 0.0 0.376 0.122 -0.107
475.0 25.0 0.397 0.159 -0.102
475.0 50.0 0.235 0.091 -0.142
475.0 75.0 0.315 0.107 -0.122
475.0 100.0 0.221 0.088 -0.145
500.0 0.0 0.104 0.047 -0.174
500.0 25.0 0.355 0.098 -0.112
500.0 50.0 0.134 0.052 -0.167
500.0 75.0 0.419 0.115 -0.097
525.0 0.0 0.157 0.056 -0.161
525.0 25.0 0.165 0.053 -0.159
525.0 50.0 0.231 0.082 -0.143
550.0 0.0 0.101 0.037 -0.175
550.0 25.0 0.255 0.137 -0.137
575.0 25.0 0.073 0.031 -0.182
#average significance: 0.965
