mC1:mN1:nSig:nSigErr:Zn
#Tag: SR_SS_mumu_1_opt
#Zjets: 0.000000 +/- 0.000000 (0)
#multitop: 0.000000 +/- 0.000000 (0)
#Vgamma: 0.000000 +/- 0.000000 (0)
#ttV: 0.075313 +/- 0.022610 (18)
#singletop: 0.235893 +/- 0.235893 (1)
#VVV: 0.304818 +/- 0.056421 (41)
#Wjets: 0.306715 +/- 0.306715 (1)
#ttbar: 0.380504 +/- 0.380504 (1)
#Higgs: 1.123872 +/- 0.650864 (3)
#VV: 6.120157 +/- 0.706903 (965)
#Total BG: 8.547271 +/- 1.105230 (1030)

150.0 0.0 7.374 1.131 1.477
152.5 22.5 4.964 0.892 0.981
162.5 12.5 4.082 0.731 0.789
175.0 0.0 4.130 0.792 0.799
175.0 25.0 4.770 0.838 0.939
177.5 47.5 4.610 0.832 0.905
187.5 12.5 3.170 0.642 0.582
187.5 37.5 4.939 0.936 0.976
190.0 60.0 3.783 0.902 0.722
200.0 0.0 2.858 0.620 0.509
200.0 25.0 2.751 0.597 0.484
200.0 50.0 3.884 0.873 0.744
202.5 72.5 1.541 0.418 0.192
212.5 12.5 3.709 0.665 0.705
212.5 37.5 3.172 0.711 0.582
212.5 62.5 1.985 0.525 0.301
215.0 85.0 1.792 0.409 0.254
225.0 0.0 3.518 0.780 0.662
225.0 25.0 2.429 0.600 0.408
225.0 50.0 3.287 0.758 0.609
225.0 75.0 2.035 0.576 0.313
227.5 97.5 1.058 0.356 0.070
237.5 12.5 3.835 1.185 0.733
237.5 37.5 2.709 0.645 0.475
237.5 62.5 2.512 0.532 0.428
237.5 87.5 1.952 0.656 0.293
240.0 110.0 1.805 0.784 0.257
250.0 0.0 1.368 0.439 0.149
250.0 25.0 2.433 0.985 0.409
250.0 50.0 2.125 0.620 0.335
250.0 75.0 1.416 0.429 0.161
250.0 100.0 1.587 0.522 0.203
262.5 12.5 1.811 0.538 0.259
262.5 37.5 1.909 0.489 0.283
262.5 62.5 0.992 0.358 0.054
262.5 87.5 1.288 0.420 0.129
275.0 0.0 1.819 0.490 0.261
275.0 25.0 0.459 0.206 -0.085
275.0 50.0 1.214 0.379 0.110
275.0 75.0 1.995 0.480 0.304
287.5 12.5 1.744 0.614 0.242
287.5 37.5 2.009 0.657 0.307
287.5 62.5 1.670 0.438 0.224
300.0 0.0 1.243 0.324 0.117
300.0 25.0 1.186 0.300 0.103
300.0 50.0 0.832 0.253 0.013
300.0 75.0 1.490 0.377 0.179
300.0 100.0 1.274 0.356 0.125
312.5 12.5 0.935 0.270 0.039
312.5 37.5 0.963 0.264 0.046
325.0 0.0 1.281 0.284 0.127
325.0 25.0 1.327 0.304 0.139
325.0 50.0 0.827 0.343 0.011
325.0 75.0 0.789 0.214 0.001
325.0 100.0 0.889 0.235 0.027
337.5 12.5 0.653 0.198 -0.034
350.0 0.0 0.791 0.228 0.002
350.0 25.0 1.187 0.308 0.103
350.0 50.0 0.622 0.187 -0.042
350.0 75.0 0.621 0.236 -0.042
350.0 100.0 0.616 0.160 -0.043
375.0 0.0 0.578 0.216 -0.053
375.0 25.0 0.547 0.151 -0.061
375.0 50.0 0.378 0.117 -0.106
375.0 75.0 0.576 0.166 -0.054
400.0 0.0 0.215 0.107 -0.149
400.0 25.0 0.251 0.113 -0.139
400.0 50.0 0.339 0.129 -0.116
400.0 75.0 0.594 0.199 -0.049
400.0 100.0 0.553 0.169 -0.060
425.0 0.0 0.342 0.163 -0.115
425.0 25.0 0.336 0.121 -0.117
425.0 50.0 0.243 0.100 -0.142
425.0 75.0 0.297 0.117 -0.127
425.0 100.0 1.061 0.424 0.071
450.0 0.0 0.091 0.053 -0.182
450.0 25.0 0.382 0.116 -0.105
450.0 50.0 0.243 0.092 -0.142
450.0 75.0 0.374 0.114 -0.107
450.0 100.0 0.187 0.075 -0.156
475.0 0.0 0.376 0.122 -0.107
475.0 25.0 0.203 0.079 -0.152
475.0 50.0 0.194 0.082 -0.155
475.0 75.0 0.339 0.110 -0.116
475.0 100.0 0.245 0.091 -0.141
500.0 0.0 0.104 0.047 -0.179
500.0 25.0 0.355 0.098 -0.112
500.0 50.0 0.093 0.044 -0.182
500.0 75.0 0.383 0.109 -0.105
525.0 0.0 0.202 0.076 -0.152
525.0 25.0 0.182 0.055 -0.158
525.0 50.0 0.231 0.082 -0.145
550.0 0.0 0.101 0.037 -0.180
550.0 25.0 0.255 0.137 -0.138
575.0 25.0 0.073 0.031 -0.187
#average significance: 0.868
