mC1:mN1:nSig:nSigErr:Zn
#Tag: SR_SS_emu_1_opt
#ttbar: 0.000000 +/- 0.000000 (0)
#singletop: 0.000000 +/- 0.000000 (0)
#multitop: 0.000000 +/- 0.000000 (0)
#ttV: 0.045970 +/- 0.018411 (22)
#Zjets: 0.121511 +/- 0.106586 (2)
#VVV: 0.300465 +/- 0.056801 (40)
#Vgamma: 0.873959 +/- 0.403195 (17)
#Wjets: 1.816748 +/- 1.100853 (7)
#Higgs: 2.239940 +/- 0.984575 (9)
#VV: 6.140489 +/- 0.589075 (1026)
#Total BG: 11.539082 +/- 1.644921 (1123)

150.0 0.0 7.607 1.142 1.214
152.5 22.5 6.348 1.001 1.003
162.5 12.5 6.909 0.919 1.098
175.0 0.0 5.954 1.054 0.936
175.0 25.0 5.922 1.327 0.930
177.5 47.5 5.462 1.117 0.850
187.5 12.5 3.977 0.693 0.584
187.5 37.5 4.993 1.261 0.768
190.0 60.0 2.682 0.537 0.340
200.0 0.0 5.215 0.813 0.807
200.0 25.0 4.747 0.879 0.724
200.0 50.0 3.487 0.664 0.493
202.5 72.5 3.047 0.654 0.410
212.5 12.5 3.782 0.728 0.548
212.5 37.5 3.631 0.713 0.520
212.5 62.5 3.157 0.590 0.431
215.0 85.0 2.240 0.593 0.255
225.0 0.0 2.633 0.673 0.331
225.0 25.0 2.874 0.717 0.377
225.0 50.0 4.245 1.301 0.633
225.0 75.0 2.210 0.580 0.249
227.5 97.5 1.643 0.435 0.136
237.5 12.5 4.201 1.525 0.625
237.5 37.5 3.142 0.790 0.428
237.5 62.5 2.022 0.503 0.212
237.5 87.5 2.190 0.551 0.245
240.0 110.0 1.346 0.401 0.077
250.0 0.0 2.280 0.698 0.262
250.0 25.0 2.709 0.701 0.345
250.0 50.0 2.830 0.804 0.369
250.0 75.0 2.641 0.611 0.332
250.0 100.0 1.656 0.467 0.139
262.5 12.5 2.496 0.616 0.304
262.5 37.5 1.724 0.497 0.153
262.5 62.5 1.691 0.470 0.146
262.5 87.5 1.536 0.438 0.115
275.0 0.0 1.680 0.487 0.144
275.0 25.0 2.145 0.485 0.236
275.0 50.0 1.747 0.556 0.157
275.0 75.0 1.632 0.438 0.134
287.5 12.5 1.565 0.401 0.121
287.5 37.5 2.096 0.793 0.226
287.5 62.5 1.666 0.478 0.141
300.0 0.0 1.600 0.444 0.128
300.0 25.0 1.258 0.324 0.059
300.0 50.0 1.517 0.368 0.111
300.0 75.0 1.784 0.385 0.164
300.0 100.0 1.742 0.398 0.156
312.5 12.5 0.709 0.211 -0.054
312.5 37.5 1.941 0.652 0.196
325.0 0.0 1.759 0.352 0.160
325.0 25.0 0.918 0.340 -0.011
325.0 50.0 0.831 0.254 -0.029
325.0 75.0 1.361 0.308 0.080
325.0 100.0 1.260 0.315 0.059
337.5 12.5 1.304 0.272 0.068
350.0 0.0 1.122 0.278 0.031
350.0 25.0 1.144 0.236 0.036
350.0 50.0 1.301 0.253 0.067
350.0 75.0 0.937 0.213 -0.007
350.0 100.0 0.662 0.162 -0.064
375.0 0.0 1.237 0.571 0.055
375.0 25.0 1.225 0.262 0.052
375.0 50.0 0.424 0.120 -0.114
375.0 75.0 0.777 0.166 -0.040
400.0 0.0 0.492 0.164 -0.099
400.0 25.0 0.748 0.201 -0.046
400.0 50.0 1.024 0.277 0.011
400.0 75.0 0.892 0.221 -0.016
400.0 100.0 0.663 0.182 -0.064
425.0 0.0 0.307 0.109 -0.138
425.0 25.0 0.499 0.146 -0.098
425.0 50.0 0.678 0.235 -0.060
425.0 75.0 0.589 0.164 -0.079
425.0 100.0 0.554 0.181 -0.086
450.0 0.0 0.483 0.141 -0.101
450.0 25.0 0.612 0.356 -0.074
450.0 50.0 0.455 0.140 -0.107
450.0 75.0 0.165 0.068 -0.168
450.0 100.0 0.390 0.125 -0.121
475.0 0.0 0.233 0.081 -0.154
475.0 25.0 0.624 0.177 -0.072
475.0 50.0 0.239 0.088 -0.153
475.0 75.0 0.197 0.070 -0.162
475.0 100.0 0.151 0.069 -0.171
500.0 0.0 0.211 0.073 -0.159
500.0 25.0 0.312 0.103 -0.137
500.0 50.0 0.616 0.230 -0.073
500.0 75.0 0.218 0.080 -0.157
525.0 0.0 0.266 0.081 -0.147
525.0 25.0 0.226 0.064 -0.155
525.0 50.0 0.217 0.064 -0.157
550.0 0.0 0.209 0.060 -0.159
550.0 25.0 0.135 0.043 -0.175
575.0 25.0 0.284 0.088 -0.143
#average significance: 0.853
