mC1:mN1:nSig:nSigErr:Zn
#Tag: SR_SS_ee_1_opt
#Zjets: 0.000000 +/- 0.000000 (0)
#multitop: 0.000000 +/- 0.000000 (0)
#ttV: 0.105975 +/- 0.031828 (27)
#singletop: 0.315225 +/- 0.232610 (2)
#VVV: 0.328960 +/- 0.064114 (38)
#Higgs: 0.356025 +/- 0.356162 (3)
#Wjets: 3.367675 +/- 2.112765 (11)
#ttbar: 3.482542 +/- 2.718390 (3)
#Vgamma: 4.837607 +/- 1.490989 (19)
#VV: 8.647091 +/- 0.868775 (1276)
#Total BG: 21.441100 +/- 3.875218 (1379)

150.0 0.0 6.589 1.102 0.557
152.5 22.5 6.295 0.987 0.525
162.5 12.5 5.308 0.900 0.417
175.0 0.0 4.115 0.794 0.283
175.0 25.0 4.386 0.811 0.314
177.5 47.5 2.407 0.541 0.085
187.5 12.5 3.417 0.734 0.203
187.5 37.5 3.890 0.706 0.257
190.0 60.0 3.890 0.737 0.257
200.0 0.0 3.665 0.710 0.232
200.0 25.0 1.934 0.494 0.028
200.0 50.0 2.280 0.505 0.070
202.5 72.5 2.026 0.680 0.040
212.5 12.5 2.053 0.455 0.043
212.5 37.5 2.444 0.526 0.089
212.5 62.5 2.396 0.501 0.084
215.0 85.0 1.919 0.426 0.027
225.0 0.0 3.183 0.682 0.176
225.0 25.0 2.303 0.576 0.072
225.0 50.0 1.976 0.541 0.034
225.0 75.0 2.296 0.591 0.072
227.5 97.5 2.285 0.584 0.070
237.5 12.5 2.793 0.739 0.130
237.5 37.5 1.304 0.379 -0.048
237.5 62.5 1.889 0.490 0.023
237.5 87.5 2.317 0.591 0.074
240.0 110.0 1.048 0.319 -0.079
250.0 0.0 2.838 0.806 0.136
250.0 25.0 1.280 0.468 -0.050
250.0 50.0 2.358 0.791 0.079
250.0 75.0 1.143 0.409 -0.067
250.0 100.0 1.607 0.505 -0.011
262.5 12.5 1.756 0.513 0.007
262.5 37.5 1.015 0.362 -0.083
262.5 62.5 1.762 0.490 0.008
262.5 87.5 1.005 0.380 -0.084
275.0 0.0 2.722 0.628 0.122
275.0 25.0 1.626 0.398 -0.009
275.0 50.0 0.934 0.353 -0.093
275.0 75.0 1.698 0.551 0.000
287.5 12.5 1.082 0.322 -0.075
287.5 37.5 2.244 0.867 0.065
287.5 62.5 1.289 0.588 -0.049
300.0 0.0 1.445 0.387 -0.030
300.0 25.0 0.391 0.180 -0.160
300.0 50.0 1.280 0.324 -0.050
300.0 75.0 1.862 0.504 0.020
300.0 100.0 0.731 0.269 -0.118
312.5 12.5 1.470 0.327 -0.027
312.5 37.5 1.241 0.335 -0.055
325.0 0.0 0.836 0.226 -0.105
325.0 25.0 1.111 0.299 -0.071
325.0 50.0 0.880 0.245 -0.099
325.0 75.0 0.775 0.224 -0.112
325.0 100.0 0.554 0.176 -0.140
337.5 12.5 1.249 0.507 -0.054
350.0 0.0 0.734 0.204 -0.117
350.0 25.0 0.566 0.182 -0.138
350.0 50.0 0.842 0.290 -0.104
350.0 75.0 0.877 0.246 -0.100
350.0 100.0 0.548 0.153 -0.140
375.0 0.0 0.510 0.180 -0.145
375.0 25.0 0.279 0.096 -0.174
375.0 50.0 0.405 0.118 -0.158
375.0 75.0 0.367 0.112 -0.163
400.0 0.0 0.366 0.170 -0.163
400.0 25.0 0.464 0.175 -0.151
400.0 50.0 0.641 0.222 -0.129
400.0 75.0 0.750 0.231 -0.115
400.0 100.0 0.500 0.279 -0.146
425.0 0.0 0.493 0.189 -0.147
425.0 25.0 0.498 0.218 -0.147
425.0 50.0 0.604 0.174 -0.133
425.0 75.0 0.348 0.139 -0.165
425.0 100.0 0.199 0.090 -0.184
450.0 0.0 0.063 0.045 -0.201
450.0 25.0 0.176 0.079 -0.187
450.0 50.0 0.275 0.128 -0.174
450.0 75.0 0.249 0.088 -0.178
450.0 100.0 0.767 0.452 -0.113
475.0 0.0 0.199 0.082 -0.184
475.0 25.0 0.161 0.066 -0.188
475.0 50.0 0.399 0.191 -0.159
475.0 75.0 0.208 0.075 -0.183
475.0 100.0 0.401 0.112 -0.159
500.0 0.0 0.044 0.031 -0.203
500.0 25.0 0.191 0.069 -0.185
500.0 50.0 0.173 0.067 -0.187
500.0 75.0 0.077 0.048 -0.199
525.0 0.0 0.090 0.040 -0.197
525.0 25.0 0.217 0.076 -0.182
525.0 50.0 0.173 0.059 -0.187
550.0 0.0 0.195 0.055 -0.184
550.0 25.0 0.105 0.040 -0.196
575.0 25.0 0.049 0.025 -0.203
#average significance: 0.313
