mC1:mN1:nSig:nSigErr:Zn
#Tag: SR_SS_mumu_2_opt
#singletop: 0.000000 +/- 0.000000 (0)
#multitop: 0.000000 +/- 0.000000 (0)
#Vgamma: 0.000000 +/- 0.000000 (0)
#Zjets: 0.020612 +/- 0.029560 (3)
#ttV: 0.163447 +/- 0.033915 (77)
#VVV: 0.254495 +/- 0.072319 (38)
#Wjets: 0.535887 +/- 0.481744 (2)
#ttbar: 0.652604 +/- 0.379001 (3)
#Higgs: 5.126569 +/- 3.673111 (17)
#VV: 14.955644 +/- 0.640956 (3373)
#Total BG: 21.709258 +/- 3.779622 (3513)

150.0 0.0 8.295 1.102 0.740
152.5 22.5 6.973 0.964 0.600
162.5 12.5 9.543 1.013 0.868
175.0 0.0 5.792 0.967 0.472
175.0 25.0 7.632 1.147 0.670
177.5 47.5 7.915 1.396 0.700
187.5 12.5 6.102 0.968 0.506
187.5 37.5 4.251 0.696 0.300
190.0 60.0 5.125 0.863 0.398
200.0 0.0 3.762 0.695 0.244
200.0 25.0 3.761 0.709 0.244
200.0 50.0 4.635 0.982 0.343
202.5 72.5 3.479 0.630 0.212
212.5 12.5 3.271 0.654 0.188
212.5 37.5 4.789 0.997 0.361
212.5 62.5 4.284 0.999 0.304
215.0 85.0 2.431 0.529 0.090
225.0 0.0 3.375 0.928 0.200
225.0 25.0 2.405 0.582 0.087
225.0 50.0 3.104 0.710 0.169
225.0 75.0 3.464 0.816 0.210
227.5 97.5 2.245 0.614 0.068
237.5 12.5 2.657 0.604 0.116
237.5 37.5 3.150 0.736 0.174
237.5 62.5 2.022 0.513 0.041
237.5 87.5 2.065 0.465 0.046
240.0 110.0 3.143 1.018 0.173
250.0 0.0 3.626 0.774 0.229
250.0 25.0 2.868 0.738 0.141
250.0 50.0 2.226 0.600 0.065
250.0 75.0 3.011 0.727 0.158
250.0 100.0 2.647 0.604 0.115
262.5 12.5 1.295 0.374 -0.046
262.5 37.5 2.794 0.753 0.132
262.5 62.5 1.656 0.522 -0.003
262.5 87.5 1.119 0.417 -0.068
275.0 0.0 1.412 0.415 -0.032
275.0 25.0 1.844 0.450 0.020
275.0 50.0 1.758 0.499 0.009
275.0 75.0 1.301 0.423 -0.046
287.5 12.5 1.349 0.345 -0.040
287.5 37.5 1.151 0.351 -0.064
287.5 62.5 1.965 0.472 0.034
300.0 0.0 0.861 0.268 -0.099
300.0 25.0 2.080 0.615 0.048
300.0 50.0 1.057 0.288 -0.075
300.0 75.0 1.101 0.279 -0.070
300.0 100.0 1.062 0.305 -0.075
312.5 12.5 0.953 0.251 -0.088
312.5 37.5 1.634 0.398 -0.006
325.0 0.0 1.084 0.501 -0.072
325.0 25.0 0.694 0.201 -0.120
325.0 50.0 1.061 0.382 -0.075
325.0 75.0 1.005 0.258 -0.082
325.0 100.0 0.842 0.235 -0.102
337.5 12.5 0.954 0.229 -0.088
350.0 0.0 0.483 0.178 -0.146
350.0 25.0 0.599 0.173 -0.132
350.0 50.0 0.756 0.212 -0.112
350.0 75.0 0.669 0.193 -0.123
350.0 100.0 0.518 0.147 -0.142
375.0 0.0 0.496 0.194 -0.144
375.0 25.0 0.467 0.143 -0.148
375.0 50.0 0.365 0.121 -0.161
375.0 75.0 0.448 0.134 -0.150
400.0 0.0 0.413 0.147 -0.155
400.0 25.0 0.332 0.127 -0.165
400.0 50.0 0.596 0.214 -0.132
400.0 75.0 1.004 0.264 -0.082
400.0 100.0 0.602 0.198 -0.131
425.0 0.0 0.154 0.077 -0.187
425.0 25.0 0.304 0.108 -0.168
425.0 50.0 0.269 0.112 -0.173
425.0 75.0 0.194 0.088 -0.182
425.0 100.0 0.662 0.289 -0.124
450.0 0.0 0.396 0.115 -0.157
450.0 25.0 0.140 0.070 -0.189
450.0 50.0 0.291 0.108 -0.170
450.0 75.0 0.155 0.071 -0.187
450.0 100.0 0.324 0.143 -0.166
475.0 0.0 0.097 0.058 -0.194
475.0 25.0 0.353 0.126 -0.162
475.0 50.0 0.137 0.063 -0.189
475.0 75.0 0.231 0.092 -0.177
475.0 100.0 0.168 0.070 -0.185
500.0 0.0 0.119 0.056 -0.191
500.0 25.0 0.218 0.071 -0.179
500.0 50.0 0.243 0.074 -0.176
500.0 75.0 0.242 0.070 -0.176
525.0 0.0 0.131 0.046 -0.190
525.0 25.0 0.132 0.051 -0.190
525.0 50.0 0.096 0.044 -0.194
550.0 0.0 0.102 0.040 -0.193
550.0 25.0 0.015 0.014 -0.204
575.0 25.0 0.055 0.025 -0.199
#average significance: 0.550
