mC1:mN1:nSig:nSigErr:Zn
#Tag: SR_SS_emu_2_opt
#Zjets: 0.000000 +/- 0.000000 (0)
#ttbar: 0.000000 +/- 0.000000 (0)
#multitop: 0.000000 +/- 0.000000 (0)
#Vgamma: 0.005218 +/- 0.005218 (1)
#VVV: 0.084392 +/- 0.029137 (15)
#ttV: 0.086702 +/- 0.029518 (39)
#Wjets: 0.298105 +/- 0.245442 (4)
#singletop: 0.416387 +/- 0.416387 (1)
#Higgs: 0.800265 +/- 0.565950 (10)
#VV: 4.006538 +/- 0.349883 (918)
#Total BG: 5.697607 +/- 0.823459 (988)

150.0 0.0 6.237 0.980 1.601
152.5 22.5 5.044 0.761 1.297
162.5 12.5 6.320 1.123 1.621
175.0 0.0 4.912 0.795 1.262
175.0 25.0 4.304 0.794 1.100
177.5 47.5 5.210 1.620 1.340
187.5 12.5 4.867 0.783 1.250
187.5 37.5 3.413 0.697 0.853
190.0 60.0 1.655 0.396 0.328
200.0 0.0 3.545 0.816 0.890
200.0 25.0 2.590 0.577 0.614
200.0 50.0 2.123 0.502 0.473
202.5 72.5 3.687 0.909 0.930
212.5 12.5 3.107 0.628 0.765
212.5 37.5 4.263 1.095 1.088
212.5 62.5 3.072 0.665 0.755
215.0 85.0 1.720 0.402 0.349
225.0 0.0 3.024 0.796 0.741
225.0 25.0 2.776 0.638 0.669
225.0 50.0 2.559 0.563 0.605
225.0 75.0 1.417 0.499 0.253
227.5 97.5 1.617 0.465 0.316
237.5 12.5 2.528 0.576 0.595
237.5 37.5 2.864 0.741 0.695
237.5 62.5 1.069 0.311 0.140
237.5 87.5 2.371 0.542 0.548
240.0 110.0 2.324 0.538 0.534
250.0 0.0 3.498 0.833 0.877
250.0 25.0 1.947 0.516 0.419
250.0 50.0 1.622 0.455 0.318
250.0 75.0 2.212 0.620 0.500
250.0 100.0 1.438 0.445 0.259
262.5 12.5 4.068 1.630 1.035
262.5 37.5 2.086 0.558 0.462
262.5 62.5 1.536 0.636 0.290
262.5 87.5 2.947 0.805 0.719
275.0 0.0 1.510 0.398 0.282
275.0 25.0 1.879 0.443 0.398
275.0 50.0 1.158 0.359 0.169
275.0 75.0 0.891 0.291 0.081
287.5 12.5 1.208 0.335 0.185
287.5 37.5 1.221 0.362 0.190
287.5 62.5 1.564 0.397 0.299
300.0 0.0 1.385 0.334 0.242
300.0 25.0 2.030 0.627 0.445
300.0 50.0 1.226 0.303 0.191
300.0 75.0 0.780 0.273 0.044
300.0 100.0 1.194 0.308 0.181
312.5 12.5 1.391 0.409 0.244
312.5 37.5 0.843 0.229 0.065
325.0 0.0 1.031 0.272 0.128
325.0 25.0 1.118 0.260 0.156
325.0 50.0 1.350 0.413 0.231
325.0 75.0 1.049 0.339 0.133
325.0 100.0 0.738 0.213 0.030
337.5 12.5 1.216 0.260 0.188
350.0 0.0 1.025 0.417 0.126
350.0 25.0 0.739 0.190 0.031
350.0 50.0 0.539 0.145 -0.037
350.0 75.0 0.631 0.216 -0.005
350.0 100.0 0.427 0.139 -0.075
375.0 0.0 0.804 0.414 0.053
375.0 25.0 0.417 0.132 -0.078
375.0 50.0 0.366 0.118 -0.096
375.0 75.0 0.525 0.128 -0.042
400.0 0.0 0.627 0.183 -0.007
400.0 25.0 0.667 0.196 0.007
400.0 50.0 0.514 0.156 -0.045
400.0 75.0 0.309 0.129 -0.116
400.0 100.0 0.384 0.136 -0.090
425.0 0.0 0.667 0.173 0.007
425.0 25.0 0.334 0.121 -0.107
425.0 50.0 0.472 0.151 -0.060
425.0 75.0 0.084 0.061 -0.194
425.0 100.0 0.242 0.092 -0.139
450.0 0.0 0.405 0.116 -0.082
450.0 25.0 0.232 0.088 -0.142
450.0 50.0 0.321 0.121 -0.112
450.0 75.0 0.174 0.071 -0.163
450.0 100.0 0.249 0.090 -0.136
475.0 0.0 0.217 0.072 -0.148
475.0 25.0 0.253 0.088 -0.135
475.0 50.0 0.306 0.118 -0.117
475.0 75.0 0.392 0.117 -0.087
475.0 100.0 0.378 0.098 -0.092
500.0 0.0 0.096 0.043 -0.190
500.0 25.0 0.168 0.062 -0.165
500.0 50.0 0.297 0.084 -0.120
500.0 75.0 0.147 0.064 -0.172
525.0 0.0 0.146 0.055 -0.172
525.0 25.0 0.157 0.050 -0.169
525.0 50.0 0.199 0.064 -0.154
550.0 0.0 0.070 0.031 -0.199
550.0 25.0 0.083 0.035 -0.195
575.0 25.0 0.258 0.064 -0.133
#average significance: 1.154
