mC1:mN1:nSig:nSigErr:Zn
#Tag: SR_SS_ee_2_opt
#Zjets: 0.000000 +/- 0.000000 (0)
#singletop: 0.000000 +/- 0.000000 (0)
#multitop: 0.000000 +/- 0.000000 (0)
#VVV: 0.105901 +/- 0.042377 (13)
#ttV: 0.110274 +/- 0.038090 (41)
#Higgs: 0.534926 +/- 0.523097 (13)
#Wjets: 0.753381 +/- 0.473091 (6)
#Vgamma: 0.801535 +/- 0.459920 (5)
#ttbar: 1.170397 +/- 0.895775 (2)
#VV: 2.460158 +/- 0.393279 (567)
#Total BG: 5.936573 +/- 1.292014 (647)

150.0 0.0 3.726 0.788 0.833
152.5 22.5 2.883 0.689 0.611
162.5 12.5 3.317 0.617 0.727
175.0 0.0 2.155 0.842 0.410
175.0 25.0 1.501 0.470 0.222
177.5 47.5 2.992 0.738 0.640
187.5 12.5 2.316 0.629 0.455
187.5 37.5 1.993 0.472 0.364
190.0 60.0 1.145 0.360 0.116
200.0 0.0 2.919 1.058 0.621
200.0 25.0 2.479 0.678 0.500
200.0 50.0 1.945 0.535 0.350
202.5 72.5 1.536 0.440 0.232
212.5 12.5 1.528 0.405 0.230
212.5 37.5 1.390 0.405 0.189
212.5 62.5 1.237 0.354 0.143
215.0 85.0 1.166 0.401 0.122
225.0 0.0 2.235 0.594 0.433
225.0 25.0 1.390 0.568 0.189
225.0 50.0 1.572 0.460 0.242
225.0 75.0 1.195 0.381 0.131
227.5 97.5 1.675 0.495 0.273
237.5 12.5 1.462 0.420 0.210
237.5 37.5 0.738 0.282 -0.009
237.5 62.5 0.858 0.307 0.028
237.5 87.5 1.490 0.478 0.218
240.0 110.0 0.852 0.310 0.027
250.0 0.0 1.286 0.441 0.158
250.0 25.0 1.737 0.508 0.291
250.0 50.0 0.720 0.401 -0.014
250.0 75.0 1.279 0.580 0.156
250.0 100.0 1.096 0.428 0.101
262.5 12.5 1.116 0.417 0.107
262.5 37.5 1.731 0.656 0.289
262.5 62.5 0.783 0.299 0.005
262.5 87.5 1.042 0.380 0.084
275.0 0.0 0.942 0.320 0.054
275.0 25.0 0.631 0.264 -0.042
275.0 50.0 1.687 0.511 0.276
275.0 75.0 1.241 0.376 0.145
287.5 12.5 0.853 0.273 0.027
287.5 37.5 0.536 0.226 -0.072
287.5 62.5 0.267 0.157 -0.157
300.0 0.0 0.796 0.273 0.009
300.0 25.0 1.148 0.490 0.117
300.0 50.0 0.609 0.377 -0.049
300.0 75.0 0.634 0.232 -0.041
300.0 100.0 0.807 0.254 0.013
312.5 12.5 1.370 0.442 0.183
312.5 37.5 0.805 0.275 0.012
325.0 0.0 0.611 0.187 -0.048
325.0 25.0 1.000 0.298 0.072
325.0 50.0 0.700 0.196 -0.020
325.0 75.0 0.722 0.209 -0.014
325.0 100.0 0.988 0.257 0.068
337.5 12.5 0.494 0.150 -0.085
350.0 0.0 0.379 0.138 -0.122
350.0 25.0 0.556 0.164 -0.065
350.0 50.0 0.315 0.122 -0.142
350.0 75.0 0.270 0.102 -0.157
350.0 100.0 0.251 0.120 -0.163
375.0 0.0 0.617 0.212 -0.047
375.0 25.0 0.529 0.141 -0.074
375.0 50.0 0.228 0.087 -0.170
375.0 75.0 0.253 0.091 -0.162
400.0 0.0 0.384 0.166 -0.120
400.0 25.0 0.717 0.244 -0.015
400.0 50.0 0.621 0.484 -0.045
400.0 75.0 0.332 0.141 -0.137
400.0 100.0 0.113 0.081 -0.207
425.0 0.0 0.427 0.189 -0.106
425.0 25.0 0.164 0.090 -0.191
425.0 50.0 0.355 0.163 -0.129
425.0 75.0 0.196 0.102 -0.181
425.0 100.0 0.069 0.049 -0.222
450.0 0.0 0.323 0.136 -0.139
450.0 25.0 0.307 0.110 -0.145
450.0 50.0 0.348 0.111 -0.132
450.0 75.0 0.141 0.066 -0.198
450.0 100.0 0.257 0.100 -0.161
475.0 0.0 0.105 0.053 -0.210
475.0 25.0 0.164 0.078 -0.191
475.0 50.0 0.100 0.050 -0.212
475.0 75.0 0.166 0.063 -0.190
475.0 100.0 0.097 0.049 -0.212
500.0 0.0 0.100 0.053 -0.212
500.0 25.0 0.098 0.044 -0.212
500.0 50.0 0.102 0.046 -0.211
500.0 75.0 0.291 0.099 -0.150
525.0 0.0 0.052 0.030 -0.227
525.0 25.0 0.097 0.046 -0.213
525.0 50.0 0.087 0.039 -0.216
550.0 0.0 0.057 0.035 -0.226
550.0 25.0 0.074 0.033 -0.220
575.0 25.0 0.075 0.031 -0.220
#average significance: 0.500
