mC1:mN1:nSig:nSigErr:Zn
#Tag: SR_SS_emu_1_opt
#Zjets: 0.000000 +/- 0.000000 (0)
#multitop: 0.000000 +/- 0.000000 (0)
#ttV: 0.031074 +/- 0.016875 (16)
#singletop: 0.108358 +/- 0.108358 (1)
#Higgs: 0.321383 +/- 0.313585 (5)
#ttbar: 0.329225 +/- 0.329225 (1)
#VVV: 0.349076 +/- 0.067809 (38)
#Vgamma: 0.475923 +/- 0.333874 (4)
#Wjets: 0.955737 +/- 0.947846 (2)
#VV: 3.708368 +/- 0.480033 (607)
#Total BG: 6.279144 +/- 1.209820 (674)

150.0 0.0 5.754 0.954 1.321
152.5 22.5 6.057 0.959 1.391
162.5 12.5 3.828 0.650 0.854
175.0 0.0 5.740 1.021 1.318
175.0 25.0 5.596 1.353 1.284
177.5 47.5 2.195 0.555 0.420
187.5 12.5 4.046 0.742 0.909
187.5 37.5 2.916 0.575 0.616
190.0 60.0 2.172 0.469 0.414
200.0 0.0 4.032 0.808 0.905
200.0 25.0 4.743 0.876 1.081
200.0 50.0 2.914 0.604 0.616
202.5 72.5 1.910 0.475 0.341
212.5 12.5 3.063 0.694 0.655
212.5 37.5 3.379 0.726 0.738
212.5 62.5 2.688 0.554 0.555
215.0 85.0 2.534 0.544 0.513
225.0 0.0 1.682 0.535 0.276
225.0 25.0 2.873 0.637 0.605
225.0 50.0 2.591 0.574 0.529
225.0 75.0 2.449 0.897 0.490
227.5 97.5 1.450 0.410 0.209
237.5 12.5 2.523 0.560 0.510
237.5 37.5 2.693 0.704 0.556
237.5 62.5 1.509 0.439 0.226
237.5 87.5 1.092 0.352 0.103
240.0 110.0 1.356 0.398 0.181
250.0 0.0 2.157 0.708 0.410
250.0 25.0 2.954 0.715 0.627
250.0 50.0 2.695 0.780 0.557
250.0 75.0 2.033 0.524 0.375
250.0 100.0 1.197 0.381 0.134
262.5 12.5 2.149 0.552 0.407
262.5 37.5 1.733 0.483 0.290
262.5 62.5 1.991 0.476 0.363
262.5 87.5 1.297 0.389 0.164
275.0 0.0 1.298 0.364 0.164
275.0 25.0 1.860 0.454 0.326
275.0 50.0 1.645 0.536 0.265
275.0 75.0 1.925 0.453 0.345
287.5 12.5 1.177 0.342 0.128
287.5 37.5 1.845 0.780 0.322
287.5 62.5 1.601 0.466 0.252
300.0 0.0 1.356 0.447 0.181
300.0 25.0 1.950 0.440 0.352
300.0 50.0 1.636 0.382 0.262
300.0 75.0 1.567 0.337 0.243
300.0 100.0 1.308 0.340 0.167
312.5 12.5 0.660 0.225 -0.027
312.5 37.5 1.721 0.640 0.287
325.0 0.0 1.608 0.332 0.254
325.0 25.0 1.034 0.334 0.086
325.0 50.0 0.745 0.245 -0.001
325.0 75.0 1.283 0.298 0.160
325.0 100.0 0.937 0.286 0.057
337.5 12.5 0.875 0.211 0.038
350.0 0.0 0.870 0.255 0.037
350.0 25.0 1.043 0.228 0.089
350.0 50.0 1.175 0.242 0.128
350.0 75.0 0.832 0.199 0.026
350.0 100.0 0.543 0.146 -0.063
375.0 0.0 0.926 0.312 0.054
375.0 25.0 0.914 0.230 0.050
375.0 50.0 0.410 0.125 -0.104
375.0 75.0 0.584 0.156 -0.050
400.0 0.0 0.267 0.110 -0.149
400.0 25.0 0.773 0.204 0.008
400.0 50.0 0.872 0.266 0.038
400.0 75.0 0.840 0.214 0.028
400.0 100.0 0.808 0.229 0.018
425.0 0.0 0.307 0.109 -0.137
425.0 25.0 0.716 0.208 -0.010
425.0 50.0 0.465 0.198 -0.087
425.0 75.0 0.592 0.165 -0.048
425.0 100.0 0.314 0.112 -0.134
450.0 0.0 0.460 0.142 -0.089
450.0 25.0 0.285 0.141 -0.144
450.0 50.0 0.388 0.181 -0.111
450.0 75.0 0.197 0.087 -0.171
450.0 100.0 0.321 0.104 -0.132
475.0 0.0 0.195 0.069 -0.172
475.0 25.0 0.655 0.182 -0.029
475.0 50.0 0.208 0.074 -0.168
475.0 75.0 0.160 0.066 -0.183
475.0 100.0 0.223 0.081 -0.163
500.0 0.0 0.211 0.073 -0.167
500.0 25.0 0.307 0.105 -0.137
500.0 50.0 0.594 0.229 -0.047
500.0 75.0 0.298 0.096 -0.139
525.0 0.0 0.311 0.088 -0.135
525.0 25.0 0.209 0.061 -0.167
525.0 50.0 0.178 0.057 -0.177
550.0 0.0 0.233 0.063 -0.160
550.0 25.0 0.173 0.053 -0.179
575.0 25.0 0.251 0.085 -0.154
#average significance: 0.943
