mC1:mN1:nSig:nSigErr:Zn
#Tag: SR_SS_ee_1_opt
#Zjets: -0.192271 +/- 0.219176 (2)
#multitop: 0.000000 +/- 0.000000 (0)
#Higgs: 0.001715 +/- 0.001715 (1)
#ttV: 0.042153 +/- 0.017102 (11)
#VVV: 0.120065 +/- 0.039122 (16)
#ttbar: 0.202127 +/- 0.202127 (1)
#singletop: 0.204933 +/- 0.204933 (1)
#Vgamma: 0.248425 +/- 0.100075 (7)
#Wjets: 1.047162 +/- 0.624767 (7)
#VV: 2.091940 +/- 0.501436 (390)
#Total BG: 3.958521 +/- 0.885722 (436)

150.0 0.0 3.091 0.724 0.896
152.5 22.5 1.997 0.513 0.521
162.5 12.5 2.324 0.563 0.637
175.0 0.0 2.290 0.639 0.625
175.0 25.0 1.674 0.498 0.404
177.5 47.5 1.799 0.500 0.450
187.5 12.5 1.730 0.524 0.425
187.5 37.5 1.521 0.417 0.347
190.0 60.0 1.295 0.444 0.262
200.0 0.0 1.735 0.454 0.427
200.0 25.0 1.620 0.436 0.384
200.0 50.0 1.749 0.550 0.432
202.5 72.5 0.399 0.200 -0.093
212.5 12.5 1.218 0.350 0.233
212.5 37.5 1.890 0.488 0.483
212.5 62.5 0.769 0.324 0.057
215.0 85.0 0.811 0.298 0.074
225.0 0.0 1.776 0.546 0.441
225.0 25.0 1.151 0.387 0.208
225.0 50.0 1.557 0.451 0.361
225.0 75.0 1.589 0.478 0.373
227.5 97.5 0.560 0.251 -0.027
237.5 12.5 1.236 0.423 0.240
237.5 37.5 0.922 0.329 0.118
237.5 62.5 1.123 0.395 0.197
237.5 87.5 0.553 0.257 -0.030
240.0 110.0 0.639 0.263 0.005
250.0 0.0 2.187 0.738 0.589
250.0 25.0 1.019 0.437 0.156
250.0 50.0 1.961 0.722 0.508
250.0 75.0 0.360 0.268 -0.110
250.0 100.0 0.896 0.383 0.108
262.5 12.5 0.795 0.337 0.068
262.5 37.5 0.792 0.327 0.067
262.5 62.5 0.767 0.321 0.057
262.5 87.5 0.647 0.265 0.009
275.0 0.0 1.779 0.524 0.443
275.0 25.0 0.700 0.267 0.030
275.0 50.0 0.551 0.262 -0.031
275.0 75.0 0.914 0.400 0.115
287.5 12.5 0.249 0.144 -0.156
287.5 37.5 1.688 0.838 0.409
287.5 62.5 1.011 0.571 0.153
300.0 0.0 0.607 0.274 -0.008
300.0 25.0 0.556 0.212 -0.029
300.0 50.0 1.264 0.344 0.251
300.0 75.0 1.239 0.394 0.241
300.0 100.0 0.646 0.234 0.008
312.5 12.5 0.601 0.198 -0.010
312.5 37.5 0.841 0.289 0.086
325.0 0.0 0.655 0.200 0.012
325.0 25.0 0.572 0.181 -0.022
325.0 50.0 0.565 0.192 -0.025
325.0 75.0 0.371 0.141 -0.105
325.0 100.0 0.320 0.131 -0.126
337.5 12.5 1.211 0.531 0.231
350.0 0.0 0.390 0.147 -0.097
350.0 25.0 0.844 0.345 0.087
350.0 50.0 0.609 0.267 -0.007
350.0 75.0 0.463 0.162 -0.067
350.0 100.0 0.837 0.337 0.085
375.0 0.0 0.306 0.138 -0.132
375.0 25.0 0.250 0.092 -0.156
375.0 50.0 0.344 0.110 -0.116
375.0 75.0 0.294 0.099 -0.137
400.0 0.0 0.542 0.277 -0.035
400.0 25.0 0.306 0.126 -0.132
400.0 50.0 0.585 0.214 -0.017
400.0 75.0 0.404 0.189 -0.091
400.0 100.0 0.199 0.099 -0.178
425.0 0.0 0.417 0.173 -0.086
425.0 25.0 0.388 0.202 -0.098
425.0 50.0 0.387 0.143 -0.098
425.0 75.0 0.226 0.102 -0.166
425.0 100.0 0.087 0.062 -0.225
450.0 0.0 0.030 0.030 -0.250
450.0 25.0 0.135 0.076 -0.205
450.0 50.0 0.206 0.182 -0.174
450.0 75.0 0.153 0.068 -0.197
450.0 100.0 0.637 0.448 0.005
475.0 0.0 0.164 0.077 -0.192
475.0 25.0 0.159 0.065 -0.194
475.0 50.0 0.215 0.105 -0.171
475.0 75.0 0.216 0.077 -0.170
475.0 100.0 0.317 0.092 -0.128
500.0 0.0 0.087 0.043 -0.225
500.0 25.0 0.220 0.088 -0.168
500.0 50.0 0.117 0.053 -0.212
500.0 75.0 0.042 0.030 -0.245
525.0 0.0 0.056 0.043 -0.238
525.0 25.0 0.194 0.067 -0.179
525.0 50.0 0.190 0.062 -0.181
550.0 0.0 0.149 0.048 -0.199
550.0 25.0 0.079 0.036 -0.229
575.0 25.0 0.024 0.017 -0.252
#average significance: 0.499
