mC1:mN1:nSig:nSigErr:Zn
#Tag: SR_SS_ee_2_opt
#Zjets: 0.000000 +/- 0.000000 (0)
#multitop: 0.000000 +/- 0.000000 (0)
#VVV: 0.156867 +/- 0.044537 (24)
#singletop: 0.159334 +/- 0.159334 (1)
#Wjets: 0.179739 +/- 0.247413 (2)
#ttV: 0.195948 +/- 0.033673 (81)
#Higgs: 0.534266 +/- 0.522167 (12)
#Vgamma: 0.654260 +/- 0.324640 (6)
#ttbar: 1.270580 +/- 0.647726 (4)
#VV: 4.309224 +/- 0.449900 (902)
#Total BG: 7.460219 +/- 1.043900 (1032)

150.0 0.0 5.007 0.983 1.080
152.5 22.5 3.324 0.731 0.680
162.5 12.5 4.671 0.898 1.002
175.0 0.0 2.826 0.868 0.556
175.0 25.0 1.770 0.477 0.282
177.5 47.5 2.758 0.835 0.538
187.5 12.5 2.285 0.470 0.417
187.5 37.5 1.436 0.378 0.192
190.0 60.0 1.116 0.354 0.105
200.0 0.0 2.376 0.831 0.441
200.0 25.0 3.046 0.694 0.611
200.0 50.0 2.532 0.608 0.481
202.5 72.5 2.220 1.001 0.400
212.5 12.5 2.387 0.645 0.444
212.5 37.5 0.863 0.280 0.035
212.5 62.5 1.572 0.387 0.229
215.0 85.0 1.360 0.398 0.172
225.0 0.0 1.830 0.564 0.298
225.0 25.0 2.135 0.665 0.378
225.0 50.0 1.423 0.462 0.189
225.0 75.0 0.874 0.335 0.038
227.5 97.5 0.838 0.361 0.028
237.5 12.5 1.025 0.358 0.080
237.5 37.5 1.943 0.517 0.328
237.5 62.5 1.360 0.460 0.172
237.5 87.5 1.018 0.325 0.078
240.0 110.0 0.454 0.203 -0.081
250.0 0.0 2.041 0.792 0.354
250.0 25.0 1.829 0.535 0.298
250.0 50.0 0.509 0.255 -0.066
250.0 75.0 0.906 0.501 0.047
250.0 100.0 1.263 0.460 0.145
262.5 12.5 1.410 0.430 0.185
262.5 37.5 1.579 0.632 0.231
262.5 62.5 0.654 0.268 -0.024
262.5 87.5 1.408 0.469 0.185
275.0 0.0 1.007 0.345 0.075
275.0 25.0 0.761 0.324 0.006
275.0 50.0 2.254 0.588 0.409
275.0 75.0 1.194 0.375 0.126
287.5 12.5 1.391 0.352 0.180
287.5 37.5 1.455 0.411 0.198
287.5 62.5 0.547 0.225 -0.055
300.0 0.0 0.647 0.233 -0.026
300.0 25.0 0.982 0.290 0.068
300.0 50.0 0.889 0.417 0.042
300.0 75.0 0.876 0.272 0.038
300.0 100.0 0.994 0.302 0.071
312.5 12.5 1.768 0.466 0.282
312.5 37.5 0.665 0.262 -0.021
325.0 0.0 0.658 0.227 -0.023
325.0 25.0 0.922 0.281 0.051
325.0 50.0 0.707 0.198 -0.009
325.0 75.0 0.771 0.214 0.009
325.0 100.0 0.970 0.272 0.065
337.5 12.5 0.581 0.171 -0.045
350.0 0.0 0.572 0.163 -0.048
350.0 25.0 0.812 0.188 0.020
350.0 50.0 0.420 0.134 -0.091
350.0 75.0 0.380 0.150 -0.102
350.0 100.0 0.291 0.111 -0.128
375.0 0.0 0.635 0.162 -0.030
375.0 25.0 0.464 0.137 -0.078
375.0 50.0 0.530 0.176 -0.060
375.0 75.0 0.387 0.126 -0.100
400.0 0.0 0.503 0.225 -0.067
400.0 25.0 0.410 0.147 -0.094
400.0 50.0 0.962 0.518 0.062
400.0 75.0 0.331 0.138 -0.117
400.0 100.0 0.253 0.129 -0.139
425.0 0.0 0.323 0.132 -0.119
425.0 25.0 0.250 0.158 -0.140
425.0 50.0 0.241 0.109 -0.143
425.0 75.0 0.314 0.123 -0.122
425.0 100.0 0.144 0.072 -0.171
450.0 0.0 0.282 0.129 -0.131
450.0 25.0 0.297 0.123 -0.127
450.0 50.0 0.293 0.103 -0.128
450.0 75.0 0.325 0.106 -0.118
450.0 100.0 0.238 0.094 -0.143
475.0 0.0 0.192 0.073 -0.157
475.0 25.0 0.110 0.057 -0.181
475.0 50.0 0.098 0.049 -0.184
475.0 75.0 0.274 0.089 -0.133
475.0 100.0 0.124 0.056 -0.177
500.0 0.0 0.101 0.053 -0.184
500.0 25.0 0.157 0.060 -0.167
500.0 50.0 0.172 0.067 -0.163
500.0 75.0 0.335 0.104 -0.116
525.0 0.0 0.068 0.034 -0.193
525.0 25.0 0.071 0.036 -0.192
525.0 50.0 0.083 0.037 -0.189
550.0 0.0 0.160 0.056 -0.166
550.0 25.0 0.123 0.052 -0.177
575.0 25.0 0.059 0.027 -0.196
#average significance: 0.529
