mC1:mN1:nSig:nSigErr:Zn
#Tag: SR_SS_mumu_2_opt
#Zjets: 0.000000 +/- 0.000000 (0)
#multitop: 0.000000 +/- 0.000000 (0)
#Vgamma: 0.000000 +/- 0.000000 (0)
#Wjets: 0.101244 +/- 0.101244 (1)
#singletop: 0.107799 +/- 0.107799 (1)
#ttV: 0.217640 +/- 0.040362 (103)
#VVV: 0.247327 +/- 0.081216 (23)
#ttbar: 0.251940 +/- 0.251940 (1)
#Higgs: 0.401721 +/- 0.392021 (13)
#VV: 5.439234 +/- 0.388011 (1339)
#Total BG: 6.766904 +/- 0.630716 (1481)

150.0 0.0 5.674 1.032 1.365
152.5 22.5 5.226 0.872 1.256
162.5 12.5 7.494 0.949 1.790
175.0 0.0 5.878 1.432 1.414
175.0 25.0 4.323 0.863 1.029
177.5 47.5 3.702 0.766 0.868
187.5 12.5 4.848 0.829 1.162
187.5 37.5 3.102 0.618 0.708
190.0 60.0 3.068 0.574 0.699
200.0 0.0 3.728 0.782 0.875
200.0 25.0 3.121 0.689 0.713
200.0 50.0 2.237 0.578 0.469
202.5 72.5 2.061 0.513 0.419
212.5 12.5 2.684 0.627 0.594
212.5 37.5 2.876 0.638 0.646
212.5 62.5 2.673 0.581 0.590
215.0 85.0 1.600 0.496 0.285
225.0 0.0 3.296 0.993 0.760
225.0 25.0 1.871 0.512 0.364
225.0 50.0 2.141 0.507 0.441
225.0 75.0 2.072 0.720 0.422
227.5 97.5 1.497 0.538 0.255
237.5 12.5 3.047 0.712 0.693
237.5 37.5 2.716 0.603 0.603
237.5 62.5 2.721 0.606 0.604
237.5 87.5 1.791 0.458 0.341
240.0 110.0 3.290 1.065 0.759
250.0 0.0 3.890 0.969 0.917
250.0 25.0 1.665 0.512 0.304
250.0 50.0 3.000 1.058 0.680
250.0 75.0 1.585 0.497 0.281
250.0 100.0 0.800 0.332 0.046
262.5 12.5 1.165 0.414 0.156
262.5 37.5 1.833 0.627 0.353
262.5 62.5 2.294 0.633 0.485
262.5 87.5 0.906 0.356 0.078
275.0 0.0 1.944 0.484 0.385
275.0 25.0 1.965 0.464 0.391
275.0 50.0 1.908 0.470 0.375
275.0 75.0 0.857 0.302 0.063
287.5 12.5 1.261 0.359 0.185
287.5 37.5 1.518 0.432 0.261
287.5 62.5 1.982 0.430 0.396
300.0 0.0 1.617 0.415 0.291
300.0 25.0 2.316 0.629 0.491
300.0 50.0 1.563 0.346 0.274
300.0 75.0 1.934 0.705 0.382
300.0 100.0 1.494 0.392 0.254
312.5 12.5 1.550 0.455 0.271
312.5 37.5 1.159 0.308 0.155
325.0 0.0 1.102 0.522 0.137
325.0 25.0 1.306 0.520 0.199
325.0 50.0 1.125 0.381 0.144
325.0 75.0 1.368 0.299 0.217
325.0 100.0 1.265 0.422 0.186
337.5 12.5 0.930 0.233 0.085
350.0 0.0 0.684 0.199 0.010
350.0 25.0 0.731 0.189 0.024
350.0 50.0 1.137 0.278 0.148
350.0 75.0 1.041 0.266 0.119
350.0 100.0 0.521 0.146 -0.041
375.0 0.0 0.619 0.157 -0.010
375.0 25.0 0.696 0.242 0.014
375.0 50.0 0.581 0.158 -0.022
375.0 75.0 0.649 0.167 -0.001
400.0 0.0 0.300 0.109 -0.110
400.0 25.0 0.430 0.144 -0.069
400.0 50.0 0.735 0.230 0.026
400.0 75.0 0.900 0.252 0.076
400.0 100.0 0.475 0.172 -0.055
425.0 0.0 0.291 0.103 -0.113
425.0 25.0 0.263 0.100 -0.122
425.0 50.0 0.443 0.150 -0.065
425.0 75.0 0.238 0.098 -0.130
425.0 100.0 0.705 0.303 0.016
450.0 0.0 0.481 0.125 -0.053
450.0 25.0 0.261 0.111 -0.123
450.0 50.0 0.307 0.142 -0.108
450.0 75.0 0.188 0.089 -0.146
450.0 100.0 0.236 0.113 -0.131
475.0 0.0 0.075 0.043 -0.182
475.0 25.0 0.359 0.126 -0.092
475.0 50.0 0.241 0.090 -0.129
475.0 75.0 0.332 0.099 -0.100
475.0 100.0 0.274 0.102 -0.119
500.0 0.0 0.189 0.086 -0.146
500.0 25.0 0.290 0.087 -0.114
500.0 50.0 0.231 0.070 -0.132
500.0 75.0 0.279 0.080 -0.117
525.0 0.0 0.194 0.061 -0.144
525.0 25.0 0.145 0.052 -0.160
525.0 50.0 0.223 0.066 -0.135
550.0 0.0 0.159 0.049 -0.155
550.0 25.0 0.054 0.027 -0.189
575.0 25.0 0.045 0.022 -0.192
#average significance: 1.117
