mC1:mN1:nSig:nSigErr:Zn
#Tag: SR_SS_mumu_1_opt
#Zjets: 0.000000 +/- 0.000000 (0)
#multitop: 0.000000 +/- 0.000000 (0)
#Vgamma: 0.000000 +/- 0.000000 (0)
#ttV: 0.088161 +/- 0.024808 (25)
#singletop: 0.232753 +/- 0.232753 (1)
#ttbar: 0.268954 +/- 0.268954 (1)
#VVV: 0.283119 +/- 0.054306 (41)
#Wjets: 0.310568 +/- 0.310568 (1)
#Higgs: 1.073444 +/- 0.618976 (4)
#VV: 5.842710 +/- 0.745350 (1061)
#Total BG: 8.099710 +/- 1.079447 (1134)

150.0 0.0 7.500 1.090 1.550
152.5 22.5 5.948 0.961 1.229
162.5 12.5 4.653 0.820 0.947
175.0 0.0 4.584 0.844 0.932
175.0 25.0 5.170 0.873 1.061
177.5 47.5 4.839 0.904 0.988
187.5 12.5 3.437 0.652 0.668
187.5 37.5 6.144 1.015 1.271
190.0 60.0 4.021 0.940 0.804
200.0 0.0 3.459 0.706 0.674
200.0 25.0 3.918 0.749 0.780
200.0 50.0 4.055 0.886 0.812
202.5 72.5 2.072 0.506 0.338
212.5 12.5 3.927 0.675 0.782
212.5 37.5 2.531 0.541 0.451
212.5 62.5 2.233 0.544 0.378
215.0 85.0 2.382 0.504 0.415
225.0 0.0 4.671 0.949 0.951
225.0 25.0 2.644 0.619 0.479
225.0 50.0 2.951 0.660 0.553
225.0 75.0 2.454 0.596 0.432
227.5 97.5 1.284 0.390 0.137
237.5 12.5 3.822 1.187 0.758
237.5 37.5 3.243 0.702 0.623
237.5 62.5 2.690 0.545 0.490
237.5 87.5 2.114 0.666 0.348
240.0 110.0 2.063 0.826 0.336
250.0 0.0 1.786 0.502 0.266
250.0 25.0 2.294 0.972 0.393
250.0 50.0 1.959 0.597 0.310
250.0 75.0 1.682 0.474 0.239
250.0 100.0 2.460 0.620 0.434
262.5 12.5 2.038 0.561 0.329
262.5 37.5 2.243 0.551 0.381
262.5 62.5 1.340 0.411 0.151
262.5 87.5 1.496 0.446 0.192
275.0 0.0 1.976 0.543 0.314
275.0 25.0 0.547 0.224 -0.059
275.0 50.0 1.521 0.420 0.198
275.0 75.0 1.690 0.404 0.241
287.5 12.5 1.827 0.619 0.276
287.5 37.5 2.063 0.664 0.336
287.5 62.5 1.790 0.454 0.267
300.0 0.0 1.413 0.361 0.170
300.0 25.0 1.568 0.363 0.210
300.0 50.0 0.825 0.251 0.016
300.0 75.0 1.703 0.398 0.245
300.0 100.0 1.266 0.354 0.132
312.5 12.5 0.877 0.265 0.030
312.5 37.5 0.842 0.250 0.021
325.0 0.0 1.517 0.318 0.197
325.0 25.0 1.102 0.273 0.089
325.0 50.0 1.069 0.357 0.080
325.0 75.0 0.904 0.229 0.037
325.0 100.0 1.256 0.398 0.129
337.5 12.5 0.665 0.200 -0.027
350.0 0.0 0.838 0.240 0.019
350.0 25.0 1.185 0.306 0.111
350.0 50.0 0.698 0.194 -0.018
350.0 75.0 0.695 0.252 -0.019
350.0 100.0 0.561 0.150 -0.055
375.0 0.0 0.605 0.161 -0.043
375.0 25.0 0.506 0.145 -0.070
375.0 50.0 0.302 0.101 -0.126
375.0 75.0 0.662 0.176 -0.028
400.0 0.0 0.263 0.126 -0.136
400.0 25.0 0.203 0.102 -0.153
400.0 50.0 0.396 0.141 -0.100
400.0 75.0 0.658 0.209 -0.029
400.0 100.0 0.487 0.155 -0.075
425.0 0.0 0.384 0.177 -0.103
425.0 25.0 0.454 0.139 -0.084
425.0 50.0 0.322 0.114 -0.120
425.0 75.0 0.328 0.122 -0.118
425.0 100.0 1.160 0.432 0.104
450.0 0.0 0.150 0.079 -0.167
450.0 25.0 0.328 0.118 -0.118
450.0 50.0 0.201 0.072 -0.153
450.0 75.0 0.370 0.113 -0.107
450.0 100.0 0.159 0.069 -0.165
475.0 0.0 0.401 0.124 -0.099
475.0 25.0 0.345 0.154 -0.114
475.0 50.0 0.235 0.091 -0.144
475.0 75.0 0.364 0.112 -0.108
475.0 100.0 0.225 0.089 -0.147
500.0 0.0 0.145 0.055 -0.169
500.0 25.0 0.310 0.089 -0.123
500.0 50.0 0.175 0.060 -0.161
500.0 75.0 0.335 0.093 -0.116
525.0 0.0 0.159 0.057 -0.165
525.0 25.0 0.120 0.046 -0.176
525.0 50.0 0.231 0.082 -0.145
550.0 0.0 0.116 0.040 -0.177
550.0 25.0 0.226 0.136 -0.146
575.0 25.0 0.050 0.026 -0.195
#average significance: 1.012
