mC1:mN1:nSig:nSigErr:Zn
#Tag: SR_SS_emu_2_opt
#Zjets: 0.000000 +/- 0.000000 (0)
#multitop: 0.000000 +/- 0.000000 (0)
#Higgs: 0.033276 +/- 0.015585 (19)
#Vgamma: 0.068451 +/- 0.049384 (2)
#Wjets: 0.094287 +/- 0.094287 (1)
#VVV: 0.205135 +/- 0.046936 (31)
#ttbar: 0.267901 +/- 0.267901 (1)
#ttV: 0.388478 +/- 0.059600 (131)
#singletop: 0.411730 +/- 0.411730 (1)
#VV: 3.776719 +/- 0.345907 (909)
#Total BG: 5.245977 +/- 0.615037 (1095)

150.0 0.0 5.947 1.410 1.641
152.5 22.5 4.387 0.794 1.211
162.5 12.5 3.521 0.658 0.958
175.0 0.0 5.154 0.857 1.426
175.0 25.0 5.504 0.928 1.522
177.5 47.5 4.968 1.307 1.375
187.5 12.5 5.425 0.770 1.500
187.5 37.5 3.476 0.782 0.944
190.0 60.0 2.356 0.580 0.598
200.0 0.0 3.878 0.798 1.064
200.0 25.0 3.622 0.680 0.988
200.0 50.0 3.908 0.778 1.072
202.5 72.5 3.522 0.862 0.958
212.5 12.5 3.134 0.665 0.841
212.5 37.5 4.246 1.137 1.170
212.5 62.5 2.728 0.515 0.715
215.0 85.0 1.939 0.430 0.462
225.0 0.0 4.366 1.045 1.205
225.0 25.0 2.685 0.634 0.702
225.0 50.0 3.865 0.721 1.060
225.0 75.0 2.423 0.695 0.619
227.5 97.5 1.230 0.488 0.224
237.5 12.5 3.621 0.703 0.988
237.5 37.5 3.018 0.751 0.805
237.5 62.5 2.186 0.498 0.543
237.5 87.5 3.117 0.640 0.835
240.0 110.0 1.087 0.352 0.174
250.0 0.0 3.059 0.742 0.818
250.0 25.0 1.316 0.430 0.253
250.0 50.0 1.538 0.475 0.329
250.0 75.0 2.195 0.572 0.546
250.0 100.0 1.606 0.483 0.352
262.5 12.5 4.375 1.658 1.207
262.5 37.5 3.190 0.702 0.858
262.5 62.5 1.690 0.468 0.380
262.5 87.5 2.476 0.732 0.636
275.0 0.0 1.960 0.447 0.469
275.0 25.0 2.377 0.520 0.604
275.0 50.0 2.161 0.514 0.535
275.0 75.0 1.393 0.389 0.280
287.5 12.5 2.085 0.431 0.510
287.5 37.5 2.415 0.592 0.616
287.5 62.5 2.674 0.879 0.698
300.0 0.0 1.967 0.417 0.471
300.0 25.0 2.248 0.495 0.563
300.0 50.0 2.166 0.469 0.536
300.0 75.0 1.700 0.394 0.383
300.0 100.0 1.896 0.673 0.448
312.5 12.5 1.901 0.376 0.450
312.5 37.5 1.441 0.339 0.296
325.0 0.0 1.234 0.311 0.225
325.0 25.0 1.225 0.275 0.222
325.0 50.0 1.703 0.422 0.384
325.0 75.0 1.320 0.352 0.255
325.0 100.0 1.136 0.286 0.191
337.5 12.5 1.703 0.299 0.384
350.0 0.0 1.492 0.439 0.313
350.0 25.0 1.526 0.279 0.325
350.0 50.0 1.311 0.254 0.252
350.0 75.0 1.163 0.266 0.201
350.0 100.0 0.889 0.235 0.105
375.0 0.0 0.932 0.265 0.120
375.0 25.0 0.726 0.171 0.047
375.0 50.0 0.725 0.178 0.046
375.0 75.0 0.796 0.170 0.071
400.0 0.0 0.650 0.166 0.019
400.0 25.0 0.634 0.186 0.014
400.0 50.0 1.369 0.282 0.271
400.0 75.0 0.570 0.175 -0.010
400.0 100.0 0.713 0.185 0.042
425.0 0.0 0.675 0.219 0.028
425.0 25.0 0.539 0.188 -0.021
425.0 50.0 0.983 0.415 0.138
425.0 75.0 0.379 0.129 -0.079
425.0 100.0 0.362 0.116 -0.086
450.0 0.0 0.473 0.126 -0.045
450.0 25.0 0.321 0.137 -0.101
450.0 50.0 0.780 0.264 0.066
450.0 75.0 0.774 0.229 0.064
450.0 100.0 0.632 0.170 0.013
475.0 0.0 0.555 0.129 -0.015
475.0 25.0 0.481 0.122 -0.042
475.0 50.0 0.362 0.096 -0.086
475.0 75.0 0.521 0.125 -0.028
475.0 100.0 0.510 0.115 -0.031
500.0 0.0 0.324 0.104 -0.100
500.0 25.0 0.366 0.089 -0.084
500.0 50.0 0.406 0.098 -0.069
500.0 75.0 0.224 0.079 -0.137
525.0 0.0 0.317 0.088 -0.102
525.0 25.0 0.246 0.064 -0.129
525.0 50.0 0.339 0.081 -0.094
550.0 0.0 0.257 0.061 -0.125
550.0 25.0 0.174 0.052 -0.156
575.0 25.0 0.318 0.069 -0.102
#average significance: 1.224
