mC1:mN1:nSig:nSigErr:Zn
#Tag: SR_SS_emu_1_opt
#multitop: 0.000000 +/- 0.000000 (0)
#ttV: 0.075411 +/- 0.023252 (30)
#singletop: 0.129181 +/- 0.129181 (1)
#Zjets: 0.203157 +/- 0.134263 (3)
#VVV: 0.379796 +/- 0.065537 (50)
#ttbar: 0.486713 +/- 0.344585 (2)
#Vgamma: 0.837553 +/- 0.401676 (16)
#Higgs: 1.737722 +/- 0.915252 (10)
#Wjets: 3.022175 +/- 1.371445 (13)
#VV: 7.509626 +/- 0.776695 (1428)
#Total BG: 14.381333 +/- 1.908255 (1553)

150.0 0.0 8.963 1.197 1.231
152.5 22.5 7.251 1.059 0.985
162.5 12.5 8.163 0.991 1.117
175.0 0.0 6.405 1.067 0.859
175.0 25.0 6.979 1.407 0.945
177.5 47.5 4.785 1.083 0.610
187.5 12.5 4.857 0.778 0.622
187.5 37.5 5.611 1.310 0.739
190.0 60.0 3.229 0.590 0.361
200.0 0.0 5.080 0.821 0.657
200.0 25.0 5.308 0.881 0.692
200.0 50.0 4.127 0.743 0.506
202.5 72.5 3.895 0.683 0.469
212.5 12.5 4.339 0.764 0.540
212.5 37.5 5.294 0.825 0.690
212.5 62.5 3.915 0.743 0.472
215.0 85.0 3.288 0.677 0.371
225.0 0.0 3.653 0.728 0.430
225.0 25.0 4.622 1.390 0.585
225.0 50.0 4.360 0.781 0.543
225.0 75.0 2.721 0.687 0.277
227.5 97.5 2.006 0.503 0.156
237.5 12.5 4.971 1.561 0.640
237.5 37.5 3.406 0.785 0.390
237.5 62.5 2.417 0.544 0.226
237.5 87.5 2.778 0.617 0.286
240.0 110.0 1.976 0.478 0.151
250.0 0.0 3.094 0.804 0.339
250.0 25.0 4.070 1.040 0.497
250.0 50.0 2.763 0.787 0.284
250.0 75.0 2.441 0.580 0.230
250.0 100.0 2.823 0.807 0.294
262.5 12.5 2.612 0.606 0.259
262.5 37.5 2.384 0.660 0.220
262.5 62.5 1.922 0.475 0.142
262.5 87.5 1.943 0.500 0.146
275.0 0.0 3.127 0.649 0.344
275.0 25.0 2.412 0.536 0.225
275.0 50.0 1.922 0.570 0.142
275.0 75.0 2.230 0.477 0.194
287.5 12.5 2.656 0.531 0.266
287.5 37.5 2.922 0.836 0.310
287.5 62.5 2.051 0.510 0.164
300.0 0.0 1.704 0.442 0.105
300.0 25.0 1.863 0.390 0.132
300.0 50.0 2.732 0.474 0.279
300.0 75.0 2.847 0.763 0.298
300.0 100.0 2.169 0.447 0.184
312.5 12.5 1.065 0.257 -0.006
312.5 37.5 2.578 0.689 0.253
325.0 0.0 2.087 0.369 0.170
325.0 25.0 1.375 0.383 0.048
325.0 50.0 1.271 0.317 0.030
325.0 75.0 1.404 0.311 0.053
325.0 100.0 1.373 0.337 0.047
337.5 12.5 1.589 0.294 0.085
350.0 0.0 1.336 0.296 0.041
350.0 25.0 1.255 0.245 0.027
350.0 50.0 1.529 0.289 0.074
350.0 75.0 1.390 0.280 0.050
350.0 100.0 0.752 0.169 -0.062
375.0 0.0 1.492 0.585 0.068
375.0 25.0 1.790 0.344 0.119
375.0 50.0 0.779 0.169 -0.057
375.0 75.0 1.156 0.207 0.009
400.0 0.0 0.491 0.164 -0.108
400.0 25.0 1.178 0.297 0.013
400.0 50.0 1.050 0.282 -0.009
400.0 75.0 1.048 0.239 -0.009
400.0 100.0 0.945 0.243 -0.028
425.0 0.0 0.307 0.109 -0.142
425.0 25.0 1.101 0.255 -0.000
425.0 50.0 0.392 0.136 -0.126
425.0 75.0 0.610 0.171 -0.087
425.0 100.0 0.481 0.140 -0.110
450.0 0.0 0.593 0.150 -0.090
450.0 25.0 0.518 0.142 -0.104
450.0 50.0 0.550 0.151 -0.098
450.0 75.0 0.287 0.101 -0.145
450.0 100.0 0.539 0.133 -0.100
475.0 0.0 0.284 0.089 -0.146
475.0 25.0 0.720 0.184 -0.067
475.0 50.0 0.438 0.113 -0.118
475.0 75.0 0.259 0.083 -0.150
475.0 100.0 0.313 0.097 -0.140
500.0 0.0 0.427 0.122 -0.120
500.0 25.0 0.361 0.108 -0.132
500.0 50.0 0.692 0.233 -0.072
500.0 75.0 0.319 0.092 -0.139
525.0 0.0 0.351 0.092 -0.134
525.0 25.0 0.325 0.076 -0.138
525.0 50.0 0.330 0.076 -0.137
550.0 0.0 0.333 0.076 -0.137
550.0 25.0 0.288 0.072 -0.145
575.0 25.0 0.526 0.139 -0.102
