mC1:mN1:nSig:nSigErr:Zn
#Tag: SR_SS_jet1_opt
#multitop: 0.000000 +/- 0.000000 (0)
#Higgs: 0.007368 +/- 0.003821 (4)
#ttV: 0.088506 +/- 0.021935 (28)
#VVV: 0.202236 +/- 0.040882 (34)
#charge flip: 0.340352 +/- 0.035919 (261)
#Fakes: 1.592322 +/- 0.625976 (29)
#VVReal: 2.297135 +/- 0.461023 (420)
#Total BG: 4.527919 +/- 0.779645 (776)

150.0 0.0 5.080 0.879 1.467
152.5 22.5 5.451 0.882 1.572
162.5 12.5 6.166 0.937 1.769
175.0 0.0 7.000 1.105 1.990
175.0 25.0 5.173 0.997 1.494
177.5 47.5 2.383 0.543 0.636
187.5 12.5 3.481 0.588 0.991
187.5 37.5 4.390 0.702 1.267
190.0 60.0 3.730 0.673 1.068
200.0 0.0 5.241 0.831 1.513
200.0 25.0 4.111 0.792 1.183
200.0 50.0 3.109 0.690 0.873
202.5 72.5 2.439 0.416 0.655
212.5 12.5 5.323 0.601 1.536
212.5 37.5 4.366 0.511 1.259
212.5 62.5 2.553 0.332 0.693
215.0 85.0 2.517 0.365 0.681
225.0 0.0 4.352 0.628 1.255
225.0 25.0 4.190 0.490 1.207
225.0 50.0 4.104 0.535 1.181
225.0 75.0 3.294 0.483 0.932
227.5 97.5 2.127 0.356 0.550
237.5 12.5 3.534 0.413 1.007
237.5 37.5 3.784 0.444 1.084
237.5 62.5 3.394 0.481 0.964
237.5 87.5 2.033 0.313 0.518
240.0 110.0 1.123 0.331 0.194
250.0 0.0 4.135 0.514 1.191
250.0 25.0 4.087 0.509 1.176
250.0 50.0 3.657 0.449 1.045
250.0 75.0 2.025 0.509 0.515
250.0 100.0 1.668 0.497 0.390
262.5 12.5 4.071 1.261 1.171
262.5 37.5 2.588 0.598 0.704
262.5 62.5 2.981 0.603 0.832
262.5 87.5 2.769 0.596 0.764
275.0 0.0 2.721 0.578 0.748
275.0 25.0 2.772 0.562 0.765
275.0 50.0 2.630 0.661 0.718
275.0 75.0 2.534 0.561 0.687
287.5 12.5 2.118 0.454 0.547
287.5 37.5 3.446 0.936 0.980
287.5 62.5 2.416 0.551 0.647
300.0 0.0 2.789 0.598 0.770
300.0 25.0 2.216 0.438 0.580
300.0 50.0 2.191 0.424 0.571
300.0 75.0 2.363 0.433 0.629
300.0 100.0 2.894 0.822 0.804
312.5 12.5 1.703 0.350 0.403
312.5 37.5 3.361 0.756 0.953
325.0 0.0 2.428 0.391 0.651
325.0 25.0 1.549 0.305 0.348
325.0 50.0 1.809 0.415 0.440
325.0 75.0 1.447 0.315 0.312
325.0 100.0 2.221 0.399 0.581
337.5 12.5 2.021 0.547 0.513
350.0 0.0 1.575 0.386 0.358
350.0 25.0 1.759 0.352 0.422
350.0 50.0 1.869 0.372 0.461
350.0 75.0 1.300 0.275 0.259
350.0 100.0 1.277 0.240 0.250
375.0 0.0 1.322 0.352 0.267
375.0 25.0 1.510 0.305 0.334
375.0 50.0 0.908 0.179 0.114
375.0 75.0 0.954 0.187 0.132
400.0 0.0 1.074 0.429 0.176
400.0 25.0 0.846 0.217 0.091
400.0 50.0 1.745 0.345 0.417
400.0 75.0 1.423 0.296 0.303
400.0 100.0 0.986 0.230 0.143
425.0 0.0 0.732 0.215 0.047
425.0 25.0 1.042 0.247 0.164
425.0 50.0 0.874 0.192 0.101
425.0 75.0 0.921 0.205 0.119
425.0 100.0 0.683 0.175 0.029
450.0 0.0 0.348 0.115 -0.101
450.0 25.0 0.489 0.138 -0.046
450.0 50.0 0.693 0.250 0.033
450.0 75.0 0.835 0.216 0.087
450.0 100.0 0.598 0.145 -0.004
475.0 0.0 0.434 0.123 -0.067
475.0 25.0 0.846 0.192 0.091
475.0 50.0 0.499 0.118 -0.042
475.0 75.0 0.546 0.134 -0.024
475.0 100.0 0.479 0.124 -0.050
500.0 0.0 0.397 0.109 -0.082
500.0 25.0 0.572 0.138 -0.014
500.0 50.0 0.936 0.250 0.125
500.0 75.0 0.549 0.119 -0.023
525.0 0.0 0.345 0.084 -0.102
525.0 25.0 0.408 0.088 -0.078
525.0 50.0 0.622 0.125 0.006
550.0 0.0 0.344 0.072 -0.103
550.0 25.0 0.201 0.057 -0.160
575.0 25.0 0.290 0.086 -0.124
#average significance: 1.099
