mC1:mN1:nSig:nSigErr:Zn
#Tag: SR_SS_jet1_pre
#ttV: 1.971267 +/- 0.138488 (671)
#WW: 38.128141 +/- 0.388221 (15666)
#Rare: 47.371873 +/- 4.082859 (1662)
#ZZ: 66.945860 +/- 1.049840 (21749)
#WZ: 691.333566 +/- 34.238864 (68626)
#charge flip: 3622.756937 +/- 2.810481 (3375964)
#Fakes: 11580.965417 +/- 45.775452 (107219)
#Total BG: 16049.473060 +/- 57.389305 (3591557)

150.0 0.0 134.360 5.007 -0.132
152.5 22.5 123.473 4.648 -0.135
162.5 12.5 105.720 3.711 -0.140
175.0 0.0 74.297 3.569 -0.147
175.0 25.0 75.070 3.797 -0.147
177.5 47.5 70.960 3.350 -0.148
187.5 12.5 59.158 2.813 -0.151
187.5 37.5 62.091 3.132 -0.151
190.0 60.0 55.450 2.740 -0.152
200.0 0.0 51.405 3.210 -0.153
200.0 25.0 46.810 2.629 -0.154
200.0 50.0 47.964 3.058 -0.154
202.5 72.5 45.581 1.717 -0.155
212.5 12.5 38.896 1.490 -0.156
212.5 37.5 38.030 1.498 -0.157
212.5 62.5 38.130 1.554 -0.157
215.0 85.0 37.395 1.510 -0.157
225.0 0.0 30.345 1.357 -0.159
225.0 25.0 30.771 1.345 -0.158
225.0 50.0 34.260 1.490 -0.158
225.0 75.0 33.081 1.570 -0.158
227.5 97.5 26.363 2.026 -0.160
237.5 12.5 28.373 1.263 -0.159
237.5 37.5 26.216 1.158 -0.160
237.5 62.5 25.571 1.086 -0.160
237.5 87.5 26.170 1.144 -0.160
240.0 110.0 25.175 1.882 -0.160
250.0 0.0 22.415 1.129 -0.160
250.0 25.0 22.327 1.063 -0.161
250.0 50.0 24.590 1.193 -0.160
250.0 75.0 21.963 1.964 -0.161
250.0 100.0 18.954 1.721 -0.161
262.5 12.5 18.486 1.924 -0.161
262.5 37.5 16.560 1.431 -0.162
262.5 62.5 18.053 1.579 -0.162
262.5 87.5 18.614 1.865 -0.161
275.0 0.0 17.129 1.481 -0.162
275.0 25.0 14.531 1.227 -0.162
275.0 50.0 14.537 1.397 -0.162
275.0 75.0 14.379 1.286 -0.163
287.5 12.5 14.777 1.474 -0.162
287.5 37.5 13.429 1.380 -0.163
287.5 62.5 13.627 1.237 -0.163
300.0 0.0 9.801 0.976 -0.164
300.0 25.0 11.560 1.055 -0.163
300.0 50.0 10.865 1.193 -0.163
300.0 75.0 11.538 1.057 -0.163
300.0 100.0 11.068 1.241 -0.163
312.5 12.5 8.993 0.878 -0.164
312.5 37.5 10.633 1.033 -0.163
325.0 0.0 7.364 0.670 -0.164
325.0 25.0 7.819 0.804 -0.164
325.0 50.0 8.547 0.810 -0.164
325.0 75.0 7.414 0.709 -0.164
325.0 100.0 8.005 0.767 -0.164
337.5 12.5 4.950 0.526 -0.165
350.0 0.0 6.699 0.676 -0.164
350.0 25.0 5.981 0.610 -0.165
350.0 50.0 6.150 0.606 -0.165
350.0 75.0 5.886 0.713 -0.165
350.0 100.0 5.828 0.540 -0.165
375.0 0.0 4.700 0.544 -0.165
375.0 25.0 4.725 0.475 -0.165
375.0 50.0 3.628 0.360 -0.165
375.0 75.0 4.615 0.487 -0.165
400.0 0.0 3.113 0.583 -0.165
400.0 25.0 3.845 0.488 -0.165
400.0 50.0 3.750 0.486 -0.165
400.0 75.0 4.035 0.467 -0.165
400.0 100.0 3.689 0.533 -0.165
425.0 0.0 2.622 0.364 -0.165
425.0 25.0 3.228 0.506 -0.165
425.0 50.0 3.163 0.408 -0.165
425.0 75.0 3.157 0.363 -0.165
425.0 100.0 3.224 0.486 -0.165
450.0 0.0 1.443 0.219 -0.166
450.0 25.0 2.205 0.602 -0.166
450.0 50.0 1.943 0.332 -0.166
450.0 75.0 2.120 0.287 -0.166
450.0 100.0 2.246 0.370 -0.166
475.0 0.0 1.804 0.230 -0.166
475.0 25.0 2.241 0.335 -0.166
475.0 50.0 1.931 0.272 -0.166
475.0 75.0 1.945 0.235 -0.166
475.0 100.0 1.540 0.225 -0.166
500.0 0.0 1.306 0.172 -0.166
500.0 25.0 1.488 0.196 -0.166
500.0 50.0 1.760 0.254 -0.166
500.0 75.0 1.373 0.204 -0.166
525.0 0.0 1.021 0.151 -0.166
525.0 25.0 1.262 0.210 -0.166
525.0 50.0 1.262 0.152 -0.166
550.0 0.0 0.991 0.131 -0.166
550.0 25.0 0.977 0.162 -0.166
575.0 25.0 0.759 0.123 -0.166
#average significance: -0.154
