mC1:mN1:nSig:nSigErr:Zn
#Tag: SR_SS_jet23_opt
#multitop: 0.000000 +/- 0.000000 (0)
#Higgs: 0.024664 +/- 0.008457 (19)
#ttV: 0.116356 +/- 0.023929 (44)
#charge flip: 0.146454 +/- 0.023734 (133)
#VVV: 0.148599 +/- 0.059594 (15)
#Fakes: 0.646477 +/- 0.420766 (9)
#VVReal: 1.445195 +/- 0.207745 (284)
#Total BG: 2.527745 +/- 0.474300 (504)

150.0 0.0 3.610 0.765 1.436
152.5 22.5 3.217 0.773 1.277
162.5 12.5 3.513 0.662 1.397
175.0 0.0 5.961 1.007 2.293
175.0 25.0 4.241 0.759 1.679
177.5 47.5 4.730 1.354 1.861
187.5 12.5 5.704 0.877 2.206
187.5 37.5 4.687 1.109 1.845
190.0 60.0 1.122 0.327 0.332
200.0 0.0 5.250 1.094 2.047
200.0 25.0 5.865 0.982 2.261
200.0 50.0 4.066 1.208 1.613
202.5 72.5 2.095 0.409 0.796
212.5 12.5 3.961 0.453 1.572
212.5 37.5 4.359 0.505 1.724
212.5 62.5 2.290 0.315 0.884
215.0 85.0 1.489 0.297 0.513
225.0 0.0 4.308 0.528 1.705
225.0 25.0 3.761 0.433 1.495
225.0 50.0 3.973 0.582 1.577
225.0 75.0 1.921 0.341 0.717
227.5 97.5 1.158 0.240 0.350
237.5 12.5 4.085 0.446 1.620
237.5 37.5 4.048 0.437 1.606
237.5 62.5 3.038 0.368 1.204
237.5 87.5 1.752 0.256 0.638
240.0 110.0 0.622 0.261 0.072
250.0 0.0 4.820 0.494 1.894
250.0 25.0 3.422 0.370 1.360
250.0 50.0 3.608 0.440 1.434
250.0 75.0 1.977 0.567 0.743
250.0 100.0 1.466 0.483 0.502
262.5 12.5 3.904 0.970 1.550
262.5 37.5 3.939 0.947 1.564
262.5 62.5 2.417 0.536 0.939
262.5 87.5 2.689 0.667 1.057
275.0 0.0 3.154 0.648 1.252
275.0 25.0 3.211 0.608 1.275
275.0 50.0 3.348 0.675 1.331
275.0 75.0 3.050 0.645 1.209
287.5 12.5 3.789 0.625 1.506
287.5 37.5 3.314 0.926 1.317
287.5 62.5 3.133 0.542 1.243
300.0 0.0 2.777 0.519 1.095
300.0 25.0 3.478 0.545 1.383
300.0 50.0 2.915 0.579 1.153
300.0 75.0 3.164 0.870 1.256
300.0 100.0 2.569 0.474 1.006
312.5 12.5 3.067 0.572 1.216
312.5 37.5 2.277 0.399 0.878
325.0 0.0 2.427 0.619 0.944
325.0 25.0 1.795 0.356 0.658
325.0 50.0 2.896 0.581 1.145
325.0 75.0 2.422 0.453 0.942
325.0 100.0 2.372 0.441 0.920
337.5 12.5 2.575 0.402 1.008
350.0 0.0 2.047 0.526 0.775
350.0 25.0 2.280 0.331 0.879
350.0 50.0 1.892 0.303 0.703
350.0 75.0 1.641 0.302 0.586
350.0 100.0 1.264 0.231 0.404
375.0 0.0 1.504 0.315 0.521
375.0 25.0 1.332 0.233 0.437
375.0 50.0 1.344 0.359 0.443
375.0 75.0 1.683 0.249 0.606
400.0 0.0 0.974 0.201 0.257
400.0 25.0 1.186 0.250 0.364
400.0 50.0 1.790 0.523 0.656
400.0 75.0 1.328 0.280 0.435
400.0 100.0 1.307 0.353 0.424
425.0 0.0 1.242 0.235 0.392
425.0 25.0 0.570 0.156 0.043
425.0 50.0 1.084 0.257 0.313
425.0 75.0 0.572 0.165 0.045
425.0 100.0 0.815 0.181 0.175
450.0 0.0 1.212 0.212 0.378
450.0 25.0 0.691 0.221 0.109
450.0 50.0 0.720 0.182 0.124
450.0 75.0 1.015 0.191 0.278
450.0 100.0 0.945 0.200 0.242
475.0 0.0 0.680 0.139 0.103
475.0 25.0 0.748 0.176 0.139
475.0 50.0 0.548 0.125 0.032
475.0 75.0 0.860 0.173 0.198
475.0 100.0 0.900 0.171 0.219
500.0 0.0 0.352 0.095 -0.077
500.0 25.0 0.530 0.112 0.022
500.0 50.0 1.032 0.243 0.287
500.0 75.0 0.765 0.155 0.148
525.0 0.0 0.433 0.090 -0.032
525.0 25.0 0.311 0.081 -0.100
525.0 50.0 0.626 0.109 0.074
550.0 0.0 0.426 0.087 -0.036
550.0 25.0 0.321 0.070 -0.095
575.0 25.0 0.313 0.064 -0.099
#average significance: 1.281
