mC1:mN1:nSig:nSigErr:Zn
#Tag: SR_SS_jet23_pre
#multitop: 0.004445 +/- 0.002173 (11)
#VVV: 9.621737 +/- 0.378706 (1843)
#ttV: 16.133395 +/- 0.344889 (6598)
#Higgs: 54.801672 +/- 6.126581 (677)
#VVReal: 992.499500 +/- 6.121946 (263439)
#charge flip: 2074.427691 +/- 2.680118 (1679673)
#Fakes: 6939.719821 +/- 36.471903 (66096)
#Total BG: 10087.208260 +/- 37.585347 (2018337)

150.0 0.0 182.366 6.075 -0.094
152.5 22.5 165.224 5.717 -0.100
162.5 12.5 139.335 4.463 -0.111
175.0 0.0 111.360 5.299 -0.122
175.0 25.0 103.920 4.375 -0.125
177.5 47.5 112.668 5.148 -0.121
187.5 12.5 92.344 4.086 -0.129
187.5 37.5 89.519 3.993 -0.130
190.0 60.0 78.571 3.528 -0.135
200.0 0.0 73.463 3.886 -0.137
200.0 25.0 68.722 3.574 -0.139
200.0 50.0 71.104 3.637 -0.138
202.5 72.5 68.390 2.299 -0.139
212.5 12.5 58.099 1.872 -0.143
212.5 37.5 59.229 2.036 -0.143
212.5 62.5 58.412 1.916 -0.143
215.0 85.0 52.912 1.786 -0.145
225.0 0.0 44.865 1.721 -0.148
225.0 25.0 47.457 1.679 -0.147
225.0 50.0 47.734 1.691 -0.147
225.0 75.0 47.982 1.874 -0.147
227.5 97.5 43.728 1.668 -0.149
237.5 12.5 41.873 1.586 -0.149
237.5 37.5 41.763 1.587 -0.149
237.5 62.5 38.248 1.434 -0.151
237.5 87.5 38.696 1.351 -0.151
240.0 110.0 35.584 2.460 -0.152
250.0 0.0 36.320 1.391 -0.152
250.0 25.0 38.427 1.488 -0.151
250.0 50.0 33.147 1.391 -0.153
250.0 75.0 36.172 2.583 -0.152
250.0 100.0 33.765 2.690 -0.153
262.5 12.5 32.980 2.608 -0.153
262.5 37.5 31.679 2.226 -0.153
262.5 62.5 28.893 2.242 -0.155
262.5 87.5 24.763 1.925 -0.156
275.0 0.0 27.033 2.186 -0.155
275.0 25.0 24.446 1.837 -0.156
275.0 50.0 28.714 2.375 -0.155
275.0 75.0 25.737 2.197 -0.156
287.5 12.5 23.923 1.905 -0.157
287.5 37.5 22.699 1.753 -0.157
287.5 62.5 25.644 2.151 -0.156
300.0 0.0 20.576 1.606 -0.158
300.0 25.0 20.740 1.508 -0.158
300.0 50.0 21.914 1.581 -0.157
300.0 75.0 19.142 1.510 -0.158
300.0 100.0 17.962 1.282 -0.159
312.5 12.5 18.478 1.479 -0.159
312.5 37.5 18.576 1.655 -0.159
325.0 0.0 14.382 1.179 -0.160
325.0 25.0 14.588 1.134 -0.160
325.0 50.0 16.753 1.236 -0.159
325.0 75.0 14.306 1.030 -0.160
325.0 100.0 15.126 1.174 -0.160
337.5 12.5 13.916 0.968 -0.161
350.0 0.0 11.351 0.988 -0.162
350.0 25.0 10.711 0.795 -0.162
350.0 50.0 10.340 0.753 -0.162
350.0 75.0 10.922 0.902 -0.162
350.0 100.0 10.325 0.738 -0.162
375.0 0.0 8.936 0.718 -0.163
375.0 25.0 8.745 0.688 -0.163
375.0 50.0 8.158 0.712 -0.163
375.0 75.0 8.904 0.695 -0.163
400.0 0.0 6.661 0.809 -0.163
400.0 25.0 7.386 0.739 -0.163
400.0 50.0 8.133 0.870 -0.163
400.0 75.0 7.673 0.868 -0.163
400.0 100.0 6.459 0.673 -0.164
425.0 0.0 5.474 0.651 -0.164
425.0 25.0 4.667 0.479 -0.164
425.0 50.0 6.834 0.753 -0.163
425.0 75.0 4.558 0.486 -0.164
425.0 100.0 4.511 0.555 -0.164
450.0 0.0 4.533 0.430 -0.164
450.0 25.0 3.917 0.603 -0.165
450.0 50.0 4.863 0.626 -0.164
450.0 75.0 4.044 0.432 -0.165
450.0 100.0 4.533 0.455 -0.164
475.0 0.0 3.116 0.310 -0.165
475.0 25.0 3.193 0.359 -0.165
475.0 50.0 3.274 0.335 -0.165
475.0 75.0 3.306 0.332 -0.165
475.0 100.0 4.008 0.490 -0.165
500.0 0.0 2.604 0.297 -0.165
500.0 25.0 2.898 0.299 -0.165
500.0 50.0 3.352 0.355 -0.165
500.0 75.0 2.530 0.268 -0.165
525.0 0.0 2.243 0.232 -0.165
525.0 25.0 2.012 0.207 -0.165
525.0 50.0 2.285 0.217 -0.165
550.0 0.0 1.809 0.182 -0.165
550.0 25.0 1.817 0.260 -0.165
575.0 25.0 1.212 0.128 -0.166
#average significance: -0.139
