mC1:mN1:nSig:nSigErr:Zn
#Tag: SR_SS_mumu_2_pre
#multitop: 0.000239 +/- 0.000239 (1)
#Vgamma: 0.009093 +/- 0.009093 (1)
#VVV: 3.349678 +/- 0.225772 (585)
#ttV: 4.745801 +/- 0.185726 (1839)
#singletop: 6.304461 +/- 1.774056 (32)
#Higgs: 19.970072 +/- 4.488324 (189)
#Zjets: 26.425762 +/- 16.407874 (106)
#ttbar: 51.640898 +/- 4.226056 (179)
#Wjets: 75.754469 +/- 16.342688 (307)
#VV: 299.558560 +/- 3.876707 (78519)
#Total BG: 487.759033 +/- 24.342721 (81758)

150.0 0.0 62.528 3.628 0.310
152.5 22.5 57.544 3.290 0.274
162.5 12.5 48.714 2.523 0.208
175.0 0.0 42.692 3.321 0.162
175.0 25.0 38.304 2.788 0.129
177.5 47.5 40.320 2.936 0.144
187.5 12.5 34.832 3.005 0.103
187.5 37.5 27.388 1.928 0.046
190.0 60.0 28.786 2.266 0.056
200.0 0.0 24.615 2.118 0.024
200.0 25.0 21.307 2.066 -0.002
200.0 50.0 28.224 2.754 0.052
202.5 72.5 26.257 2.065 0.037
212.5 12.5 22.044 1.921 0.004
212.5 37.5 23.376 2.127 0.015
212.5 62.5 19.066 1.740 -0.019
215.0 85.0 18.356 1.508 -0.025
225.0 0.0 17.899 1.996 -0.028
225.0 25.0 14.885 1.559 -0.052
225.0 50.0 17.856 1.713 -0.028
225.0 75.0 18.049 2.368 -0.027
227.5 97.5 14.053 1.583 -0.058
237.5 12.5 14.932 2.144 -0.051
237.5 37.5 15.289 1.536 -0.048
237.5 62.5 13.705 1.456 -0.061
237.5 87.5 13.096 1.226 -0.066
240.0 110.0 15.614 1.579 -0.046
250.0 0.0 14.285 1.978 -0.056
250.0 25.0 11.780 1.472 -0.076
250.0 50.0 10.721 1.530 -0.084
250.0 75.0 12.537 1.530 -0.070
250.0 100.0 13.692 1.866 -0.061
262.5 12.5 9.180 1.114 -0.096
262.5 37.5 9.089 1.249 -0.097
262.5 62.5 11.407 1.351 -0.079
262.5 87.5 8.377 1.236 -0.103
275.0 0.0 9.878 1.431 -0.091
275.0 25.0 7.156 0.997 -0.112
275.0 50.0 9.098 1.087 -0.097
275.0 75.0 9.484 1.380 -0.094
287.5 12.5 7.501 0.940 -0.110
287.5 37.5 6.954 0.957 -0.114
287.5 62.5 7.192 0.871 -0.112
300.0 0.0 6.109 0.906 -0.121
300.0 25.0 7.669 0.958 -0.108
300.0 50.0 7.282 0.871 -0.111
300.0 75.0 7.150 1.172 -0.113
300.0 100.0 6.459 0.792 -0.118
312.5 12.5 5.778 0.764 -0.123
312.5 37.5 5.353 0.685 -0.127
325.0 0.0 5.041 0.756 -0.129
325.0 25.0 4.043 0.678 -0.137
325.0 50.0 4.989 0.681 -0.130
325.0 75.0 4.942 0.555 -0.130
325.0 100.0 4.510 0.677 -0.133
337.5 12.5 3.850 0.464 -0.139
350.0 0.0 3.145 0.541 -0.144
350.0 25.0 3.830 0.463 -0.139
350.0 50.0 3.430 0.460 -0.142
350.0 75.0 3.947 0.512 -0.138
350.0 100.0 3.905 0.506 -0.138
375.0 0.0 2.838 0.339 -0.147
375.0 25.0 2.796 0.409 -0.147
375.0 50.0 2.118 0.291 -0.152
375.0 75.0 2.920 0.503 -0.146
400.0 0.0 1.448 0.352 -0.158
400.0 25.0 1.997 0.359 -0.153
400.0 50.0 2.786 0.529 -0.147
400.0 75.0 3.173 0.491 -0.144
400.0 100.0 2.487 0.446 -0.150
425.0 0.0 1.969 0.483 -0.154
425.0 25.0 1.259 0.242 -0.159
425.0 50.0 1.992 0.334 -0.153
425.0 75.0 2.755 0.912 -0.147
425.0 100.0 1.858 0.416 -0.155
450.0 0.0 1.728 0.272 -0.156
450.0 25.0 1.181 0.256 -0.160
450.0 50.0 1.394 0.324 -0.158
450.0 75.0 1.078 0.211 -0.161
450.0 100.0 1.720 0.343 -0.156
475.0 0.0 1.030 0.194 -0.161
475.0 25.0 1.167 0.261 -0.160
475.0 50.0 1.082 0.201 -0.161
475.0 75.0 0.947 0.172 -0.162
475.0 100.0 1.145 0.189 -0.160
500.0 0.0 0.739 0.186 -0.163
500.0 25.0 0.776 0.140 -0.163
500.0 50.0 0.880 0.141 -0.162
500.0 75.0 0.927 0.165 -0.162
525.0 0.0 0.567 0.102 -0.165
525.0 25.0 0.589 0.108 -0.165
525.0 50.0 0.763 0.144 -0.163
550.0 0.0 0.551 0.094 -0.165
550.0 25.0 0.609 0.181 -0.165
575.0 25.0 0.210 0.050 -0.168
#average significance: 0.146
