mC1:mN1:nSig:nSigErr:Zn
#Tag: SR_SS_ee_1_opt
#Zjets: -0.192271 +/- 0.219176 (2)
#multitop: 0.000000 +/- 0.000000 (0)
#Higgs: 0.001591 +/- 0.002645 (3)
#ttV: 0.048217 +/- 0.018457 (14)
#VVV: 0.165921 +/- 0.045153 (20)
#ttbar: 0.202127 +/- 0.202127 (1)
#singletop: 0.204933 +/- 0.204933 (1)
#Wjets: 0.483988 +/- 1.078672 (10)
#Vgamma: 1.143093 +/- 0.900248 (8)
#VV: 2.180278 +/- 0.516846 (448)
#Total BG: 4.430148 +/- 1.540904 (507)

150.0 0.0 4.271 0.867 0.992
152.5 22.5 2.819 0.603 0.599
162.5 12.5 3.069 0.634 0.669
175.0 0.0 2.468 0.656 0.498
175.0 25.0 2.456 0.595 0.494
177.5 47.5 1.999 0.520 0.358
187.5 12.5 2.017 0.548 0.364
187.5 37.5 1.808 0.449 0.300
190.0 60.0 1.516 0.475 0.209
200.0 0.0 2.219 0.578 0.424
200.0 25.0 1.507 0.421 0.206
200.0 50.0 2.303 0.605 0.449
202.5 72.5 0.303 0.175 -0.197
212.5 12.5 1.345 0.377 0.155
212.5 37.5 2.116 0.536 0.394
212.5 62.5 1.197 0.392 0.107
215.0 85.0 1.063 0.332 0.063
225.0 0.0 1.983 0.566 0.354
225.0 25.0 1.349 0.438 0.156
225.0 50.0 1.724 0.480 0.274
225.0 75.0 1.878 0.517 0.321
227.5 97.5 0.876 0.336 0.001
237.5 12.5 1.569 0.466 0.225
237.5 37.5 0.922 0.329 0.016
237.5 62.5 1.353 0.428 0.157
237.5 87.5 0.731 0.286 -0.048
240.0 110.0 0.425 0.215 -0.154
250.0 0.0 2.325 0.751 0.456
250.0 25.0 1.019 0.437 0.048
250.0 50.0 2.215 0.768 0.423
250.0 75.0 0.360 0.268 -0.177
250.0 100.0 0.910 0.387 0.012
262.5 12.5 0.683 0.318 -0.064
262.5 37.5 1.210 0.408 0.111
262.5 62.5 1.291 0.454 0.137
262.5 87.5 0.647 0.265 -0.077
275.0 0.0 1.797 0.533 0.297
275.0 25.0 0.795 0.283 -0.027
275.0 50.0 0.651 0.280 -0.076
275.0 75.0 1.537 0.566 0.216
287.5 12.5 0.490 0.200 -0.131
287.5 37.5 1.599 0.824 0.235
287.5 62.5 0.931 0.565 0.019
300.0 0.0 0.894 0.309 0.007
300.0 25.0 0.594 0.228 -0.095
300.0 50.0 1.321 0.348 0.147
300.0 75.0 1.461 0.426 0.192
300.0 100.0 0.715 0.244 -0.054
312.5 12.5 0.662 0.207 -0.072
312.5 37.5 1.019 0.337 0.048
325.0 0.0 0.655 0.200 -0.074
325.0 25.0 0.688 0.199 -0.063
325.0 50.0 0.791 0.224 -0.028
325.0 75.0 0.421 0.149 -0.155
325.0 100.0 0.435 0.155 -0.150
337.5 12.5 1.211 0.531 0.111
350.0 0.0 0.486 0.169 -0.133
350.0 25.0 0.842 0.345 -0.011
350.0 50.0 0.653 0.270 -0.075
350.0 75.0 0.529 0.175 -0.117
350.0 100.0 0.890 0.341 0.005
375.0 0.0 0.384 0.149 -0.168
375.0 25.0 0.239 0.087 -0.220
375.0 50.0 0.457 0.128 -0.143
375.0 75.0 0.361 0.110 -0.176
400.0 0.0 0.593 0.282 -0.095
400.0 25.0 0.354 0.134 -0.179
400.0 50.0 0.533 0.208 -0.116
400.0 75.0 0.500 0.201 -0.128
400.0 100.0 0.199 0.099 -0.234
425.0 0.0 0.417 0.173 -0.157
425.0 25.0 0.430 0.206 -0.152
425.0 50.0 0.431 0.150 -0.152
425.0 75.0 0.259 0.123 -0.213
425.0 100.0 0.087 0.062 -0.275
450.0 0.0 0.030 0.030 -0.296
450.0 25.0 0.198 0.099 -0.235
450.0 50.0 0.206 0.182 -0.232
450.0 75.0 0.153 0.068 -0.251
450.0 100.0 0.668 0.449 -0.070
475.0 0.0 0.189 0.081 -0.238
475.0 25.0 0.159 0.065 -0.248
475.0 50.0 0.190 0.102 -0.237
475.0 75.0 0.216 0.077 -0.228
475.0 100.0 0.317 0.092 -0.192
500.0 0.0 0.087 0.043 -0.275
500.0 25.0 0.220 0.088 -0.227
500.0 50.0 0.117 0.053 -0.264
500.0 75.0 0.059 0.034 -0.285
525.0 0.0 0.071 0.045 -0.281
525.0 25.0 0.178 0.065 -0.242
525.0 50.0 0.209 0.064 -0.231
550.0 0.0 0.161 0.049 -0.248
550.0 25.0 0.079 0.036 -0.278
575.0 25.0 0.024 0.017 -0.298
#average significance: 0.491
