mC1:mN1:nSig:nSigErr:Zn
#Tag: SR_SS_ee_2_opt
#Zjets: 0.000000 +/- 0.000000 (0)
#multitop: 0.000000 +/- 0.000000 (0)
#singletop: 0.159334 +/- 0.159334 (1)
#VVV: 0.184266 +/- 0.046145 (30)
#ttV: 0.246935 +/- 0.037249 (87)
#Higgs: 0.538387 +/- 0.522188 (15)
#Wjets: 0.563560 +/- 0.579743 (3)
#Vgamma: 0.824159 +/- 0.361475 (7)
#ttbar: 1.855288 +/- 0.981654 (5)
#VV: 5.696301 +/- 0.608633 (1239)
#Total BG: 10.068231 +/- 1.449976 (1387)

150.0 0.0 4.927 0.960 0.843
152.5 22.5 4.999 0.887 0.857
162.5 12.5 4.775 0.729 0.814
175.0 0.0 3.213 0.898 0.501
175.0 25.0 2.081 0.511 0.263
177.5 47.5 4.324 1.330 0.725
187.5 12.5 3.391 0.659 0.538
187.5 37.5 2.105 0.472 0.268
190.0 60.0 1.670 0.419 0.174
200.0 0.0 2.921 0.877 0.441
200.0 25.0 3.892 0.822 0.639
200.0 50.0 3.674 0.734 0.595
202.5 72.5 1.523 0.413 0.141
212.5 12.5 3.079 0.698 0.474
212.5 37.5 1.828 0.582 0.208
212.5 62.5 1.864 0.425 0.216
215.0 85.0 2.304 0.542 0.311
225.0 0.0 1.953 0.577 0.235
225.0 25.0 2.415 0.720 0.334
225.0 50.0 2.257 0.596 0.301
225.0 75.0 1.198 0.407 0.069
227.5 97.5 1.172 0.440 0.063
237.5 12.5 1.731 0.448 0.187
237.5 37.5 1.982 0.518 0.242
237.5 62.5 1.455 0.470 0.126
237.5 87.5 1.604 0.422 0.159
240.0 110.0 0.547 0.223 -0.079
250.0 0.0 1.290 0.408 0.090
250.0 25.0 2.670 0.724 0.388
250.0 50.0 1.080 0.455 0.043
250.0 75.0 2.391 0.796 0.329
250.0 100.0 0.921 0.386 0.007
262.5 12.5 1.675 0.474 0.175
262.5 37.5 1.833 0.680 0.209
262.5 62.5 0.654 0.268 -0.054
262.5 87.5 1.616 0.502 0.162
275.0 0.0 1.261 0.375 0.083
275.0 25.0 1.376 0.411 0.109
275.0 50.0 2.548 0.613 0.363
275.0 75.0 1.264 0.358 0.084
287.5 12.5 1.306 0.342 0.093
287.5 37.5 1.354 0.410 0.104
287.5 62.5 0.779 0.262 -0.026
300.0 0.0 1.190 0.344 0.067
300.0 25.0 2.353 0.902 0.321
300.0 50.0 1.227 0.452 0.076
300.0 75.0 0.866 0.270 -0.006
300.0 100.0 1.212 0.335 0.072
312.5 12.5 1.774 0.467 0.196
312.5 37.5 0.998 0.296 0.024
325.0 0.0 1.112 0.291 0.050
325.0 25.0 1.202 0.326 0.070
325.0 50.0 0.871 0.220 -0.005
325.0 75.0 1.022 0.252 0.030
325.0 100.0 1.109 0.289 0.049
337.5 12.5 0.604 0.178 -0.066
350.0 0.0 0.879 0.243 -0.003
350.0 25.0 1.003 0.220 0.025
350.0 50.0 0.463 0.141 -0.098
350.0 75.0 0.631 0.196 -0.060
350.0 100.0 0.341 0.122 -0.127
375.0 0.0 0.688 0.166 -0.046
375.0 25.0 0.562 0.149 -0.075
375.0 50.0 0.631 0.186 -0.060
375.0 75.0 0.477 0.136 -0.095
400.0 0.0 0.762 0.309 -0.029
400.0 25.0 0.767 0.239 -0.028
400.0 50.0 0.819 0.508 -0.016
400.0 75.0 0.372 0.144 -0.119
400.0 100.0 0.226 0.139 -0.153
425.0 0.0 0.413 0.147 -0.110
425.0 25.0 0.321 0.166 -0.131
425.0 50.0 0.357 0.128 -0.123
425.0 75.0 0.386 0.134 -0.116
425.0 100.0 0.219 0.090 -0.155
450.0 0.0 0.315 0.133 -0.133
450.0 25.0 0.319 0.125 -0.132
450.0 50.0 0.369 0.116 -0.120
450.0 75.0 0.353 0.110 -0.124
450.0 100.0 0.255 0.099 -0.147
475.0 0.0 0.280 0.089 -0.141
475.0 25.0 0.253 0.094 -0.147
475.0 50.0 0.177 0.067 -0.165
475.0 75.0 0.290 0.089 -0.139
475.0 100.0 0.124 0.056 -0.177
500.0 0.0 0.101 0.053 -0.183
500.0 25.0 0.177 0.063 -0.165
500.0 50.0 0.175 0.069 -0.165
500.0 75.0 0.373 0.107 -0.119
525.0 0.0 0.122 0.046 -0.178
525.0 25.0 0.142 0.056 -0.173
525.0 50.0 0.083 0.037 -0.187
550.0 0.0 0.174 0.058 -0.166
550.0 25.0 0.166 0.058 -0.168
575.0 25.0 0.075 0.031 -0.189
#average significance: 0.542
