mC1:mN1:nSig:nSigErr:Zn
#Tag: SR_SS_jet23_opt
#multitop: 0.000000 +/- 0.000000 (0)
#Higgs: 0.018283 +/- 0.007553 (19)
#ttV: 0.116313 +/- 0.028856 (62)
#VVV: 0.179616 +/- 0.062751 (19)
#charge flip: 0.267485 +/- 0.029086 (274)
#Fakes: 1.541659 +/- 0.617960 (20)
#VVReal: 2.338254 +/- 0.283174 (536)
#Total BG: 4.461610 +/- 0.683911 (930)

150.0 0.0 5.455 1.295 1.613
152.5 22.5 4.044 0.759 1.195
162.5 12.5 5.435 0.849 1.607
175.0 0.0 7.649 1.503 2.208
175.0 25.0 5.554 0.984 1.641
177.5 47.5 5.210 1.331 1.542
187.5 12.5 5.621 0.817 1.660
187.5 37.5 3.282 0.593 0.955
190.0 60.0 1.445 0.436 0.326
200.0 0.0 5.053 0.990 1.497
200.0 25.0 5.519 0.952 1.631
200.0 50.0 3.521 0.648 1.031
202.5 72.5 2.926 0.637 0.839
212.5 12.5 3.715 0.687 1.093
212.5 37.5 4.221 0.702 1.249
212.5 62.5 3.053 0.529 0.881
215.0 85.0 1.961 0.460 0.511
225.0 0.0 4.408 1.094 1.306
225.0 25.0 4.307 0.896 1.275
225.0 50.0 4.181 0.753 1.237
225.0 75.0 1.850 0.541 0.472
227.5 97.5 1.312 0.529 0.277
237.5 12.5 4.274 0.772 1.265
237.5 37.5 4.485 0.828 1.329
237.5 62.5 2.764 0.527 0.786
237.5 87.5 1.944 0.480 0.505
240.0 110.0 1.480 0.390 0.339
250.0 0.0 5.667 1.018 1.673
250.0 25.0 3.750 0.766 1.104
250.0 50.0 3.879 0.833 1.144
250.0 75.0 1.986 0.646 0.520
250.0 100.0 1.168 0.402 0.224
262.5 12.5 5.116 1.681 1.515
262.5 37.5 3.927 0.928 1.159
262.5 62.5 2.165 0.487 0.582
262.5 87.5 3.576 0.838 1.049
275.0 0.0 3.742 0.663 1.101
275.0 25.0 3.598 0.636 1.056
275.0 50.0 3.067 0.621 0.886
275.0 75.0 2.357 0.493 0.648
287.5 12.5 3.215 0.569 0.934
287.5 37.5 2.479 0.547 0.690
287.5 62.5 2.834 0.520 0.809
300.0 0.0 2.423 0.444 0.671
300.0 25.0 3.196 0.542 0.927
300.0 50.0 2.735 0.558 0.776
300.0 75.0 2.922 0.774 0.838
300.0 100.0 2.009 0.421 0.528
312.5 12.5 2.789 0.536 0.794
312.5 37.5 2.605 0.438 0.732
325.0 0.0 1.989 0.577 0.521
325.0 25.0 1.724 0.356 0.427
325.0 50.0 2.785 0.570 0.793
325.0 75.0 2.381 0.447 0.657
325.0 100.0 2.173 0.415 0.585
337.5 12.5 2.379 0.380 0.656
350.0 0.0 2.245 0.598 0.610
350.0 25.0 1.910 0.307 0.493
350.0 50.0 1.639 0.275 0.396
350.0 75.0 1.022 0.231 0.169
350.0 100.0 1.075 0.215 0.188
375.0 0.0 1.407 0.480 0.312
375.0 25.0 1.173 0.219 0.226
375.0 50.0 1.133 0.340 0.210
375.0 75.0 1.209 0.199 0.239
400.0 0.0 1.175 0.252 0.226
400.0 25.0 1.006 0.228 0.163
400.0 50.0 1.618 0.531 0.389
400.0 75.0 1.538 0.324 0.360
400.0 100.0 1.143 0.334 0.214
425.0 0.0 0.924 0.201 0.131
425.0 25.0 0.491 0.145 -0.037
425.0 50.0 0.924 0.230 0.131
425.0 75.0 0.524 0.156 -0.024
425.0 100.0 0.734 0.177 0.058
450.0 0.0 1.134 0.215 0.211
450.0 25.0 0.463 0.129 -0.048
450.0 50.0 0.801 0.182 0.084
450.0 75.0 0.683 0.153 0.038
450.0 100.0 0.905 0.202 0.124
475.0 0.0 0.581 0.122 -0.002
475.0 25.0 0.609 0.155 0.009
475.0 50.0 0.444 0.117 -0.056
475.0 75.0 0.878 0.183 0.114
475.0 100.0 0.838 0.199 0.098
500.0 0.0 0.324 0.086 -0.104
500.0 25.0 0.468 0.105 -0.047
500.0 50.0 0.688 0.129 0.040
500.0 75.0 0.740 0.152 0.060
525.0 0.0 0.376 0.088 -0.083
525.0 25.0 0.309 0.080 -0.110
525.0 50.0 0.573 0.104 -0.005
550.0 0.0 0.265 0.067 -0.128
550.0 25.0 0.245 0.062 -0.136
575.0 25.0 0.375 0.074 -0.083
#average significance: 0.713
