mC1:mN1:nSig:nSigErr:Zn
#Tag: SR_SS_jet23_pre
#multitop: 0.004445 +/- 0.002173 (11)
#VVV: 9.621737 +/- 0.378706 (1843)
#ttV: 16.133395 +/- 0.344889 (6598)
#Higgs: 54.801672 +/- 6.126581 (677)
#VVReal: 992.499500 +/- 6.121946 (263439)
#charge flip: 2074.427691 +/- 2.680118 (1679673)
#Fakes: 6939.719821 +/- 36.471903 (66096)
#Total BG: 10087.208260 +/- 37.585347 (2018337)

150.0 0.0 181.102 6.057 -0.094
152.5 22.5 163.696 5.698 -0.101
162.5 12.5 138.019 4.439 -0.111
175.0 0.0 110.206 5.272 -0.122
175.0 25.0 102.904 4.351 -0.125
177.5 47.5 111.478 5.132 -0.122
187.5 12.5 90.873 4.056 -0.130
187.5 37.5 87.468 3.889 -0.131
190.0 60.0 78.250 3.523 -0.135
200.0 0.0 72.791 3.876 -0.137
200.0 25.0 66.140 3.288 -0.140
200.0 50.0 70.731 3.630 -0.138
202.5 72.5 67.792 2.292 -0.139
212.5 12.5 57.287 1.861 -0.143
212.5 37.5 58.718 2.031 -0.143
212.5 62.5 57.975 1.911 -0.143
215.0 85.0 52.473 1.781 -0.145
225.0 0.0 43.984 1.706 -0.149
225.0 25.0 47.100 1.674 -0.147
225.0 50.0 47.255 1.683 -0.147
225.0 75.0 47.258 1.862 -0.147
227.5 97.5 43.528 1.666 -0.149
237.5 12.5 41.469 1.581 -0.150
237.5 37.5 41.515 1.584 -0.150
237.5 62.5 37.531 1.414 -0.151
237.5 87.5 38.007 1.330 -0.151
240.0 110.0 35.396 2.456 -0.152
250.0 0.0 35.905 1.383 -0.152
250.0 25.0 37.969 1.480 -0.151
250.0 50.0 32.835 1.386 -0.153
250.0 75.0 35.881 2.575 -0.152
250.0 100.0 33.391 2.681 -0.153
262.5 12.5 32.887 2.607 -0.153
262.5 37.5 31.679 2.226 -0.153
262.5 62.5 28.783 2.239 -0.155
262.5 87.5 24.665 1.923 -0.156
275.0 0.0 26.740 2.179 -0.155
275.0 25.0 24.317 1.832 -0.156
275.0 50.0 28.438 2.369 -0.155
275.0 75.0 25.654 2.196 -0.156
287.5 12.5 23.768 1.901 -0.157
287.5 37.5 22.619 1.752 -0.157
287.5 62.5 25.567 2.149 -0.156
300.0 0.0 20.504 1.604 -0.158
300.0 25.0 20.334 1.490 -0.158
300.0 50.0 21.836 1.579 -0.157
300.0 75.0 18.952 1.504 -0.159
300.0 100.0 17.962 1.282 -0.159
312.5 12.5 18.285 1.474 -0.159
312.5 37.5 18.364 1.651 -0.159
325.0 0.0 14.326 1.178 -0.160
325.0 25.0 14.149 1.118 -0.160
325.0 50.0 16.609 1.231 -0.159
325.0 75.0 14.252 1.029 -0.160
325.0 100.0 14.816 1.161 -0.160
337.5 12.5 13.855 0.966 -0.161
350.0 0.0 11.275 0.985 -0.162
350.0 25.0 10.627 0.793 -0.162
350.0 50.0 10.272 0.752 -0.162
350.0 75.0 10.831 0.900 -0.162
350.0 100.0 10.168 0.734 -0.162
375.0 0.0 8.902 0.717 -0.163
375.0 25.0 8.666 0.686 -0.163
375.0 50.0 8.018 0.707 -0.163
375.0 75.0 8.850 0.694 -0.163
400.0 0.0 6.247 0.754 -0.164
400.0 25.0 7.279 0.735 -0.163
400.0 50.0 7.998 0.867 -0.163
400.0 75.0 7.628 0.867 -0.163
400.0 100.0 6.378 0.668 -0.164
425.0 0.0 5.346 0.646 -0.164
425.0 25.0 4.667 0.479 -0.164
425.0 50.0 6.656 0.740 -0.163
425.0 75.0 4.523 0.485 -0.164
425.0 100.0 4.436 0.552 -0.164
450.0 0.0 4.464 0.427 -0.164
450.0 25.0 3.889 0.602 -0.165
450.0 50.0 4.772 0.624 -0.164
450.0 75.0 3.937 0.427 -0.165
450.0 100.0 4.429 0.451 -0.164
475.0 0.0 3.116 0.310 -0.165
475.0 25.0 3.141 0.357 -0.165
475.0 50.0 3.274 0.335 -0.165
475.0 75.0 3.280 0.331 -0.165
475.0 100.0 4.008 0.490 -0.165
500.0 0.0 2.604 0.297 -0.165
500.0 25.0 2.816 0.295 -0.165
500.0 50.0 3.352 0.355 -0.165
500.0 75.0 2.465 0.264 -0.165
525.0 0.0 2.170 0.228 -0.165
525.0 25.0 1.938 0.202 -0.165
525.0 50.0 2.271 0.217 -0.165
550.0 0.0 1.697 0.171 -0.165
550.0 25.0 1.784 0.259 -0.165
575.0 25.0 1.212 0.128 -0.166
#average significance: -0.139
