mC1:mN1:nSig:nSigErr:Zn
#Tag: SR_SS_jet1_opt
#ZZ: 0.055330 +/- 0.027713 (31)
#ttV: 0.124898 +/- 0.046227 (36)
#WW: 0.165504 +/- 0.023455 (67)
#Rare: 0.443536 +/- 0.111301 (56)
#charge flip: 0.472185 +/- 0.052737 (265)
#WZ: 2.176292 +/- 0.397871 (257)
#Fakes: 3.295434 +/- 0.819175 (24)
#Total BG: 6.733178 +/- 0.920855 (736)

150.0 0.0 2.688 0.665 0.569
152.5 22.5 2.322 0.547 0.470
162.5 12.5 3.284 0.675 0.728
175.0 0.0 4.286 0.726 0.985
175.0 25.0 3.333 0.765 0.741
177.5 47.5 1.453 0.407 0.224
187.5 12.5 4.490 0.689 1.035
187.5 37.5 3.774 0.947 0.855
190.0 60.0 1.704 0.429 0.296
200.0 0.0 4.367 0.739 1.005
200.0 25.0 4.448 0.805 1.025
200.0 50.0 3.226 0.702 0.713
202.5 72.5 1.990 0.359 0.377
212.5 12.5 4.726 0.528 1.094
212.5 37.5 3.652 0.447 0.824
212.5 62.5 2.192 0.303 0.434
215.0 85.0 1.577 0.413 0.260
225.0 0.0 3.967 0.469 0.904
225.0 25.0 4.101 0.452 0.938
225.0 50.0 3.423 0.430 0.764
225.0 75.0 3.331 0.601 0.740
227.5 97.5 1.714 0.527 0.299
237.5 12.5 3.780 0.404 0.857
237.5 37.5 4.505 0.578 1.039
237.5 62.5 3.049 0.351 0.666
237.5 87.5 1.690 0.241 0.292
240.0 110.0 0.754 0.252 0.018
250.0 0.0 4.264 0.465 0.979
250.0 25.0 3.983 0.456 0.908
250.0 50.0 3.991 0.436 0.910
250.0 75.0 2.363 0.554 0.481
250.0 100.0 1.483 0.460 0.233
262.5 12.5 4.553 1.207 1.051
262.5 37.5 3.257 0.654 0.721
262.5 62.5 3.479 0.652 0.779
262.5 87.5 2.920 0.560 0.632
275.0 0.0 3.385 0.603 0.755
275.0 25.0 2.550 0.515 0.532
275.0 50.0 2.893 0.643 0.624
275.0 75.0 3.113 0.708 0.683
287.5 12.5 3.558 0.752 0.799
287.5 37.5 3.766 0.893 0.853
287.5 62.5 2.521 0.524 0.524
300.0 0.0 2.966 0.595 0.644
300.0 25.0 3.222 0.557 0.712
300.0 50.0 1.882 0.375 0.347
300.0 75.0 3.047 0.506 0.666
300.0 100.0 2.398 0.720 0.490
312.5 12.5 1.865 0.353 0.342
312.5 37.5 2.659 0.463 0.561
325.0 0.0 2.376 0.364 0.484
325.0 25.0 1.818 0.320 0.329
325.0 50.0 2.335 0.454 0.473
325.0 75.0 1.448 0.267 0.223
325.0 100.0 2.489 0.456 0.515
337.5 12.5 1.477 0.350 0.231
350.0 0.0 1.905 0.386 0.353
350.0 25.0 1.947 0.344 0.365
350.0 50.0 2.003 0.343 0.381
350.0 75.0 1.413 0.256 0.213
350.0 100.0 1.435 0.233 0.219
375.0 0.0 1.632 0.348 0.276
375.0 25.0 1.792 0.301 0.321
375.0 50.0 1.056 0.204 0.108
375.0 75.0 1.301 0.226 0.180
400.0 0.0 1.261 0.390 0.168
400.0 25.0 1.235 0.271 0.161
400.0 50.0 1.862 0.363 0.341
400.0 75.0 1.466 0.303 0.228
400.0 100.0 1.287 0.270 0.176
425.0 0.0 0.829 0.205 0.040
425.0 25.0 1.362 0.395 0.198
425.0 50.0 0.983 0.227 0.086
425.0 75.0 0.828 0.180 0.040
425.0 100.0 0.912 0.183 0.065
450.0 0.0 0.630 0.153 -0.020
450.0 25.0 0.781 0.168 0.026
450.0 50.0 0.563 0.177 -0.040
450.0 75.0 0.980 0.213 0.086
450.0 100.0 0.722 0.145 0.008
475.0 0.0 0.618 0.139 -0.023
475.0 25.0 1.073 0.200 0.113
475.0 50.0 0.624 0.129 -0.022
475.0 75.0 0.711 0.140 0.005
475.0 100.0 0.675 0.171 -0.006
500.0 0.0 0.530 0.109 -0.050
500.0 25.0 0.753 0.138 0.017
500.0 50.0 0.895 0.215 0.060
500.0 75.0 0.605 0.131 -0.028
525.0 0.0 0.515 0.097 -0.055
525.0 25.0 0.387 0.081 -0.094
525.0 50.0 0.621 0.111 -0.023
550.0 0.0 0.381 0.068 -0.096
550.0 25.0 0.308 0.065 -0.119
575.0 25.0 0.336 0.083 -0.110
#average significance: 0.798
