mC1:mN1:nSig:nSigErr:Zn
#Tag: SR_SS_jet1_pre
#multitop: 0.000000 +/- 0.000000 (0)
#ttV: 1.700624 +/- 0.134893 (604)
#VVV: 9.071447 +/- 0.352896 (1408)
#Higgs: 31.643208 +/- 4.019639 (205)
#VVReal: 715.364682 +/- 7.552160 (102097)
#charge flip: 3622.756937 +/- 2.810481 (3375964)
#Fakes: 11925.474203 +/- 47.226559 (107219)
#Total BG: 16306.011102 +/- 48.078914 (3587497)

150.0 0.0 128.646 5.082 -0.134
152.5 22.5 113.975 4.433 -0.138
162.5 12.5 98.840 3.622 -0.142
175.0 0.0 63.981 3.181 -0.150
175.0 25.0 71.363 3.950 -0.148
177.5 47.5 66.537 3.285 -0.150
187.5 12.5 54.754 2.811 -0.153
187.5 37.5 56.075 2.918 -0.152
190.0 60.0 53.921 2.957 -0.153
200.0 0.0 44.049 2.676 -0.155
200.0 25.0 43.421 2.594 -0.155
200.0 50.0 47.274 3.030 -0.154
202.5 72.5 42.373 2.498 -0.156
212.5 12.5 35.941 2.363 -0.157
212.5 37.5 35.999 2.271 -0.157
212.5 62.5 37.022 2.279 -0.157
215.0 85.0 37.331 2.419 -0.157
225.0 0.0 29.448 2.270 -0.159
225.0 25.0 30.189 2.660 -0.159
225.0 50.0 33.134 2.746 -0.158
225.0 75.0 27.419 2.141 -0.159
227.5 97.5 25.747 2.053 -0.160
237.5 12.5 31.091 2.897 -0.158
237.5 37.5 25.704 2.048 -0.160
237.5 62.5 24.387 1.833 -0.160
237.5 87.5 22.624 1.806 -0.161
240.0 110.0 24.417 1.992 -0.160
250.0 0.0 20.618 2.051 -0.161
250.0 25.0 21.750 2.234 -0.161
250.0 50.0 20.564 1.949 -0.161
250.0 75.0 21.896 2.055 -0.161
250.0 100.0 20.066 1.952 -0.161
262.5 12.5 17.111 1.718 -0.162
262.5 37.5 16.161 1.478 -0.162
262.5 62.5 17.008 1.553 -0.162
262.5 87.5 16.862 1.744 -0.162
275.0 0.0 17.250 1.574 -0.162
275.0 25.0 14.208 1.261 -0.163
275.0 50.0 13.384 1.416 -0.163
275.0 75.0 15.078 1.401 -0.162
287.5 12.5 14.399 1.562 -0.163
287.5 37.5 14.620 1.662 -0.163
287.5 62.5 13.863 1.325 -0.163
300.0 0.0 9.263 0.950 -0.164
300.0 25.0 10.838 1.123 -0.163
300.0 50.0 10.345 1.119 -0.164
300.0 75.0 12.107 1.162 -0.163
300.0 100.0 10.620 1.178 -0.163
312.5 12.5 8.852 0.889 -0.164
312.5 37.5 10.614 1.204 -0.163
325.0 0.0 8.985 0.813 -0.164
325.0 25.0 8.235 0.902 -0.164
325.0 50.0 8.602 0.844 -0.164
325.0 75.0 6.970 0.738 -0.164
325.0 100.0 7.945 0.770 -0.164
337.5 12.5 7.456 0.826 -0.164
350.0 0.0 6.470 0.684 -0.165
350.0 25.0 6.131 0.665 -0.165
350.0 50.0 6.124 0.644 -0.165
350.0 75.0 5.791 0.757 -0.165
350.0 100.0 5.733 0.610 -0.165
375.0 0.0 5.210 0.948 -0.165
375.0 25.0 4.939 0.519 -0.165
375.0 50.0 3.437 0.368 -0.165
375.0 75.0 4.985 0.527 -0.165
400.0 0.0 2.580 0.427 -0.165
400.0 25.0 3.980 0.521 -0.165
400.0 50.0 3.526 0.490 -0.165
400.0 75.0 4.383 0.538 -0.165
400.0 100.0 3.646 0.523 -0.165
425.0 0.0 2.865 0.423 -0.165
425.0 25.0 3.117 0.452 -0.165
425.0 50.0 3.202 0.425 -0.165
425.0 75.0 3.089 0.398 -0.165
425.0 100.0 3.364 0.546 -0.165
450.0 0.0 1.340 0.227 -0.166
450.0 25.0 2.230 0.431 -0.166
450.0 50.0 1.917 0.298 -0.166
450.0 75.0 1.897 0.270 -0.166
450.0 100.0 2.436 0.521 -0.166
475.0 0.0 1.818 0.256 -0.166
475.0 25.0 2.295 0.374 -0.166
475.0 50.0 2.044 0.305 -0.166
475.0 75.0 1.939 0.248 -0.166
475.0 100.0 1.570 0.250 -0.166
500.0 0.0 1.353 0.186 -0.166
500.0 25.0 1.549 0.218 -0.166
500.0 50.0 1.704 0.283 -0.166
500.0 75.0 1.159 0.181 -0.166
525.0 0.0 1.171 0.182 -0.166
525.0 25.0 1.429 0.244 -0.166
525.0 50.0 1.195 0.161 -0.166
550.0 0.0 1.109 0.172 -0.166
550.0 25.0 0.978 0.183 -0.166
575.0 25.0 0.767 0.134 -0.166
#average significance: -0.156
