mC1:mN1:nSig:nSigErr:Zn
#Tag: SR_SS_emu_1_opt
#multitop: 0.000000 +/- 0.000000 (0)
#Higgs: 0.007795 +/- 0.003992 (4)
#ttV: 0.012221 +/- 0.063805 (32)
#Wjets: 0.068589 +/- 0.061202 (2)
#singletop: 0.108644 +/- 0.108644 (1)
#Zjets: 0.132585 +/- 0.132585 (1)
#VVV: 0.443573 +/- 0.105808 (50)
#ttbar: 0.561799 +/- 0.402978 (2)
#Vgamma: 0.577580 +/- 0.323024 (8)
#VV: 6.484944 +/- 0.605110 (1010)
#Total BG: 8.397731 +/- 0.825412 (1110)

150.0 0.0 4.783 0.872 0.984
152.5 22.5 6.095 0.947 1.270
162.5 12.5 4.422 0.711 0.903
175.0 0.0 5.645 1.005 1.173
175.0 25.0 5.195 1.001 1.075
177.5 47.5 2.307 0.601 0.403
187.5 12.5 4.701 0.852 0.966
187.5 37.5 2.356 0.477 0.415
190.0 60.0 3.097 0.601 0.595
200.0 0.0 4.063 0.770 0.821
200.0 25.0 5.494 0.941 1.141
200.0 50.0 2.871 0.599 0.541
202.5 72.5 2.757 0.573 0.513
212.5 12.5 2.903 0.626 0.549
212.5 37.5 3.976 0.752 0.801
212.5 62.5 3.180 0.619 0.615
215.0 85.0 2.213 0.440 0.380
225.0 0.0 2.788 0.716 0.521
225.0 25.0 4.014 1.323 0.810
225.0 50.0 2.782 0.624 0.519
225.0 75.0 2.618 0.851 0.480
227.5 97.5 1.903 0.485 0.302
237.5 12.5 3.354 0.646 0.656
237.5 37.5 3.760 0.887 0.751
237.5 62.5 2.629 0.600 0.482
237.5 87.5 1.140 0.350 0.107
240.0 110.0 1.126 0.328 0.103
250.0 0.0 2.574 0.724 0.469
250.0 25.0 4.049 0.974 0.818
250.0 50.0 2.476 0.746 0.445
250.0 75.0 3.843 0.810 0.770
250.0 100.0 0.823 0.315 0.023
262.5 12.5 3.100 0.658 0.596
262.5 37.5 2.314 0.580 0.405
262.5 62.5 2.838 0.619 0.533
262.5 87.5 2.215 0.565 0.380
275.0 0.0 2.613 0.555 0.478
275.0 25.0 1.879 0.459 0.297
275.0 50.0 2.049 0.572 0.339
275.0 75.0 2.298 0.599 0.401
287.5 12.5 2.350 0.488 0.414
287.5 37.5 2.647 0.819 0.487
287.5 62.5 2.021 0.514 0.332
300.0 0.0 1.496 0.417 0.199
300.0 25.0 2.036 0.480 0.336
300.0 50.0 1.935 0.416 0.310
300.0 75.0 1.819 0.376 0.281
300.0 100.0 1.380 0.351 0.169
312.5 12.5 0.849 0.240 0.030
312.5 37.5 2.212 0.667 0.380
325.0 0.0 1.966 0.370 0.318
325.0 25.0 1.030 0.250 0.078
325.0 50.0 1.089 0.304 0.094
325.0 75.0 1.422 0.307 0.180
325.0 100.0 1.426 0.348 0.181
337.5 12.5 1.582 0.287 0.221
350.0 0.0 1.399 0.391 0.174
350.0 25.0 1.168 0.239 0.114
350.0 50.0 1.286 0.262 0.145
350.0 75.0 0.975 0.216 0.064
350.0 100.0 0.790 0.178 0.015
375.0 0.0 1.336 0.578 0.158
375.0 25.0 1.266 0.257 0.140
375.0 50.0 0.497 0.133 -0.064
375.0 75.0 0.852 0.188 0.031
400.0 0.0 0.499 0.167 -0.064
400.0 25.0 0.961 0.227 0.060
400.0 50.0 1.102 0.304 0.097
400.0 75.0 1.291 0.266 0.146
400.0 100.0 1.258 0.284 0.137
425.0 0.0 0.357 0.120 -0.102
425.0 25.0 0.998 0.273 0.069
425.0 50.0 0.783 0.254 0.013
425.0 75.0 0.721 0.181 -0.004
425.0 100.0 0.482 0.140 -0.068
450.0 0.0 0.525 0.149 -0.057
450.0 25.0 0.573 0.152 -0.044
450.0 50.0 0.544 0.154 -0.052
450.0 75.0 0.357 0.120 -0.102
450.0 100.0 0.615 0.144 -0.032
475.0 0.0 0.208 0.075 -0.143
475.0 25.0 0.880 0.198 0.038
475.0 50.0 0.397 0.103 -0.091
475.0 75.0 0.277 0.084 -0.124
475.0 100.0 0.383 0.109 -0.095
500.0 0.0 0.438 0.110 -0.080
500.0 25.0 0.346 0.108 -0.105
500.0 50.0 0.770 0.237 0.009
500.0 75.0 0.267 0.091 -0.127
525.0 0.0 0.396 0.098 -0.091
525.0 25.0 0.357 0.081 -0.102
525.0 50.0 0.323 0.078 -0.111
550.0 0.0 0.305 0.071 -0.116
550.0 25.0 0.258 0.064 -0.129
575.0 25.0 0.373 0.114 -0.098
#average significance: 0.861
