mC1:mN1:nSig:nSigErr:Zn
#Tag: SR_SS_ee_2_opt
#multitop: 0.000000 +/- 0.000000 (0)
#singletop: 0.135149 +/- 0.135149 (1)
#Higgs: 0.222942 +/- 0.190467 (20)
#VVV: 0.291891 +/- 0.059191 (41)
#ttV: 0.310719 +/- 0.048514 (111)
#ttbar: 0.356850 +/- 0.356850 (1)
#Wjets: 0.371052 +/- 0.310979 (2)
#Zjets: 0.967446 +/- 0.493742 (10)
#Vgamma: 1.268122 +/- 0.435041 (14)
#VV: 4.325662 +/- 0.472394 (988)
#Total BG: 8.249834 +/- 0.969870 (1188)

150.0 0.0 3.404 0.751 0.664
152.5 22.5 3.028 0.720 0.575
162.5 12.5 3.153 0.648 0.604
175.0 0.0 2.543 0.576 0.457
175.0 25.0 1.119 0.377 0.097
177.5 47.5 2.055 0.486 0.336
187.5 12.5 1.286 0.439 0.141
187.5 37.5 1.965 0.452 0.314
190.0 60.0 1.384 0.428 0.166
200.0 0.0 3.378 0.943 0.658
200.0 25.0 3.724 0.835 0.739
200.0 50.0 2.419 0.573 0.427
202.5 72.5 0.992 0.336 0.064
212.5 12.5 2.775 0.686 0.514
212.5 37.5 1.975 0.515 0.317
212.5 62.5 1.340 0.369 0.155
215.0 85.0 0.730 0.245 -0.006
225.0 0.0 1.773 0.530 0.266
225.0 25.0 2.214 0.709 0.376
225.0 50.0 1.653 0.491 0.235
225.0 75.0 0.746 0.306 -0.002
227.5 97.5 0.989 0.392 0.063
237.5 12.5 2.140 0.505 0.358
237.5 37.5 2.023 0.527 0.329
237.5 62.5 1.882 0.540 0.293
237.5 87.5 1.154 0.353 0.106
240.0 110.0 0.352 0.176 -0.108
250.0 0.0 0.954 0.363 0.054
250.0 25.0 2.428 0.656 0.429
250.0 50.0 0.902 0.392 0.040
250.0 75.0 1.808 0.658 0.274
250.0 100.0 0.739 0.342 -0.003
262.5 12.5 1.169 0.395 0.110
262.5 37.5 2.505 0.732 0.448
262.5 62.5 0.913 0.360 0.043
262.5 87.5 1.887 0.526 0.294
275.0 0.0 1.100 0.357 0.092
275.0 25.0 1.405 0.418 0.172
275.0 50.0 2.100 0.565 0.348
275.0 75.0 1.198 0.335 0.118
287.5 12.5 1.199 0.323 0.118
287.5 37.5 1.064 0.351 0.083
287.5 62.5 1.719 0.790 0.252
300.0 0.0 0.964 0.298 0.057
300.0 25.0 1.198 0.305 0.118
300.0 50.0 1.340 0.467 0.155
300.0 75.0 1.166 0.326 0.109
300.0 100.0 1.254 0.340 0.132
312.5 12.5 2.072 0.497 0.341
312.5 37.5 1.348 0.421 0.157
325.0 0.0 1.116 0.293 0.096
325.0 25.0 0.956 0.279 0.054
325.0 50.0 0.870 0.235 0.032
325.0 75.0 1.150 0.280 0.105
325.0 100.0 1.261 0.297 0.134
337.5 12.5 0.833 0.228 0.022
350.0 0.0 0.788 0.197 0.010
350.0 25.0 0.917 0.206 0.044
350.0 50.0 0.545 0.188 -0.056
350.0 75.0 0.630 0.186 -0.033
350.0 100.0 0.728 0.217 -0.006
375.0 0.0 0.713 0.217 -0.010
375.0 25.0 0.605 0.151 -0.039
375.0 50.0 0.798 0.318 0.012
375.0 75.0 0.482 0.138 -0.072
400.0 0.0 0.917 0.274 0.044
400.0 25.0 0.809 0.252 0.015
400.0 50.0 1.103 0.524 0.093
400.0 75.0 0.517 0.179 -0.063
400.0 100.0 0.404 0.192 -0.094
425.0 0.0 0.289 0.129 -0.125
425.0 25.0 0.449 0.180 -0.082
425.0 50.0 0.471 0.176 -0.075
425.0 75.0 0.361 0.132 -0.105
425.0 100.0 0.257 0.097 -0.134
450.0 0.0 0.317 0.135 -0.117
450.0 25.0 0.400 0.122 -0.095
450.0 50.0 0.380 0.115 -0.100
450.0 75.0 0.289 0.097 -0.125
450.0 100.0 0.402 0.119 -0.094
475.0 0.0 0.380 0.109 -0.100
475.0 25.0 0.283 0.093 -0.127
475.0 50.0 0.162 0.067 -0.160
475.0 75.0 0.319 0.093 -0.117
475.0 100.0 0.157 0.065 -0.161
500.0 0.0 0.148 0.064 -0.164
500.0 25.0 0.194 0.071 -0.151
500.0 50.0 0.288 0.086 -0.125
500.0 75.0 0.432 0.116 -0.086
525.0 0.0 0.155 0.052 -0.162
525.0 25.0 0.175 0.064 -0.157
525.0 50.0 0.144 0.051 -0.165
550.0 0.0 0.193 0.061 -0.151
550.0 25.0 0.198 0.065 -0.150
575.0 25.0 0.113 0.038 -0.173
#average significance: 0.401
