mC1:mN1:nSig:nSigErr:Zn
#Tag: SR_SS_ee_1_opt
#Zjets: -0.189831 +/- 0.216714 (2)
#multitop: 0.000000 +/- 0.000000 (0)
#Higgs: 0.001582 +/- 0.002644 (3)
#ttV: 0.051286 +/- 0.018906 (15)
#VVV: 0.128968 +/- 0.040250 (16)
#ttbar: 0.203811 +/- 0.203811 (1)
#singletop: 0.204645 +/- 0.204645 (1)
#Vgamma: 1.143647 +/- 0.899092 (8)
#Wjets: 1.273669 +/- 0.662792 (8)
#VV: 2.110535 +/- 0.512045 (411)
#Total BG: 5.118143 +/- 1.281490 (465)

150.0 0.0 4.225 0.878 1.021
152.5 22.5 2.300 0.542 0.484
162.5 12.5 2.905 0.628 0.660
175.0 0.0 2.338 0.643 0.495
175.0 25.0 2.207 0.567 0.456
177.5 47.5 1.902 0.512 0.364
187.5 12.5 1.785 0.517 0.329
187.5 37.5 1.701 0.436 0.302
190.0 60.0 1.285 0.438 0.172
200.0 0.0 1.875 0.494 0.356
200.0 25.0 1.407 0.409 0.211
200.0 50.0 2.042 0.573 0.407
202.5 72.5 0.303 0.175 -0.155
212.5 12.5 1.168 0.356 0.134
212.5 37.5 2.033 0.510 0.404
212.5 62.5 1.210 0.394 0.148
215.0 85.0 0.976 0.316 0.072
225.0 0.0 1.945 0.557 0.378
225.0 25.0 1.345 0.436 0.191
225.0 50.0 1.586 0.460 0.267
225.0 75.0 1.875 0.506 0.356
227.5 97.5 0.719 0.297 -0.013
237.5 12.5 1.462 0.452 0.228
237.5 37.5 0.925 0.330 0.055
237.5 62.5 1.245 0.413 0.159
237.5 87.5 0.730 0.285 -0.009
240.0 110.0 0.424 0.214 -0.113
250.0 0.0 2.178 0.734 0.448
250.0 25.0 1.149 0.455 0.128
250.0 50.0 2.101 0.766 0.425
250.0 75.0 0.316 0.228 -0.150
250.0 100.0 0.789 0.369 0.010
262.5 12.5 0.794 0.337 0.012
262.5 37.5 0.949 0.363 0.063
262.5 62.5 1.289 0.453 0.173
262.5 87.5 0.646 0.264 -0.037
275.0 0.0 1.704 0.523 0.304
275.0 25.0 0.794 0.283 0.012
275.0 50.0 0.656 0.282 -0.034
275.0 75.0 1.432 0.538 0.219
287.5 12.5 0.334 0.167 -0.144
287.5 37.5 1.514 0.818 0.244
287.5 62.5 0.934 0.567 0.058
300.0 0.0 0.882 0.292 0.041
300.0 25.0 0.484 0.199 -0.092
300.0 50.0 1.257 0.343 0.163
300.0 75.0 1.461 0.430 0.228
300.0 100.0 0.646 0.233 -0.038
312.5 12.5 0.662 0.207 -0.032
312.5 37.5 0.840 0.287 0.027
325.0 0.0 0.655 0.200 -0.034
325.0 25.0 0.703 0.205 -0.018
325.0 50.0 0.735 0.216 -0.008
325.0 75.0 0.370 0.140 -0.132
325.0 100.0 0.515 0.172 -0.082
337.5 12.5 1.215 0.532 0.149
350.0 0.0 0.508 0.176 -0.084
350.0 25.0 0.806 0.344 0.016
350.0 50.0 0.658 0.274 -0.034
350.0 75.0 0.462 0.161 -0.100
350.0 100.0 0.844 0.341 0.028
375.0 0.0 0.062 0.062 -0.239
375.0 25.0 0.209 0.082 -0.187
375.0 50.0 0.428 0.125 -0.112
375.0 75.0 0.294 0.099 -0.158
400.0 0.0 0.363 0.169 -0.134
400.0 25.0 0.305 0.125 -0.154
400.0 50.0 0.535 0.209 -0.075
400.0 75.0 0.454 0.197 -0.103
400.0 100.0 0.199 0.099 -0.191
425.0 0.0 0.417 0.172 -0.116
425.0 25.0 0.430 0.207 -0.111
425.0 50.0 0.431 0.150 -0.111
425.0 75.0 0.171 0.087 -0.201
425.0 100.0 0.086 0.061 -0.231
450.0 0.0 0.030 0.030 -0.251
450.0 25.0 0.140 0.070 -0.212
450.0 50.0 0.139 0.108 -0.212
450.0 75.0 0.152 0.068 -0.207
450.0 100.0 0.667 0.448 -0.031
475.0 0.0 0.190 0.081 -0.194
475.0 25.0 0.159 0.065 -0.205
475.0 50.0 0.190 0.101 -0.194
475.0 75.0 0.216 0.077 -0.185
475.0 100.0 0.315 0.091 -0.151
500.0 0.0 0.087 0.043 -0.231
500.0 25.0 0.220 0.088 -0.184
500.0 50.0 0.118 0.053 -0.220
500.0 75.0 0.058 0.034 -0.241
525.0 0.0 0.071 0.045 -0.236
525.0 25.0 0.176 0.064 -0.199
525.0 50.0 0.191 0.062 -0.194
550.0 0.0 0.149 0.048 -0.208
550.0 25.0 0.079 0.036 -0.233
575.0 25.0 0.024 0.017 -0.253
#average significance: 0.464
