mC1:mN1:nSig:nSigErr:Zn
#Tag: SR_SS_mumu_2_opt
#Zjets: 0.000000 +/- 0.000000 (0)
#multitop: 0.000000 +/- 0.000000 (0)
#Vgamma: 0.000000 +/- 0.000000 (0)
#Wjets: 0.101438 +/- 0.101438 (1)
#singletop: 0.109258 +/- 0.109258 (1)
#ttV: 0.196037 +/- 0.035786 (87)
#VVV: 0.231436 +/- 0.079870 (21)
#Higgs: 0.402042 +/- 0.393047 (9)
#ttbar: 0.460097 +/- 0.328809 (2)
#VV: 5.224996 +/- 0.413470 (1430)
#Total BG: 6.725304 +/- 0.680768 (1551)

150.0 0.0 4.680 0.946 1.118
152.5 22.5 5.242 0.876 1.257
162.5 12.5 6.832 0.909 1.636
175.0 0.0 6.167 1.444 1.481
175.0 25.0 3.654 0.797 0.854
177.5 47.5 3.245 0.721 0.745
187.5 12.5 5.252 0.866 1.260
187.5 37.5 3.159 0.614 0.722
190.0 60.0 2.533 0.521 0.550
200.0 0.0 3.922 0.718 0.924
200.0 25.0 3.096 0.688 0.705
200.0 50.0 4.028 1.247 0.951
202.5 72.5 1.700 0.468 0.313
212.5 12.5 2.366 0.599 0.503
212.5 37.5 3.287 0.657 0.756
212.5 62.5 2.437 0.551 0.523
215.0 85.0 1.316 0.435 0.200
225.0 0.0 3.161 0.890 0.722
225.0 25.0 2.198 0.564 0.456
225.0 50.0 2.219 0.529 0.462
225.0 75.0 1.673 0.613 0.305
227.5 97.5 1.516 0.540 0.259
237.5 12.5 3.080 0.711 0.700
237.5 37.5 2.629 0.599 0.577
237.5 62.5 2.534 0.578 0.551
237.5 87.5 1.616 0.442 0.288
240.0 110.0 3.715 1.087 0.870
250.0 0.0 4.373 1.025 1.040
250.0 25.0 1.563 0.477 0.273
250.0 50.0 3.091 1.055 0.703
250.0 75.0 1.894 0.544 0.369
250.0 100.0 0.930 0.357 0.084
262.5 12.5 1.291 0.433 0.192
262.5 37.5 2.167 0.663 0.447
262.5 62.5 2.186 0.623 0.453
262.5 87.5 1.269 0.494 0.186
275.0 0.0 1.995 0.505 0.398
275.0 25.0 2.189 0.491 0.453
275.0 50.0 1.925 0.454 0.378
275.0 75.0 0.730 0.278 0.022
287.5 12.5 1.884 0.482 0.366
287.5 37.5 1.359 0.411 0.213
287.5 62.5 2.513 0.474 0.545
300.0 0.0 1.556 0.384 0.271
300.0 25.0 2.549 0.644 0.555
300.0 50.0 1.854 0.376 0.358
300.0 75.0 1.790 0.696 0.339
300.0 100.0 1.777 0.432 0.335
312.5 12.5 1.943 0.487 0.383
312.5 37.5 1.433 0.351 0.235
325.0 0.0 1.370 0.535 0.216
325.0 25.0 1.243 0.551 0.178
325.0 50.0 1.438 0.416 0.236
325.0 75.0 1.330 0.299 0.204
325.0 100.0 1.096 0.352 0.134
337.5 12.5 1.105 0.254 0.137
350.0 0.0 1.105 0.429 0.137
350.0 25.0 0.764 0.198 0.033
350.0 50.0 0.976 0.258 0.098
350.0 75.0 1.287 0.286 0.191
350.0 100.0 0.609 0.159 -0.015
375.0 0.0 0.736 0.228 0.024
375.0 25.0 0.727 0.245 0.022
375.0 50.0 0.712 0.170 0.017
375.0 75.0 0.764 0.180 0.033
400.0 0.0 0.423 0.150 -0.073
400.0 25.0 0.477 0.152 -0.056
400.0 50.0 0.673 0.181 0.005
400.0 75.0 0.814 0.246 0.048
400.0 100.0 0.693 0.293 0.011
425.0 0.0 0.328 0.110 -0.103
425.0 25.0 0.343 0.115 -0.098
425.0 50.0 0.708 0.189 0.016
425.0 75.0 0.389 0.124 -0.084
425.0 100.0 0.462 0.182 -0.061
450.0 0.0 0.630 0.146 -0.008
450.0 25.0 0.312 0.104 -0.108
450.0 50.0 0.323 0.112 -0.105
450.0 75.0 0.249 0.099 -0.128
450.0 100.0 0.268 0.118 -0.122
475.0 0.0 0.150 0.061 -0.160
475.0 25.0 0.382 0.130 -0.086
475.0 50.0 0.218 0.087 -0.138
475.0 75.0 0.358 0.102 -0.094
475.0 100.0 0.347 0.111 -0.097
500.0 0.0 0.210 0.089 -0.140
500.0 25.0 0.313 0.090 -0.108
500.0 50.0 0.233 0.071 -0.133
500.0 75.0 0.285 0.082 -0.117
525.0 0.0 0.209 0.066 -0.141
525.0 25.0 0.231 0.068 -0.134
525.0 50.0 0.272 0.072 -0.121
550.0 0.0 0.172 0.050 -0.153
550.0 25.0 0.130 0.044 -0.166
575.0 25.0 0.045 0.022 -0.194
#average significance: 1.055
