mC1:mN1:nSig:nSigErr:Zn
#Tag: SR_SS_emu_2_opt
#multitop: 0.000000 +/- 0.000000 (0)
#Zjets: 0.004904 +/- 0.004904 (1)
#Higgs: 0.029957 +/- 0.015158 (22)
#Wjets: 0.098589 +/- 0.079504 (3)
#ttbar: 0.263278 +/- 0.263278 (1)
#Vgamma: 0.304333 +/- 0.194242 (5)
#VVV: 0.317783 +/- 0.059146 (49)
#ttV: 0.392436 +/- 0.053110 (147)
#singletop: 0.416387 +/- 0.416387 (1)
#VV: 6.033548 +/- 0.746060 (1662)
#Total BG: 7.861214 +/- 0.921912 (1891)

150.0 0.0 5.392 1.376 1.151
152.5 22.5 5.173 0.990 1.102
162.5 12.5 4.432 0.716 0.933
175.0 0.0 5.149 0.847 1.097
175.0 25.0 5.593 0.919 1.196
177.5 47.5 3.668 0.794 0.753
187.5 12.5 4.652 0.693 0.984
187.5 37.5 4.163 0.692 0.870
190.0 60.0 2.178 0.566 0.385
200.0 0.0 4.726 0.857 1.001
200.0 25.0 4.360 0.776 0.916
200.0 50.0 3.936 0.776 0.817
202.5 72.5 3.230 0.858 0.647
212.5 12.5 3.532 0.705 0.720
212.5 37.5 4.544 1.089 0.959
212.5 62.5 3.283 0.563 0.660
215.0 85.0 2.321 0.473 0.421
225.0 0.0 3.352 0.801 0.677
225.0 25.0 2.768 0.640 0.533
225.0 50.0 4.232 0.750 0.886
225.0 75.0 1.806 0.575 0.288
227.5 97.5 2.705 0.736 0.518
237.5 12.5 3.909 0.718 0.810
237.5 37.5 4.465 0.892 0.941
237.5 62.5 2.982 0.622 0.586
237.5 87.5 2.362 0.551 0.431
240.0 110.0 0.693 0.268 -0.010
250.0 0.0 3.450 0.805 0.701
250.0 25.0 2.050 0.604 0.352
250.0 50.0 2.159 0.617 0.380
250.0 75.0 2.014 0.548 0.342
250.0 100.0 1.551 0.459 0.221
262.5 12.5 4.656 1.674 0.985
262.5 37.5 3.810 0.761 0.787
262.5 62.5 2.082 0.687 0.360
262.5 87.5 2.652 0.636 0.505
275.0 0.0 2.504 0.510 0.467
275.0 25.0 2.270 0.507 0.408
275.0 50.0 2.432 0.551 0.449
275.0 75.0 1.720 0.457 0.266
287.5 12.5 3.845 0.786 0.795
287.5 37.5 3.246 0.680 0.651
287.5 62.5 2.014 0.462 0.342
300.0 0.0 3.173 0.582 0.633
300.0 25.0 2.871 0.537 0.559
300.0 50.0 2.917 0.561 0.570
300.0 75.0 2.274 0.444 0.409
300.0 100.0 2.534 0.711 0.475
312.5 12.5 2.341 0.427 0.426
312.5 37.5 2.603 0.675 0.492
325.0 0.0 1.634 0.361 0.243
325.0 25.0 1.847 0.357 0.299
325.0 50.0 1.630 0.420 0.242
325.0 75.0 1.641 0.383 0.245
325.0 100.0 1.977 0.370 0.333
337.5 12.5 2.543 0.405 0.477
350.0 0.0 2.313 0.527 0.419
350.0 25.0 1.790 0.295 0.284
350.0 50.0 1.761 0.297 0.277
350.0 75.0 1.157 0.261 0.116
350.0 100.0 1.081 0.224 0.096
375.0 0.0 1.779 0.504 0.281
375.0 25.0 1.253 0.237 0.142
375.0 50.0 1.285 0.236 0.151
375.0 75.0 1.277 0.231 0.149
400.0 0.0 1.159 0.252 0.117
400.0 25.0 1.209 0.268 0.130
400.0 50.0 1.966 0.351 0.330
400.0 75.0 0.984 0.266 0.069
400.0 100.0 1.359 0.281 0.170
425.0 0.0 0.874 0.234 0.039
425.0 25.0 0.784 0.212 0.015
425.0 50.0 1.620 0.465 0.240
425.0 75.0 0.590 0.160 -0.039
425.0 100.0 0.669 0.166 -0.017
450.0 0.0 0.596 0.140 -0.037
450.0 25.0 0.463 0.137 -0.075
450.0 50.0 1.071 0.258 0.093
450.0 75.0 1.033 0.253 0.083
450.0 100.0 0.891 0.200 0.044
475.0 0.0 0.630 0.132 -0.028
475.0 25.0 0.488 0.122 -0.068
475.0 50.0 0.582 0.132 -0.041
475.0 75.0 0.787 0.179 0.015
475.0 100.0 0.673 0.133 -0.016
500.0 0.0 0.512 0.126 -0.061
500.0 25.0 0.535 0.110 -0.054
500.0 50.0 0.569 0.114 -0.045
500.0 75.0 0.461 0.119 -0.075
525.0 0.0 0.491 0.114 -0.067
525.0 25.0 0.358 0.083 -0.104
525.0 50.0 0.612 0.106 -0.033
550.0 0.0 0.412 0.081 -0.089
550.0 25.0 0.366 0.084 -0.102
575.0 25.0 0.396 0.073 -0.093
#average significance: 0.947
