mC1:mN1:nSig:nSigErr:Zn
#Tag: SR_SS_ee_1_opt
#Zjets: -0.192271 +/- 0.219176 (2)
#multitop: 0.000000 +/- 0.000000 (0)
#Higgs: 0.001591 +/- 0.002645 (3)
#ttV: 0.046634 +/- 0.018525 (15)
#VVV: 0.179313 +/- 0.047097 (21)
#ttbar: 0.202127 +/- 0.202127 (1)
#singletop: 0.293179 +/- 0.223125 (2)
#Wjets: 0.426674 +/- 1.077148 (9)
#Vgamma: 1.143093 +/- 0.900248 (8)
#VV: 2.651533 +/- 0.542031 (464)
#Total BG: 4.944145 +/- 1.551044 (525)

150.0 0.0 4.425 0.880 1.002
152.5 22.5 2.911 0.610 0.606
162.5 12.5 3.327 0.661 0.718
175.0 0.0 2.207 0.630 0.408
175.0 25.0 2.565 0.605 0.510
177.5 47.5 2.100 0.530 0.377
187.5 12.5 2.126 0.559 0.385
187.5 37.5 2.360 0.712 0.452
190.0 60.0 1.516 0.475 0.204
200.0 0.0 2.291 0.582 0.432
200.0 25.0 1.606 0.432 0.231
200.0 50.0 2.303 0.605 0.436
202.5 72.5 0.388 0.195 -0.155
212.5 12.5 1.345 0.377 0.152
212.5 37.5 2.116 0.536 0.382
212.5 62.5 1.197 0.392 0.106
215.0 85.0 1.063 0.332 0.064
225.0 0.0 1.983 0.566 0.343
225.0 25.0 1.556 0.462 0.216
225.0 50.0 1.569 0.454 0.220
225.0 75.0 1.878 0.517 0.312
227.5 97.5 0.876 0.336 0.005
237.5 12.5 1.791 0.516 0.287
237.5 37.5 1.009 0.341 0.047
237.5 62.5 1.462 0.441 0.188
237.5 87.5 0.731 0.286 -0.042
240.0 110.0 0.425 0.215 -0.143
250.0 0.0 2.325 0.751 0.442
250.0 25.0 1.019 0.437 0.050
250.0 50.0 2.215 0.768 0.411
250.0 75.0 0.360 0.268 -0.165
250.0 100.0 0.910 0.387 0.015
262.5 12.5 0.683 0.318 -0.058
262.5 37.5 1.210 0.408 0.110
262.5 62.5 1.291 0.454 0.135
262.5 87.5 0.647 0.265 -0.070
275.0 0.0 1.797 0.533 0.288
275.0 25.0 0.795 0.283 -0.022
275.0 50.0 0.651 0.280 -0.068
275.0 75.0 1.764 0.606 0.278
287.5 12.5 0.490 0.200 -0.121
287.5 37.5 1.599 0.824 0.229
287.5 62.5 1.088 0.586 0.072
300.0 0.0 0.894 0.309 0.010
300.0 25.0 0.696 0.250 -0.054
300.0 50.0 1.321 0.348 0.144
300.0 75.0 1.461 0.426 0.187
300.0 100.0 0.715 0.244 -0.048
312.5 12.5 0.662 0.207 -0.065
312.5 37.5 1.080 0.342 0.069
325.0 0.0 0.708 0.207 -0.050
325.0 25.0 0.688 0.199 -0.056
325.0 50.0 0.837 0.228 -0.008
325.0 75.0 0.421 0.149 -0.144
325.0 100.0 0.476 0.161 -0.126
337.5 12.5 1.211 0.531 0.110
350.0 0.0 0.569 0.188 -0.095
350.0 25.0 0.842 0.345 -0.007
350.0 50.0 0.653 0.270 -0.068
350.0 75.0 0.529 0.175 -0.108
350.0 100.0 0.890 0.341 0.009
375.0 0.0 0.384 0.149 -0.157
375.0 25.0 0.239 0.087 -0.206
375.0 50.0 0.457 0.128 -0.132
375.0 75.0 0.361 0.110 -0.164
400.0 0.0 0.593 0.282 -0.087
400.0 25.0 0.354 0.134 -0.167
400.0 50.0 0.533 0.208 -0.107
400.0 75.0 0.500 0.201 -0.118
400.0 100.0 0.199 0.099 -0.220
425.0 0.0 0.417 0.173 -0.146
425.0 25.0 0.430 0.206 -0.142
425.0 50.0 0.431 0.150 -0.141
425.0 75.0 0.259 0.123 -0.199
425.0 100.0 0.087 0.062 -0.258
450.0 0.0 0.030 0.030 -0.278
450.0 25.0 0.198 0.099 -0.220
450.0 50.0 0.206 0.182 -0.217
450.0 75.0 0.153 0.068 -0.235
450.0 100.0 0.668 0.449 -0.063
475.0 0.0 0.164 0.077 -0.232
475.0 25.0 0.181 0.069 -0.226
475.0 50.0 0.190 0.102 -0.222
475.0 75.0 0.216 0.077 -0.214
475.0 100.0 0.317 0.092 -0.180
500.0 0.0 0.087 0.043 -0.258
500.0 25.0 0.239 0.090 -0.206
500.0 50.0 0.117 0.053 -0.248
500.0 75.0 0.059 0.034 -0.268
525.0 0.0 0.071 0.045 -0.264
525.0 25.0 0.178 0.065 -0.227
525.0 50.0 0.209 0.064 -0.216
550.0 0.0 0.161 0.049 -0.232
550.0 25.0 0.079 0.036 -0.261
575.0 25.0 0.024 0.017 -0.280
