mC1:mN1:nSig:nSigErr:Zn
#Tag: SR_SS_emu_2_pre
#multitop: 0.000871 +/- 0.000437 (4)
#VVV: 5.897949 +/- 0.285734 (1172)
#ttV: 8.390037 +/- 0.261452 (3375)
#singletop: 23.105565 +/- 2.678126 (133)
#Higgs: 35.884520 +/- 4.367703 (455)
#ttbar: 150.126921 +/- 7.414548 (511)
#Zjets: 155.730415 +/- 56.987156 (812)
#Vgamma: 202.151209 +/- 13.785484 (758)
#Wjets: 560.017806 +/- 129.740625 (1462)
#VV: 632.718790 +/- 5.372625 (163195)
#Total BG: 1774.024084 +/- 142.760096 (171877)

150.0 0.0 116.559 4.860 0.072
152.5 22.5 105.783 4.464 0.049
162.5 12.5 79.404 3.300 -0.006
175.0 0.0 65.512 3.883 -0.035
175.0 25.0 65.352 3.392 -0.035
177.5 47.5 67.038 3.803 -0.032
187.5 12.5 52.719 2.622 -0.062
187.5 37.5 52.565 2.965 -0.062
190.0 60.0 47.234 2.638 -0.073
200.0 0.0 43.295 2.873 -0.082
200.0 25.0 40.354 2.520 -0.088
200.0 50.0 40.293 2.487 -0.088
202.5 72.5 42.509 2.802 -0.083
212.5 12.5 37.887 2.294 -0.093
212.5 37.5 32.481 2.298 -0.105
212.5 62.5 36.391 2.324 -0.096
215.0 85.0 28.521 1.784 -0.113
225.0 0.0 28.485 2.336 -0.113
225.0 25.0 30.609 2.724 -0.109
225.0 50.0 27.491 2.159 -0.115
225.0 75.0 25.873 2.129 -0.119
227.5 97.5 26.397 2.241 -0.118
237.5 12.5 25.797 2.277 -0.119
237.5 37.5 23.510 1.832 -0.124
237.5 62.5 21.357 1.735 -0.129
237.5 87.5 21.888 1.689 -0.127
240.0 110.0 20.978 1.641 -0.129
250.0 0.0 22.614 2.401 -0.126
250.0 25.0 18.489 1.767 -0.135
250.0 50.0 19.464 2.197 -0.133
250.0 75.0 21.639 2.058 -0.128
250.0 100.0 18.791 1.797 -0.134
262.5 12.5 17.836 2.182 -0.136
262.5 37.5 19.753 1.652 -0.132
262.5 62.5 16.054 1.767 -0.140
262.5 87.5 14.658 1.470 -0.143
275.0 0.0 14.872 1.425 -0.142
275.0 25.0 12.376 1.323 -0.148
275.0 50.0 14.676 1.590 -0.143
275.0 75.0 12.745 1.309 -0.147
287.5 12.5 13.820 1.571 -0.145
287.5 37.5 12.935 1.196 -0.147
287.5 62.5 14.186 1.420 -0.144
300.0 0.0 11.010 1.221 -0.151
300.0 25.0 11.167 1.093 -0.150
300.0 50.0 12.677 1.381 -0.147
300.0 75.0 11.128 1.029 -0.150
300.0 100.0 12.794 1.401 -0.147
312.5 12.5 9.197 0.973 -0.155
312.5 37.5 8.678 0.966 -0.156
325.0 0.0 6.621 0.801 -0.160
325.0 25.0 7.200 0.740 -0.159
325.0 50.0 8.961 0.952 -0.155
325.0 75.0 7.495 0.763 -0.158
325.0 100.0 7.754 0.863 -0.158
337.5 12.5 6.971 0.652 -0.159
350.0 0.0 6.746 0.803 -0.160
350.0 25.0 5.569 0.648 -0.162
350.0 50.0 5.550 0.566 -0.162
350.0 75.0 5.706 0.709 -0.162
350.0 100.0 5.484 0.556 -0.163
375.0 0.0 4.273 0.481 -0.165
375.0 25.0 4.526 0.476 -0.165
375.0 50.0 4.178 0.455 -0.165
375.0 75.0 4.093 0.410 -0.166
400.0 0.0 4.039 0.570 -0.166
400.0 25.0 3.604 0.531 -0.167
400.0 50.0 3.737 0.475 -0.166
400.0 75.0 3.297 0.657 -0.167
400.0 100.0 3.137 0.448 -0.168
425.0 0.0 2.113 0.340 -0.170
425.0 25.0 2.578 0.353 -0.169
425.0 50.0 3.701 0.607 -0.166
425.0 75.0 2.053 0.333 -0.170
425.0 100.0 2.491 0.391 -0.169
450.0 0.0 1.504 0.225 -0.171
450.0 25.0 1.983 0.459 -0.170
450.0 50.0 2.700 0.516 -0.169
450.0 75.0 2.344 0.336 -0.169
450.0 100.0 1.762 0.277 -0.171
475.0 0.0 1.739 0.241 -0.171
475.0 25.0 1.515 0.212 -0.171
475.0 50.0 1.591 0.226 -0.171
475.0 75.0 1.717 0.250 -0.171
475.0 100.0 1.552 0.215 -0.171
500.0 0.0 1.320 0.207 -0.172
500.0 25.0 1.777 0.222 -0.171
500.0 50.0 1.665 0.221 -0.171
500.0 75.0 1.217 0.219 -0.172
525.0 0.0 1.307 0.174 -0.172
525.0 25.0 1.090 0.149 -0.172
525.0 50.0 1.188 0.155 -0.172
550.0 0.0 0.702 0.114 -0.173
550.0 25.0 0.906 0.159 -0.172
575.0 25.0 0.715 0.099 -0.173
