mC1:mN1:nSig:nSigErr:Zn
#Tag: SR_SS_ee_1_pre
#multitop: 0.000000 +/- 0.000000 (0)
#ttV: 0.389661 +/- 0.058508 (141)
#VVV: 2.226126 +/- 0.170132 (349)
#singletop: 5.798071 +/- 1.323768 (32)
#Higgs: 10.176270 +/- 2.308737 (108)
#ttbar: 11.966278 +/- 3.344848 (27)
#VV: 240.297532 +/- 5.220704 (32090)
#Vgamma: 269.825204 +/- 13.842902 (852)
#Wjets: 290.312064 +/- 92.408965 (254)
#Zjets: 1051.881172 +/- 159.026753 (1056)
#Total BG: 1882.872378 +/- 184.570067 (34909)

150.0 0.0 32.100 2.420 -0.115
152.5 22.5 28.764 2.518 -0.121
162.5 12.5 24.496 1.739 -0.130
175.0 0.0 16.349 1.523 -0.146
175.0 25.0 20.873 2.479 -0.137
177.5 47.5 17.563 1.619 -0.143
187.5 12.5 14.409 1.508 -0.150
187.5 37.5 15.133 1.452 -0.148
190.0 60.0 14.498 1.596 -0.150
200.0 0.0 11.405 1.326 -0.156
200.0 25.0 10.868 1.350 -0.157
200.0 50.0 11.868 1.388 -0.155
202.5 72.5 9.312 1.174 -0.160
212.5 12.5 8.465 0.956 -0.162
212.5 37.5 10.320 1.445 -0.158
212.5 62.5 10.121 1.075 -0.158
215.0 85.0 10.735 1.492 -0.157
225.0 0.0 8.672 1.341 -0.161
225.0 25.0 7.544 1.050 -0.163
225.0 50.0 8.389 1.176 -0.162
225.0 75.0 8.427 1.178 -0.162
227.5 97.5 7.540 1.116 -0.163
237.5 12.5 7.369 1.179 -0.164
237.5 37.5 5.205 0.842 -0.168
237.5 62.5 6.064 0.951 -0.166
237.5 87.5 7.140 1.116 -0.164
240.0 110.0 6.278 1.002 -0.166
250.0 0.0 6.296 1.110 -0.166
250.0 25.0 4.626 0.926 -0.169
250.0 50.0 5.386 1.027 -0.168
250.0 75.0 4.249 0.838 -0.170
250.0 100.0 5.249 0.968 -0.168
262.5 12.5 3.794 0.718 -0.171
262.5 37.5 3.879 0.711 -0.171
262.5 62.5 4.187 0.911 -0.170
262.5 87.5 4.244 0.729 -0.170
275.0 0.0 5.466 0.945 -0.167
275.0 25.0 3.652 0.644 -0.171
275.0 50.0 3.412 0.814 -0.172
275.0 75.0 5.846 0.943 -0.167
287.5 12.5 3.383 0.752 -0.172
287.5 37.5 4.455 0.998 -0.169
287.5 62.5 4.095 0.836 -0.170
300.0 0.0 2.890 0.557 -0.173
300.0 25.0 1.894 0.401 -0.175
300.0 50.0 2.339 0.458 -0.174
300.0 75.0 3.527 0.619 -0.171
300.0 100.0 2.386 0.513 -0.174
312.5 12.5 3.163 0.484 -0.172
312.5 37.5 2.550 0.478 -0.173
325.0 0.0 2.556 0.451 -0.173
325.0 25.0 3.109 0.601 -0.172
325.0 50.0 2.657 0.459 -0.173
325.0 75.0 1.777 0.365 -0.175
325.0 100.0 1.864 0.338 -0.175
337.5 12.5 2.178 0.575 -0.174
350.0 0.0 1.999 0.369 -0.174
350.0 25.0 1.627 0.406 -0.175
350.0 50.0 2.147 0.457 -0.174
350.0 75.0 1.701 0.337 -0.175
350.0 100.0 1.738 0.404 -0.175
375.0 0.0 1.558 0.357 -0.175
375.0 25.0 0.869 0.199 -0.177
375.0 50.0 0.852 0.176 -0.177
375.0 75.0 1.173 0.237 -0.176
400.0 0.0 0.723 0.292 -0.177
400.0 25.0 1.140 0.266 -0.176
400.0 50.0 0.896 0.260 -0.177
400.0 75.0 1.414 0.343 -0.176
400.0 100.0 0.696 0.293 -0.177
425.0 0.0 0.759 0.219 -0.177
425.0 25.0 0.793 0.244 -0.177
425.0 50.0 0.991 0.217 -0.176
425.0 75.0 0.688 0.181 -0.177
425.0 100.0 0.578 0.170 -0.177
450.0 0.0 0.289 0.110 -0.178
450.0 25.0 0.464 0.147 -0.177
450.0 50.0 0.596 0.241 -0.177
450.0 75.0 0.492 0.136 -0.177
450.0 100.0 0.954 0.460 -0.176
475.0 0.0 0.365 0.112 -0.178
475.0 25.0 0.392 0.102 -0.178
475.0 50.0 0.714 0.228 -0.177
475.0 75.0 0.580 0.148 -0.177
475.0 100.0 0.553 0.128 -0.177
500.0 0.0 0.332 0.086 -0.178
500.0 25.0 0.559 0.126 -0.177
500.0 50.0 0.282 0.083 -0.178
500.0 75.0 0.203 0.070 -0.178
525.0 0.0 0.220 0.070 -0.178
525.0 25.0 0.508 0.135 -0.177
525.0 50.0 0.273 0.072 -0.178
550.0 0.0 0.395 0.118 -0.178
550.0 25.0 0.192 0.057 -0.178
575.0 25.0 0.082 0.031 -0.178
