mC1:mN1:nSig:nSigErr:Zn
#Tag: SR_SS_emu_1_pre
#multitop: 0.000000 +/- 0.000000 (0)
#ttV: 0.932290 +/- 0.109503 (341)
#VVV: 5.732690 +/- 0.290164 (914)
#singletop: 15.836547 +/- 2.044111 (99)
#Higgs: 18.300552 +/- 2.858989 (143)
#ttbar: 32.171676 +/- 4.526355 (88)
#Vgamma: 236.984556 +/- 12.837673 (725)
#Zjets: 282.384198 +/- 118.295750 (441)
#Wjets: 525.628701 +/- 147.869215 (944)
#VV: 541.867981 +/- 6.965590 (76372)
#Total BG: 1659.839191 +/- 190.014344 (80067)

150.0 0.0 83.319 3.824 -0.002
152.5 22.5 73.814 3.512 -0.022
162.5 12.5 63.306 2.917 -0.045
175.0 0.0 43.665 2.892 -0.087
175.0 25.0 49.516 3.186 -0.074
177.5 47.5 43.388 2.606 -0.088
187.5 12.5 40.204 2.473 -0.095
187.5 37.5 34.637 2.352 -0.107
190.0 60.0 35.221 2.299 -0.105
200.0 0.0 30.312 2.250 -0.116
200.0 25.0 26.618 1.981 -0.124
200.0 50.0 29.635 2.063 -0.118
202.5 72.5 27.185 1.985 -0.123
212.5 12.5 20.931 1.677 -0.137
212.5 37.5 23.731 1.759 -0.130
212.5 62.5 23.667 1.831 -0.131
215.0 85.0 25.954 2.064 -0.126
225.0 0.0 16.144 1.660 -0.147
225.0 25.0 18.401 2.127 -0.142
225.0 50.0 22.455 2.233 -0.133
225.0 75.0 19.605 2.284 -0.139
227.5 97.5 19.745 1.822 -0.139
237.5 12.5 20.491 2.433 -0.138
237.5 37.5 15.500 1.594 -0.148
237.5 62.5 14.239 1.429 -0.151
237.5 87.5 13.620 1.368 -0.153
240.0 110.0 16.402 1.430 -0.147
250.0 0.0 11.495 1.407 -0.157
250.0 25.0 12.086 1.566 -0.156
250.0 50.0 11.033 1.410 -0.158
250.0 75.0 13.283 1.634 -0.153
250.0 100.0 12.071 1.687 -0.156
262.5 12.5 11.812 1.457 -0.157
262.5 37.5 9.466 1.168 -0.162
262.5 62.5 10.691 1.277 -0.159
262.5 87.5 10.616 1.496 -0.159
275.0 0.0 10.024 1.130 -0.161
275.0 25.0 10.032 1.075 -0.160
275.0 50.0 6.956 0.937 -0.167
275.0 75.0 9.017 1.070 -0.163
287.5 12.5 8.975 1.198 -0.163
287.5 37.5 7.053 1.069 -0.167
287.5 62.5 7.494 0.996 -0.166
300.0 0.0 5.468 0.815 -0.171
300.0 25.0 7.964 1.060 -0.165
300.0 50.0 6.814 0.972 -0.168
300.0 75.0 6.411 0.921 -0.168
300.0 100.0 6.959 1.029 -0.167
312.5 12.5 5.116 0.665 -0.171
312.5 37.5 6.587 1.040 -0.168
325.0 0.0 4.438 0.548 -0.173
325.0 25.0 4.157 0.680 -0.173
325.0 50.0 4.549 0.575 -0.173
325.0 75.0 4.790 0.628 -0.172
325.0 100.0 4.737 0.618 -0.172
337.5 12.5 4.705 0.665 -0.172
350.0 0.0 3.636 0.521 -0.175
350.0 25.0 3.396 0.411 -0.175
350.0 50.0 3.519 0.438 -0.175
350.0 75.0 3.717 0.650 -0.174
350.0 100.0 2.671 0.353 -0.177
375.0 0.0 2.291 0.384 -0.178
375.0 25.0 3.359 0.422 -0.175
375.0 50.0 2.141 0.293 -0.178
375.0 75.0 3.119 0.445 -0.176
400.0 0.0 2.095 0.509 -0.178
400.0 25.0 2.662 0.441 -0.177
400.0 50.0 1.987 0.376 -0.178
400.0 75.0 2.406 0.364 -0.177
400.0 100.0 2.013 0.346 -0.178
425.0 0.0 1.241 0.238 -0.180
425.0 25.0 1.956 0.363 -0.178
425.0 50.0 1.685 0.325 -0.179
425.0 75.0 1.556 0.278 -0.179
425.0 100.0 1.339 0.270 -0.180
450.0 0.0 0.912 0.191 -0.181
450.0 25.0 1.543 0.662 -0.179
450.0 50.0 1.192 0.331 -0.180
450.0 75.0 0.984 0.190 -0.180
450.0 100.0 1.136 0.205 -0.180
475.0 0.0 0.781 0.152 -0.181
475.0 25.0 1.499 0.323 -0.179
475.0 50.0 0.874 0.162 -0.181
475.0 75.0 0.666 0.136 -0.181
475.0 100.0 0.772 0.149 -0.181
500.0 0.0 0.915 0.165 -0.181
500.0 25.0 0.724 0.146 -0.181
500.0 50.0 1.158 0.256 -0.180
500.0 75.0 0.621 0.141 -0.181
525.0 0.0 0.580 0.114 -0.181
525.0 25.0 0.906 0.204 -0.181
525.0 50.0 0.588 0.108 -0.181
550.0 0.0 0.491 0.092 -0.181
550.0 25.0 0.444 0.086 -0.182
575.0 25.0 0.701 0.146 -0.181
