mC1:mN1:nSig:nSigErr:Zn
#Tag: SR_SS_ee_2_pre
#multitop: 0.002239 +/- 0.001984 (2)
#VVV: 2.423881 +/- 0.187232 (508)
#ttV: 3.610984 +/- 0.162103 (1454)
#singletop: 4.676949 +/- 1.031275 (29)
#Higgs: 17.436548 +/- 3.139198 (225)
#ttbar: 41.978048 +/- 4.612212 (127)
#Vgamma: 217.419233 +/- 12.830038 (865)
#Wjets: 287.398654 +/- 90.407263 (540)
#VV: 297.978301 +/- 4.778934 (72983)
#Zjets: 596.284246 +/- 138.410836 (2124)
#Total BG: 1469.209083 +/- 165.984134 (78857)

150.0 0.0 44.415 3.126 -0.072
152.5 22.5 40.008 2.764 -0.083
162.5 12.5 33.746 2.325 -0.099
175.0 0.0 30.640 3.142 -0.106
175.0 25.0 26.115 2.424 -0.117
177.5 47.5 25.506 2.390 -0.119
187.5 12.5 17.313 1.518 -0.139
187.5 37.5 21.975 1.897 -0.128
190.0 60.0 17.105 1.782 -0.140
200.0 0.0 18.877 2.109 -0.135
200.0 25.0 17.307 1.788 -0.139
200.0 50.0 17.358 1.697 -0.139
202.5 72.5 17.522 2.018 -0.139
212.5 12.5 12.036 1.337 -0.152
212.5 37.5 14.675 1.488 -0.146
212.5 62.5 12.922 1.423 -0.150
215.0 85.0 11.923 1.227 -0.152
225.0 0.0 9.794 1.303 -0.158
225.0 25.0 12.715 1.542 -0.151
225.0 50.0 10.287 1.392 -0.157
225.0 75.0 10.064 1.378 -0.157
227.5 97.5 10.227 1.224 -0.157
237.5 12.5 10.677 1.522 -0.156
237.5 37.5 11.240 1.262 -0.154
237.5 62.5 8.784 1.107 -0.160
237.5 87.5 9.883 1.277 -0.158
240.0 110.0 7.054 1.001 -0.165
250.0 0.0 7.630 1.339 -0.163
250.0 25.0 9.087 1.260 -0.160
250.0 50.0 11.845 2.253 -0.153
250.0 75.0 7.093 1.199 -0.164
250.0 100.0 8.284 1.337 -0.162
262.5 12.5 8.477 1.342 -0.161
262.5 37.5 7.866 1.144 -0.163
262.5 62.5 5.219 0.856 -0.169
262.5 87.5 6.689 0.974 -0.165
275.0 0.0 5.993 0.914 -0.167
275.0 25.0 6.310 0.897 -0.166
275.0 50.0 7.089 1.017 -0.164
275.0 75.0 7.224 1.240 -0.164
287.5 12.5 5.232 0.766 -0.169
287.5 37.5 4.279 0.650 -0.171
287.5 62.5 6.098 1.114 -0.167
300.0 0.0 4.584 0.676 -0.171
300.0 25.0 5.929 1.116 -0.167
300.0 50.0 5.312 0.817 -0.169
300.0 75.0 3.557 0.559 -0.173
300.0 100.0 4.617 0.653 -0.171
312.5 12.5 4.878 0.696 -0.170
312.5 37.5 4.011 0.654 -0.172
325.0 0.0 3.210 0.475 -0.174
325.0 25.0 3.707 0.520 -0.173
325.0 50.0 4.061 0.585 -0.172
325.0 75.0 3.631 0.470 -0.173
325.0 100.0 3.352 0.536 -0.174
337.5 12.5 2.671 0.431 -0.175
350.0 0.0 3.204 0.537 -0.174
350.0 25.0 3.032 0.479 -0.175
350.0 50.0 2.136 0.384 -0.177
350.0 75.0 2.115 0.340 -0.177
350.0 100.0 2.744 0.401 -0.175
375.0 0.0 2.345 0.341 -0.176
375.0 25.0 2.142 0.300 -0.177
375.0 50.0 2.295 0.417 -0.176
375.0 75.0 2.033 0.287 -0.177
400.0 0.0 2.044 0.572 -0.177
400.0 25.0 1.890 0.402 -0.177
400.0 50.0 1.928 0.564 -0.177
400.0 75.0 1.523 0.310 -0.178
400.0 100.0 1.349 0.303 -0.179
425.0 0.0 1.429 0.323 -0.179
425.0 25.0 1.120 0.247 -0.179
425.0 50.0 1.575 0.369 -0.178
425.0 75.0 0.908 0.205 -0.180
425.0 100.0 0.751 0.185 -0.180
450.0 0.0 1.045 0.251 -0.180
450.0 25.0 1.209 0.288 -0.179
450.0 50.0 1.353 0.313 -0.179
450.0 75.0 0.983 0.211 -0.180
450.0 100.0 0.999 0.195 -0.180
475.0 0.0 0.649 0.139 -0.181
475.0 25.0 0.622 0.138 -0.181
475.0 50.0 0.719 0.149 -0.180
475.0 75.0 1.030 0.184 -0.180
475.0 100.0 0.830 0.185 -0.180
500.0 0.0 0.579 0.158 -0.181
500.0 25.0 0.544 0.116 -0.181
500.0 50.0 0.594 0.129 -0.181
500.0 75.0 0.755 0.151 -0.180
525.0 0.0 0.526 0.126 -0.181
525.0 25.0 0.460 0.111 -0.181
525.0 50.0 0.506 0.101 -0.181
550.0 0.0 0.462 0.088 -0.181
550.0 25.0 0.540 0.113 -0.181
575.0 25.0 0.468 0.091 -0.181
