mC1:mN1:nSig:nSigErr:Zn
#Tag: SR_SS_ee_2_opt
#Zjets: 0.000000 +/- 0.000000 (0)
#multitop: 0.000000 +/- 0.000000 (0)
#ttV: 0.094040 +/- 0.023415 (40)
#VVV: 0.102537 +/- 0.037392 (16)
#singletop: 0.159334 +/- 0.159334 (1)
#Vgamma: 0.379629 +/- 0.271816 (2)
#Higgs: 0.531785 +/- 0.522178 (11)
#Wjets: 0.563560 +/- 0.579743 (3)
#ttbar: 1.168978 +/- 0.889367 (2)
#VV: 3.186933 +/- 0.432069 (620)
#Total BG: 6.186796 +/- 1.299095 (695)

150.0 0.0 4.270 0.892 0.953
152.5 22.5 3.404 0.760 0.734
162.5 12.5 3.996 0.666 0.884
175.0 0.0 2.195 0.821 0.411
175.0 25.0 1.796 0.470 0.300
177.5 47.5 2.899 1.113 0.602
187.5 12.5 2.218 0.532 0.418
187.5 37.5 1.484 0.394 0.211
190.0 60.0 1.043 0.329 0.082
200.0 0.0 2.426 0.823 0.475
200.0 25.0 2.598 0.690 0.521
200.0 50.0 2.467 0.583 0.486
202.5 72.5 1.069 0.343 0.089
212.5 12.5 1.962 0.467 0.347
212.5 37.5 0.819 0.337 0.015
212.5 62.5 1.364 0.364 0.176
215.0 85.0 1.689 0.476 0.270
225.0 0.0 2.040 0.600 0.368
225.0 25.0 1.597 0.605 0.243
225.0 50.0 2.048 0.577 0.371
225.0 75.0 1.883 0.792 0.324
227.5 97.5 1.023 0.414 0.076
237.5 12.5 1.343 0.403 0.170
237.5 37.5 0.785 0.283 0.004
237.5 62.5 1.059 0.367 0.086
237.5 87.5 1.262 0.376 0.146
240.0 110.0 0.477 0.214 -0.090
250.0 0.0 1.021 0.361 0.075
250.0 25.0 2.541 0.701 0.506
250.0 50.0 0.712 0.402 -0.018
250.0 75.0 1.164 0.540 0.118
250.0 100.0 0.713 0.333 -0.018
262.5 12.5 1.233 0.396 0.138
262.5 37.5 1.285 0.634 0.153
262.5 62.5 0.544 0.244 -0.069
262.5 87.5 1.014 0.395 0.073
275.0 0.0 0.694 0.268 -0.023
275.0 25.0 0.670 0.282 -0.031
275.0 50.0 1.715 0.517 0.277
275.0 75.0 0.895 0.307 0.037
287.5 12.5 0.756 0.256 -0.005
287.5 37.5 0.749 0.298 -0.007
287.5 62.5 0.582 0.223 -0.058
300.0 0.0 0.486 0.201 -0.087
300.0 25.0 1.115 0.315 0.103
300.0 50.0 0.490 0.355 -0.086
300.0 75.0 0.602 0.235 -0.052
300.0 100.0 0.741 0.246 -0.009
312.5 12.5 1.369 0.433 0.178
312.5 37.5 0.803 0.274 0.010
325.0 0.0 0.514 0.174 -0.079
325.0 25.0 0.931 0.287 0.048
325.0 50.0 0.699 0.195 -0.022
325.0 75.0 0.871 0.237 0.030
325.0 100.0 0.861 0.259 0.027
337.5 12.5 0.412 0.138 -0.110
350.0 0.0 0.510 0.171 -0.080
350.0 25.0 0.659 0.175 -0.034
350.0 50.0 0.331 0.118 -0.136
350.0 75.0 0.273 0.106 -0.154
350.0 100.0 0.174 0.088 -0.185
375.0 0.0 0.476 0.139 -0.090
375.0 25.0 0.454 0.135 -0.097
375.0 50.0 0.256 0.092 -0.159
375.0 75.0 0.389 0.120 -0.117
400.0 0.0 0.481 0.230 -0.089
400.0 25.0 0.752 0.236 -0.006
400.0 50.0 0.576 0.483 -0.060
400.0 75.0 0.242 0.109 -0.163
400.0 100.0 0.113 0.081 -0.204
425.0 0.0 0.289 0.128 -0.149
425.0 25.0 0.186 0.097 -0.181
425.0 50.0 0.145 0.085 -0.194
425.0 75.0 0.197 0.103 -0.178
425.0 100.0 0.069 0.049 -0.218
450.0 0.0 0.284 0.130 -0.150
450.0 25.0 0.424 0.220 -0.106
450.0 50.0 0.310 0.109 -0.142
450.0 75.0 0.208 0.082 -0.174
450.0 100.0 0.255 0.099 -0.159
475.0 0.0 0.139 0.063 -0.196
475.0 25.0 0.164 0.078 -0.188
475.0 50.0 0.174 0.066 -0.185
475.0 75.0 0.170 0.065 -0.186
475.0 100.0 0.073 0.042 -0.217
500.0 0.0 0.101 0.053 -0.208
500.0 25.0 0.105 0.047 -0.207
500.0 50.0 0.143 0.060 -0.195
500.0 75.0 0.321 0.104 -0.139
525.0 0.0 0.085 0.038 -0.213
525.0 25.0 0.103 0.048 -0.207
525.0 50.0 0.083 0.037 -0.214
550.0 0.0 0.043 0.032 -0.226
550.0 25.0 0.087 0.036 -0.212
575.0 25.0 0.095 0.037 -0.210
