mC1:mN1:nSig:nSigErr:Zn
#Tag: SR_SS_mumu_1_pre
#multitop: 0.000000 +/- 0.000000 (0)
#ttV: 0.772067 +/- 0.072104 (261)
#VVV: 4.402457 +/- 0.245113 (754)
#Vgamma: 8.552982 +/- 2.067631 (20)
#Higgs: 18.107092 +/- 2.786710 (88)
#ttbar: 43.367591 +/- 3.990620 (145)
#singletop: 52.465594 +/- 4.311688 (257)
#Zjets: 228.905976 +/- 38.940749 (877)
#VV: 463.854029 +/- 6.491974 (63221)
#Wjets: 1289.498291 +/- 161.330323 (3134)
#Total BG: 2109.926078 +/- 166.230630 (68757)

150.0 0.0 67.565 3.695 -0.052
152.5 22.5 62.525 3.381 -0.061
162.5 12.5 51.853 2.869 -0.081
175.0 0.0 38.159 2.770 -0.105
175.0 25.0 33.297 2.381 -0.114
177.5 47.5 37.512 2.419 -0.106
187.5 12.5 26.583 1.868 -0.126
187.5 37.5 31.447 2.100 -0.117
190.0 60.0 26.962 2.094 -0.125
200.0 0.0 17.787 1.731 -0.142
200.0 25.0 24.633 1.973 -0.129
200.0 50.0 25.202 2.428 -0.128
202.5 72.5 20.972 1.824 -0.136
212.5 12.5 17.429 1.764 -0.142
212.5 37.5 17.583 1.566 -0.142
212.5 62.5 18.225 1.527 -0.141
215.0 85.0 16.543 1.390 -0.144
225.0 0.0 16.092 1.969 -0.145
225.0 25.0 13.676 1.801 -0.149
225.0 50.0 15.837 1.942 -0.145
225.0 75.0 14.468 1.706 -0.148
227.5 97.5 15.289 1.606 -0.146
237.5 12.5 11.593 1.597 -0.153
237.5 37.5 12.800 1.390 -0.151
237.5 62.5 14.408 1.479 -0.148
237.5 87.5 11.434 1.299 -0.153
240.0 110.0 12.440 1.531 -0.152
250.0 0.0 8.990 1.487 -0.158
250.0 25.0 12.001 2.109 -0.152
250.0 50.0 11.519 1.379 -0.153
250.0 75.0 8.427 1.200 -0.159
250.0 100.0 11.151 1.411 -0.154
262.5 12.5 6.924 1.062 -0.162
262.5 37.5 8.640 1.068 -0.158
262.5 62.5 7.505 1.107 -0.160
262.5 87.5 7.089 0.970 -0.161
275.0 0.0 6.523 0.953 -0.162
275.0 25.0 5.099 0.805 -0.165
275.0 50.0 6.106 0.900 -0.163
275.0 75.0 5.540 0.790 -0.164
287.5 12.5 6.161 0.955 -0.163
287.5 37.5 6.678 0.995 -0.162
287.5 62.5 7.131 0.867 -0.161
300.0 0.0 3.893 0.729 -0.167
300.0 25.0 5.747 0.816 -0.164
300.0 50.0 4.269 0.585 -0.166
300.0 75.0 5.756 0.976 -0.164
300.0 100.0 4.521 0.649 -0.166
312.5 12.5 3.813 0.634 -0.167
312.5 37.5 5.470 0.722 -0.164
325.0 0.0 3.858 0.517 -0.167
325.0 25.0 4.341 0.576 -0.166
325.0 50.0 3.638 0.551 -0.167
325.0 75.0 3.635 0.606 -0.167
325.0 100.0 4.306 0.695 -0.166
337.5 12.5 2.832 0.760 -0.169
350.0 0.0 2.741 0.418 -0.169
350.0 25.0 2.750 0.438 -0.169
350.0 50.0 2.017 0.312 -0.170
350.0 75.0 2.516 0.542 -0.170
350.0 100.0 2.931 0.520 -0.169
375.0 0.0 1.949 0.453 -0.171
375.0 25.0 1.812 0.307 -0.171
375.0 50.0 1.447 0.248 -0.171
375.0 75.0 1.832 0.270 -0.171
400.0 0.0 0.924 0.313 -0.172
400.0 25.0 0.865 0.220 -0.173
400.0 50.0 1.026 0.225 -0.172
400.0 75.0 1.599 0.307 -0.171
400.0 100.0 1.698 0.325 -0.171
425.0 0.0 1.173 0.290 -0.172
425.0 25.0 1.070 0.252 -0.172
425.0 50.0 0.842 0.199 -0.173
425.0 75.0 1.782 0.470 -0.171
425.0 100.0 1.925 0.467 -0.171
450.0 0.0 0.696 0.190 -0.173
450.0 25.0 0.903 0.194 -0.172
450.0 50.0 0.961 0.259 -0.172
450.0 75.0 0.990 0.192 -0.172
450.0 100.0 0.618 0.165 -0.173
475.0 0.0 0.984 0.194 -0.172
475.0 25.0 0.673 0.184 -0.173
475.0 50.0 0.638 0.142 -0.173
475.0 75.0 0.821 0.165 -0.173
475.0 100.0 0.654 0.192 -0.173
500.0 0.0 0.346 0.087 -0.173
500.0 25.0 0.901 0.237 -0.172
500.0 50.0 0.529 0.112 -0.173
500.0 75.0 0.677 0.138 -0.173
525.0 0.0 0.644 0.147 -0.173
525.0 25.0 0.383 0.085 -0.173
525.0 50.0 0.489 0.111 -0.173
550.0 0.0 0.360 0.096 -0.173
550.0 25.0 0.584 0.164 -0.173
575.0 25.0 0.167 0.045 -0.174
