mC1:mN1:nSig:nSigErr:Zn
#Tag: SR_SS_mumu_2_pre
#multitop: 0.000239 +/- 0.000239 (1)
#VVV: 4.400941 +/- 0.247130 (875)
#ttV: 6.122618 +/- 0.215949 (2390)
#Vgamma: 7.512736 +/- 2.122566 (20)
#Higgs: 30.827389 +/- 5.005696 (314)
#singletop: 54.271761 +/- 4.865722 (292)
#Zjets: 176.236705 +/- 34.509195 (1342)
#ttbar: 311.679396 +/- 10.876847 (1079)
#VV: 487.649605 +/- 5.639996 (123733)
#Wjets: 1001.554571 +/- 127.078698 (5165)
#Total BG: 2080.255961 +/- 132.451276 (135211)

150.0 0.0 91.319 4.308 -0.003
152.5 22.5 83.347 3.984 -0.017
162.5 12.5 69.513 3.077 -0.043
175.0 0.0 58.315 3.715 -0.063
175.0 25.0 54.089 3.264 -0.071
177.5 47.5 56.574 3.330 -0.066
187.5 12.5 48.779 3.309 -0.081
187.5 37.5 40.789 2.684 -0.095
190.0 60.0 41.247 2.677 -0.095
200.0 0.0 37.039 2.658 -0.102
200.0 25.0 30.524 2.414 -0.114
200.0 50.0 37.620 3.022 -0.101
202.5 72.5 38.390 2.545 -0.100
212.5 12.5 27.838 2.081 -0.119
212.5 37.5 31.337 2.357 -0.113
212.5 62.5 27.089 1.978 -0.121
215.0 85.0 28.426 1.902 -0.118
225.0 0.0 24.804 2.280 -0.125
225.0 25.0 20.039 1.793 -0.134
225.0 50.0 23.073 1.955 -0.128
225.0 75.0 24.906 2.596 -0.125
227.5 97.5 21.005 2.015 -0.132
237.5 12.5 22.731 2.535 -0.129
237.5 37.5 20.354 1.747 -0.133
237.5 62.5 17.842 1.616 -0.138
237.5 87.5 18.563 1.450 -0.137
240.0 110.0 21.625 1.807 -0.131
250.0 0.0 18.405 2.210 -0.137
250.0 25.0 17.244 1.772 -0.139
250.0 50.0 14.571 1.729 -0.144
250.0 75.0 15.200 1.683 -0.143
250.0 100.0 19.513 2.132 -0.135
262.5 12.5 13.332 1.405 -0.146
262.5 37.5 12.820 1.466 -0.147
262.5 62.5 14.712 1.496 -0.144
262.5 87.5 12.245 1.398 -0.148
275.0 0.0 13.372 1.584 -0.146
275.0 25.0 9.400 1.122 -0.154
275.0 50.0 14.068 1.619 -0.145
275.0 75.0 12.639 1.492 -0.148
287.5 12.5 9.650 1.125 -0.153
287.5 37.5 9.880 1.307 -0.153
287.5 62.5 9.774 1.041 -0.153
300.0 0.0 7.931 1.036 -0.157
300.0 25.0 10.041 1.094 -0.153
300.0 50.0 9.608 0.993 -0.153
300.0 75.0 9.184 1.259 -0.154
300.0 100.0 8.975 0.963 -0.155
312.5 12.5 7.959 0.881 -0.156
312.5 37.5 7.904 0.876 -0.157
325.0 0.0 6.809 0.820 -0.159
325.0 25.0 5.624 0.777 -0.161
325.0 50.0 6.514 0.757 -0.159
325.0 75.0 6.572 0.640 -0.159
325.0 100.0 5.966 0.752 -0.160
337.5 12.5 4.893 0.525 -0.162
350.0 0.0 4.517 0.808 -0.163
350.0 25.0 5.271 0.547 -0.162
350.0 50.0 4.274 0.509 -0.163
350.0 75.0 5.234 0.581 -0.162
350.0 100.0 4.604 0.533 -0.163
375.0 0.0 3.560 0.373 -0.165
375.0 25.0 3.747 0.454 -0.164
375.0 50.0 2.957 0.372 -0.166
375.0 75.0 3.515 0.523 -0.165
400.0 0.0 2.312 0.518 -0.167
400.0 25.0 2.421 0.387 -0.167
400.0 50.0 3.529 0.580 -0.165
400.0 75.0 3.642 0.518 -0.165
400.0 100.0 3.116 0.481 -0.166
425.0 0.0 2.373 0.502 -0.167
425.0 25.0 1.749 0.277 -0.168
425.0 50.0 2.583 0.386 -0.167
425.0 75.0 3.635 0.943 -0.165
425.0 100.0 2.243 0.438 -0.167
450.0 0.0 1.981 0.287 -0.168
450.0 25.0 1.382 0.273 -0.169
450.0 50.0 1.703 0.353 -0.168
450.0 75.0 1.355 0.235 -0.169
450.0 100.0 2.156 0.366 -0.167
475.0 0.0 1.190 0.205 -0.169
475.0 25.0 1.426 0.274 -0.169
475.0 50.0 1.224 0.211 -0.169
475.0 75.0 1.116 0.186 -0.169
475.0 100.0 1.450 0.212 -0.169
500.0 0.0 0.897 0.194 -0.170
500.0 25.0 0.895 0.148 -0.170
500.0 50.0 1.058 0.160 -0.169
500.0 75.0 1.243 0.199 -0.169
525.0 0.0 0.828 0.126 -0.170
525.0 25.0 0.673 0.117 -0.170
525.0 50.0 0.846 0.150 -0.170
550.0 0.0 0.645 0.101 -0.170
550.0 25.0 0.804 0.189 -0.170
575.0 25.0 0.258 0.055 -0.171
