mC1:mN1:nSig:nSigErr:Zn
#Tag: SR_SS_emu_2_opt
#multitop: 0.000000 +/- 0.000000 (0)
#Zjets: 0.004904 +/- 0.004904 (1)
#Higgs: 0.018217 +/- 0.008326 (23)
#Wjets: 0.090438 +/- 0.079085 (2)
#Vgamma: 0.094175 +/- 0.055709 (3)
#ttbar: 0.264376 +/- 0.264376 (1)
#VVV: 0.317052 +/- 0.062628 (42)
#ttV: 0.345873 +/- 0.043154 (141)
#singletop: 0.416387 +/- 0.416387 (1)
#VV: 5.490407 +/- 0.747547 (1505)
#Total BG: 7.041829 +/- 0.904066 (1719)

150.0 0.0 5.544 1.387 1.263
152.5 22.5 5.225 1.044 1.188
162.5 12.5 4.509 0.728 1.017
175.0 0.0 5.082 0.836 1.155
175.0 25.0 5.066 0.839 1.151
177.5 47.5 3.847 0.801 0.853
187.5 12.5 5.453 0.751 1.242
187.5 37.5 4.920 0.764 1.116
190.0 60.0 2.083 0.558 0.392
200.0 0.0 4.834 0.858 1.095
200.0 25.0 4.821 0.823 1.092
200.0 50.0 4.005 0.778 0.893
202.5 72.5 2.936 0.696 0.620
212.5 12.5 4.208 0.786 0.943
212.5 37.5 4.649 1.100 1.051
212.5 62.5 2.924 0.542 0.617
215.0 85.0 2.135 0.453 0.406
225.0 0.0 3.760 0.861 0.831
225.0 25.0 2.855 0.661 0.599
225.0 50.0 4.169 0.739 0.933
225.0 75.0 1.700 0.564 0.286
227.5 97.5 2.361 0.668 0.467
237.5 12.5 3.319 0.644 0.719
237.5 37.5 4.426 0.873 0.996
237.5 62.5 2.763 0.603 0.575
237.5 87.5 2.158 0.532 0.413
240.0 110.0 0.718 0.277 0.005
250.0 0.0 3.989 0.827 0.889
250.0 25.0 1.946 0.596 0.355
250.0 50.0 2.328 0.639 0.459
250.0 75.0 1.611 0.454 0.261
250.0 100.0 1.425 0.442 0.209
262.5 12.5 4.478 1.665 1.009
262.5 37.5 3.715 0.755 0.820
262.5 62.5 1.829 0.657 0.322
262.5 87.5 2.536 0.617 0.515
275.0 0.0 2.645 0.528 0.543
275.0 25.0 2.704 0.557 0.559
275.0 50.0 2.317 0.539 0.456
275.0 75.0 2.386 0.628 0.474
287.5 12.5 3.777 0.783 0.836
287.5 37.5 3.684 0.711 0.812
287.5 62.5 2.068 0.463 0.388
300.0 0.0 4.018 0.783 0.896
300.0 25.0 3.009 0.546 0.639
300.0 50.0 3.041 0.542 0.648
300.0 75.0 2.286 0.446 0.447
300.0 100.0 2.911 0.730 0.614
312.5 12.5 2.270 0.410 0.443
312.5 37.5 2.671 0.675 0.550
325.0 0.0 1.660 0.364 0.275
325.0 25.0 1.440 0.306 0.213
325.0 50.0 2.017 0.499 0.374
325.0 75.0 1.753 0.392 0.301
325.0 100.0 1.940 0.363 0.353
337.5 12.5 2.364 0.391 0.468
350.0 0.0 2.466 0.525 0.496
350.0 25.0 1.671 0.283 0.278
350.0 50.0 1.783 0.297 0.309
350.0 75.0 1.242 0.268 0.157
350.0 100.0 1.466 0.307 0.221
375.0 0.0 1.805 0.512 0.316
375.0 25.0 1.442 0.253 0.214
375.0 50.0 1.407 0.244 0.204
375.0 75.0 1.302 0.226 0.174
400.0 0.0 1.264 0.263 0.163
400.0 25.0 1.209 0.268 0.148
400.0 50.0 2.000 0.352 0.369
400.0 75.0 0.931 0.260 0.067
400.0 100.0 1.311 0.277 0.177
425.0 0.0 0.791 0.181 0.026
425.0 25.0 0.661 0.205 -0.012
425.0 50.0 1.591 0.462 0.256
425.0 75.0 0.420 0.135 -0.084
425.0 100.0 0.815 0.186 0.033
450.0 0.0 0.553 0.137 -0.044
450.0 25.0 0.485 0.139 -0.064
450.0 50.0 1.037 0.256 0.098
450.0 75.0 1.081 0.255 0.111
450.0 100.0 0.888 0.200 0.055
475.0 0.0 0.679 0.137 -0.007
475.0 25.0 0.484 0.122 -0.065
475.0 50.0 0.570 0.129 -0.039
475.0 75.0 0.814 0.181 0.033
475.0 100.0 0.670 0.132 -0.009
500.0 0.0 0.582 0.133 -0.036
500.0 25.0 0.634 0.121 -0.020
500.0 50.0 0.513 0.109 -0.056
500.0 75.0 0.633 0.179 -0.020
525.0 0.0 0.569 0.115 -0.040
525.0 25.0 0.422 0.097 -0.084
525.0 50.0 0.618 0.107 -0.025
550.0 0.0 0.397 0.081 -0.091
550.0 25.0 0.321 0.080 -0.114
575.0 25.0 0.429 0.076 -0.081
#average significance: 1.047
