mC1:mN1:nSig:nSigErr:Zn
#Tag: SR_SS_ee_2_opt
#Zjets: 0.000000 +/- 0.000000 (0)
#multitop: 0.000000 +/- 0.000000 (0)
#singletop: 0.198258 +/- 0.165511 (2)
#VVV: 0.302986 +/- 0.064541 (43)
#ttV: 0.356168 +/- 0.048634 (118)
#Higgs: 0.544477 +/- 0.523117 (18)
#Wjets: 0.869008 +/- 0.633472 (6)
#Vgamma: 0.877532 +/- 0.361752 (9)
#ttbar: 3.173341 +/- 1.193167 (9)
#VV: 7.769169 +/- 1.137505 (1765)
#Total BG: 14.090938 +/- 1.886079 (1970)

150.0 0.0 5.313 0.995 0.704
152.5 22.5 5.412 0.912 0.719
162.5 12.5 5.025 0.743 0.659
175.0 0.0 3.469 0.930 0.408
175.0 25.0 2.905 0.629 0.314
177.5 47.5 4.772 1.346 0.619
187.5 12.5 3.779 0.700 0.459
187.5 37.5 2.251 0.483 0.203
190.0 60.0 2.037 0.459 0.166
200.0 0.0 3.104 0.872 0.347
200.0 25.0 4.135 0.856 0.517
200.0 50.0 4.015 0.761 0.497
202.5 72.5 1.899 0.474 0.142
212.5 12.5 3.086 0.704 0.344
212.5 37.5 2.053 0.573 0.169
212.5 62.5 1.947 0.433 0.151
215.0 85.0 2.393 0.530 0.227
225.0 0.0 2.232 0.594 0.200
225.0 25.0 2.543 0.732 0.253
225.0 50.0 3.140 0.900 0.353
225.0 75.0 1.567 0.454 0.084
227.5 97.5 1.381 0.467 0.052
237.5 12.5 1.833 0.460 0.131
237.5 37.5 2.411 0.561 0.230
237.5 62.5 1.453 0.468 0.064
237.5 87.5 1.698 0.433 0.107
240.0 110.0 0.651 0.247 -0.079
250.0 0.0 1.537 0.477 0.079
250.0 25.0 3.046 0.768 0.338
250.0 50.0 1.073 0.450 -0.003
250.0 75.0 2.595 0.837 0.262
250.0 100.0 1.049 0.406 -0.007
262.5 12.5 1.789 0.488 0.123
262.5 37.5 1.911 0.667 0.144
262.5 62.5 0.657 0.269 -0.078
262.5 87.5 1.878 0.539 0.139
275.0 0.0 1.269 0.378 0.032
275.0 25.0 1.463 0.421 0.066
275.0 50.0 2.613 0.615 0.265
275.0 75.0 1.452 0.382 0.064
287.5 12.5 1.390 0.352 0.053
287.5 37.5 1.361 0.413 0.048
287.5 62.5 1.250 0.459 0.029
300.0 0.0 1.170 0.334 0.014
300.0 25.0 2.349 0.899 0.220
300.0 50.0 1.551 0.528 0.082
300.0 75.0 0.932 0.278 -0.028
300.0 100.0 1.397 0.363 0.055
312.5 12.5 1.842 0.474 0.132
312.5 37.5 1.054 0.302 -0.006
325.0 0.0 1.114 0.292 0.004
325.0 25.0 1.403 0.343 0.056
325.0 50.0 1.108 0.244 0.003
325.0 75.0 1.079 0.259 -0.002
325.0 100.0 1.197 0.286 0.019
337.5 12.5 0.641 0.182 -0.081
350.0 0.0 0.959 0.257 -0.023
350.0 25.0 1.040 0.223 -0.009
350.0 50.0 0.552 0.167 -0.097
350.0 75.0 0.678 0.201 -0.074
350.0 100.0 0.393 0.132 -0.126
375.0 0.0 0.706 0.231 -0.069
375.0 25.0 0.656 0.158 -0.078
375.0 50.0 0.702 0.192 -0.069
375.0 75.0 0.503 0.139 -0.105
400.0 0.0 0.732 0.233 -0.064
400.0 25.0 0.871 0.260 -0.039
400.0 50.0 0.938 0.514 -0.027
400.0 75.0 0.420 0.151 -0.121
400.0 100.0 0.228 0.140 -0.156
425.0 0.0 0.413 0.147 -0.122
425.0 25.0 0.318 0.164 -0.139
425.0 50.0 0.477 0.157 -0.110
425.0 75.0 0.385 0.133 -0.127
425.0 100.0 0.219 0.090 -0.157
450.0 0.0 0.317 0.135 -0.139
450.0 25.0 0.372 0.119 -0.129
450.0 50.0 0.416 0.121 -0.121
450.0 75.0 0.352 0.110 -0.133
450.0 100.0 0.286 0.104 -0.145
475.0 0.0 0.327 0.095 -0.138
475.0 25.0 0.289 0.101 -0.145
475.0 50.0 0.178 0.067 -0.165
475.0 75.0 0.289 0.089 -0.145
475.0 100.0 0.124 0.056 -0.175
500.0 0.0 0.100 0.053 -0.179
500.0 25.0 0.205 0.069 -0.160
500.0 50.0 0.174 0.068 -0.166
500.0 75.0 0.373 0.107 -0.129
525.0 0.0 0.122 0.046 -0.175
525.0 25.0 0.143 0.056 -0.172
525.0 50.0 0.104 0.043 -0.179
550.0 0.0 0.175 0.058 -0.166
550.0 25.0 0.182 0.060 -0.164
575.0 25.0 0.075 0.031 -0.184
#average significance: 0.460
