mC1:mN1:nSig:nSigErr:Zn
#Tag: SR_SS_ee_1_opt
#Zjets: -0.189831 +/- 0.216714 (2)
#multitop: 0.000000 +/- 0.000000 (0)
#Higgs: 0.001582 +/- 0.002644 (3)
#ttV: 0.051286 +/- 0.018906 (15)
#VVV: 0.179659 +/- 0.047225 (21)
#ttbar: 0.203811 +/- 0.203811 (1)
#singletop: 0.204645 +/- 0.204645 (1)
#Wjets: 0.485336 +/- 1.076568 (10)
#Vgamma: 1.143647 +/- 0.899092 (8)
#VV: 2.375045 +/- 0.535999 (463)
#Total BG: 4.645011 +/- 1.545199 (524)

150.0 0.0 4.344 0.886 0.999
152.5 22.5 2.820 0.603 0.592
162.5 12.5 3.084 0.641 0.665
175.0 0.0 2.457 0.654 0.488
175.0 25.0 2.450 0.593 0.486
177.5 47.5 2.007 0.523 0.357
187.5 12.5 2.018 0.543 0.360
187.5 37.5 1.803 0.447 0.295
190.0 60.0 1.505 0.469 0.204
200.0 0.0 2.256 0.576 0.430
200.0 25.0 1.510 0.422 0.205
200.0 50.0 2.288 0.600 0.439
202.5 72.5 0.303 0.175 -0.191
212.5 12.5 1.346 0.377 0.154
212.5 37.5 2.033 0.510 0.364
212.5 62.5 1.280 0.401 0.133
215.0 85.0 1.209 0.359 0.110
225.0 0.0 2.036 0.565 0.365
225.0 25.0 1.345 0.436 0.153
225.0 50.0 1.717 0.478 0.269
225.0 75.0 1.875 0.506 0.317
227.5 97.5 0.874 0.335 0.002
237.5 12.5 1.563 0.463 0.222
237.5 37.5 0.925 0.330 0.019
237.5 62.5 1.348 0.425 0.155
237.5 87.5 0.730 0.285 -0.046
240.0 110.0 0.424 0.214 -0.149
250.0 0.0 2.316 0.746 0.448
250.0 25.0 1.149 0.455 0.091
250.0 50.0 2.228 0.776 0.422
250.0 75.0 0.316 0.228 -0.187
250.0 100.0 0.912 0.389 0.014
262.5 12.5 0.794 0.337 -0.024
262.5 37.5 1.214 0.409 0.112
262.5 62.5 1.289 0.453 0.136
262.5 87.5 0.750 0.284 -0.039
275.0 0.0 1.790 0.529 0.291
275.0 25.0 0.794 0.283 -0.024
275.0 50.0 0.656 0.282 -0.071
275.0 75.0 1.499 0.542 0.202
287.5 12.5 0.492 0.201 -0.126
287.5 37.5 1.595 0.822 0.232
287.5 62.5 0.934 0.567 0.022
300.0 0.0 0.882 0.292 0.005
300.0 25.0 0.597 0.229 -0.091
300.0 50.0 1.320 0.349 0.146
300.0 75.0 1.461 0.430 0.190
300.0 100.0 0.715 0.244 -0.051
312.5 12.5 0.662 0.207 -0.068
312.5 37.5 1.020 0.337 0.050
325.0 0.0 0.701 0.205 -0.055
325.0 25.0 0.703 0.205 -0.055
325.0 50.0 0.791 0.223 -0.025
325.0 75.0 0.421 0.149 -0.150
325.0 100.0 0.583 0.185 -0.095
337.5 12.5 1.215 0.532 0.112
350.0 0.0 0.508 0.176 -0.121
350.0 25.0 0.844 0.346 -0.008
350.0 50.0 0.658 0.274 -0.070
350.0 75.0 0.528 0.174 -0.114
350.0 100.0 0.897 0.345 0.009
375.0 0.0 0.206 0.120 -0.225
375.0 25.0 0.241 0.088 -0.213
375.0 50.0 0.458 0.128 -0.138
375.0 75.0 0.360 0.110 -0.171
400.0 0.0 0.420 0.179 -0.151
400.0 25.0 0.353 0.134 -0.174
400.0 50.0 0.535 0.209 -0.111
400.0 75.0 0.503 0.203 -0.122
400.0 100.0 0.199 0.099 -0.228
425.0 0.0 0.417 0.172 -0.152
425.0 25.0 0.430 0.207 -0.147
425.0 50.0 0.431 0.150 -0.147
425.0 75.0 0.260 0.124 -0.206
425.0 100.0 0.117 0.069 -0.256
450.0 0.0 0.030 0.030 -0.288
450.0 25.0 0.175 0.078 -0.236
450.0 50.0 0.139 0.108 -0.249
450.0 75.0 0.152 0.068 -0.244
450.0 100.0 0.667 0.448 -0.067
475.0 0.0 0.190 0.081 -0.231
475.0 25.0 0.159 0.065 -0.242
475.0 50.0 0.190 0.101 -0.231
475.0 75.0 0.216 0.077 -0.222
475.0 100.0 0.315 0.091 -0.187
500.0 0.0 0.087 0.043 -0.267
500.0 25.0 0.220 0.088 -0.220
500.0 50.0 0.118 0.053 -0.256
500.0 75.0 0.058 0.034 -0.277
525.0 0.0 0.071 0.045 -0.273
525.0 25.0 0.176 0.064 -0.236
525.0 50.0 0.209 0.064 -0.224
550.0 0.0 0.161 0.049 -0.241
550.0 25.0 0.079 0.036 -0.270
575.0 25.0 0.024 0.017 -0.290
#average significance: 0.488
