mC1:mN1:nSig:nSigErr:Zn
#Tag: SR_SS_mumu_2_opt
#Zjets: -0.075632 +/- 0.075632 (1)
#multitop: 0.000000 +/- 0.000000 (0)
#Vgamma: 0.000000 +/- 0.000000 (0)
#singletop: 0.109258 +/- 0.109258 (1)
#VVV: 0.205778 +/- 0.063815 (28)
#ttV: 0.365630 +/- 0.050300 (142)
#ttbar: 0.569854 +/- 0.402979 (2)
#Wjets: 0.777939 +/- 0.562676 (3)
#Higgs: 0.844788 +/- 0.572781 (22)
#VV: 7.252307 +/- 0.462634 (1880)
#Total BG: 10.125556 +/- 1.022431 (2079)

150.0 0.0 7.000 1.156 1.283
152.5 22.5 6.460 1.072 1.181
162.5 12.5 7.985 1.051 1.464
175.0 0.0 7.110 1.487 1.303
175.0 25.0 6.099 1.128 1.112
177.5 47.5 3.988 0.846 0.693
187.5 12.5 6.551 0.961 1.198
187.5 37.5 4.043 0.668 0.704
190.0 60.0 5.473 1.370 0.991
200.0 0.0 4.594 0.786 0.816
200.0 25.0 4.238 0.797 0.744
200.0 50.0 2.265 0.569 0.327
202.5 72.5 3.271 0.695 0.543
212.5 12.5 3.743 0.711 0.642
212.5 37.5 3.951 0.744 0.685
212.5 62.5 3.593 0.677 0.611
215.0 85.0 1.696 0.448 0.200
225.0 0.0 4.560 1.044 0.809
225.0 25.0 2.827 0.634 0.449
225.0 50.0 3.969 0.803 0.689
225.0 75.0 2.632 0.678 0.407
227.5 97.5 1.502 0.561 0.156
237.5 12.5 4.048 0.786 0.705
237.5 37.5 4.640 0.895 0.826
237.5 62.5 3.222 0.686 0.533
237.5 87.5 1.744 0.465 0.211
240.0 110.0 3.523 1.028 0.596
250.0 0.0 5.686 1.558 1.032
250.0 25.0 2.880 0.725 0.460
250.0 50.0 2.546 0.675 0.388
250.0 75.0 1.849 0.581 0.234
250.0 100.0 1.163 0.394 0.079
262.5 12.5 1.740 0.523 0.210
262.5 37.5 2.533 0.709 0.385
262.5 62.5 2.395 0.604 0.355
262.5 87.5 1.320 0.414 0.115
275.0 0.0 2.666 0.557 0.414
275.0 25.0 1.912 0.489 0.248
275.0 50.0 2.316 0.571 0.338
275.0 75.0 1.616 0.409 0.182
287.5 12.5 1.542 0.421 0.165
287.5 37.5 1.837 0.472 0.232
287.5 62.5 2.671 0.508 0.415
300.0 0.0 2.020 0.440 0.272
300.0 25.0 3.020 0.719 0.490
300.0 50.0 1.851 0.376 0.235
300.0 75.0 1.927 0.702 0.252
300.0 100.0 1.876 0.413 0.240
312.5 12.5 1.717 0.472 0.205
312.5 37.5 1.739 0.378 0.210
325.0 0.0 1.286 0.530 0.107
325.0 25.0 1.681 0.590 0.197
325.0 50.0 1.590 0.469 0.176
325.0 75.0 1.335 0.293 0.118
325.0 100.0 1.717 0.408 0.205
337.5 12.5 1.351 0.280 0.122
350.0 0.0 0.782 0.221 -0.010
350.0 25.0 0.770 0.193 -0.012
350.0 50.0 1.149 0.269 0.076
350.0 75.0 1.394 0.311 0.132
350.0 100.0 0.963 0.224 0.033
375.0 0.0 0.842 0.240 0.004
375.0 25.0 0.986 0.261 0.038
375.0 50.0 0.676 0.166 -0.035
375.0 75.0 1.070 0.400 0.057
400.0 0.0 0.582 0.176 -0.057
400.0 25.0 0.539 0.164 -0.067
400.0 50.0 1.025 0.303 0.047
400.0 75.0 1.049 0.268 0.052
400.0 100.0 0.479 0.174 -0.081
425.0 0.0 0.565 0.167 -0.061
425.0 25.0 0.380 0.121 -0.105
425.0 50.0 0.493 0.151 -0.078
425.0 75.0 0.518 0.154 -0.072
425.0 100.0 0.458 0.181 -0.086
450.0 0.0 0.583 0.139 -0.056
450.0 25.0 0.409 0.118 -0.098
450.0 50.0 0.441 0.132 -0.090
450.0 75.0 0.471 0.137 -0.083
450.0 100.0 0.419 0.153 -0.095
475.0 0.0 0.212 0.076 -0.145
475.0 25.0 0.394 0.133 -0.101
475.0 50.0 0.321 0.114 -0.119
475.0 75.0 0.404 0.107 -0.099
475.0 100.0 0.331 0.107 -0.116
500.0 0.0 0.384 0.159 -0.104
500.0 25.0 0.380 0.098 -0.104
500.0 50.0 0.301 0.081 -0.123
500.0 75.0 0.323 0.086 -0.118
525.0 0.0 0.214 0.064 -0.144
525.0 25.0 0.198 0.061 -0.148
525.0 50.0 0.284 0.075 -0.128
550.0 0.0 0.253 0.063 -0.135
550.0 25.0 0.106 0.041 -0.170
575.0 25.0 0.072 0.030 -0.179
#average significance: 1.074
