mC1:mN1:nSig:nSigErr:Zn
#Tag: SR_SS_emu_1_opt
#multitop: 0.000000 +/- 0.000000 (0)
#ttV: 0.074572 +/- 0.020418 (26)
#singletop: 0.108644 +/- 0.108644 (1)
#Zjets: 0.132585 +/- 0.132585 (1)
#Wjets: 0.137487 +/- 0.086662 (4)
#Vgamma: 0.175695 +/- 0.071386 (7)
#ttbar: 0.233036 +/- 0.233036 (1)
#VVV: 0.300129 +/- 0.099614 (30)
#Higgs: 0.312580 +/- 0.308165 (3)
#VV: 4.230906 +/- 0.447639 (661)
#Total BG: 5.705635 +/- 0.634019 (734)

150.0 0.0 3.122 0.700 0.794
152.5 22.5 4.092 0.813 1.072
162.5 12.5 2.880 0.556 0.722
175.0 0.0 3.930 0.864 1.026
175.0 25.0 3.873 0.933 1.010
177.5 47.5 1.329 0.418 0.239
187.5 12.5 3.136 0.687 0.798
187.5 37.5 2.063 0.499 0.474
190.0 60.0 2.072 0.498 0.476
200.0 0.0 3.579 0.686 0.927
200.0 25.0 4.692 0.879 1.237
200.0 50.0 2.399 0.550 0.577
202.5 72.5 2.159 0.519 0.503
212.5 12.5 2.531 0.597 0.618
212.5 37.5 4.021 0.750 1.052
212.5 62.5 2.473 0.562 0.600
215.0 85.0 1.131 0.305 0.174
225.0 0.0 2.520 0.689 0.614
225.0 25.0 3.146 1.272 0.801
225.0 50.0 2.074 0.552 0.477
225.0 75.0 1.996 0.605 0.453
227.5 97.5 1.444 0.427 0.277
237.5 12.5 3.035 0.617 0.768
237.5 37.5 3.418 0.865 0.880
237.5 62.5 2.240 0.552 0.529
237.5 87.5 0.826 0.297 0.072
240.0 110.0 0.938 0.299 0.110
250.0 0.0 2.556 0.720 0.625
250.0 25.0 3.516 0.936 0.909
250.0 50.0 2.095 0.712 0.484
250.0 75.0 2.433 0.659 0.588
250.0 100.0 0.692 0.287 0.026
262.5 12.5 1.962 0.532 0.442
262.5 37.5 2.216 0.609 0.521
262.5 62.5 2.017 0.533 0.459
262.5 87.5 1.613 0.508 0.331
275.0 0.0 2.141 0.522 0.498
275.0 25.0 1.805 0.453 0.393
275.0 50.0 1.946 0.563 0.437
275.0 75.0 1.811 0.557 0.394
287.5 12.5 2.294 0.487 0.545
287.5 37.5 2.570 0.815 0.629
287.5 62.5 1.792 0.487 0.388
300.0 0.0 1.163 0.318 0.185
300.0 25.0 1.609 0.436 0.330
300.0 50.0 1.641 0.378 0.340
300.0 75.0 2.167 0.643 0.506
300.0 100.0 1.436 0.355 0.274
312.5 12.5 0.727 0.205 0.038
312.5 37.5 2.186 0.663 0.512
325.0 0.0 1.897 0.364 0.421
325.0 25.0 0.972 0.243 0.121
325.0 50.0 1.247 0.317 0.212
325.0 75.0 1.353 0.307 0.247
325.0 100.0 1.252 0.325 0.214
337.5 12.5 1.533 0.282 0.305
350.0 0.0 1.429 0.392 0.272
350.0 25.0 1.080 0.231 0.157
350.0 50.0 1.173 0.254 0.188
350.0 75.0 0.927 0.210 0.106
350.0 100.0 0.868 0.196 0.086
375.0 0.0 1.399 0.582 0.262
375.0 25.0 1.286 0.258 0.225
375.0 50.0 0.631 0.155 0.006
375.0 75.0 0.806 0.177 0.065
400.0 0.0 0.499 0.167 -0.040
400.0 25.0 0.849 0.212 0.080
400.0 50.0 1.102 0.304 0.164
400.0 75.0 1.107 0.249 0.166
400.0 100.0 1.017 0.257 0.136
425.0 0.0 0.410 0.132 -0.071
425.0 25.0 0.850 0.241 0.080
425.0 50.0 0.706 0.243 0.031
425.0 75.0 0.645 0.173 0.010
425.0 100.0 0.435 0.132 -0.062
450.0 0.0 0.525 0.149 -0.031
450.0 25.0 0.607 0.156 -0.003
450.0 50.0 0.579 0.158 -0.012
450.0 75.0 0.357 0.120 -0.090
450.0 100.0 0.583 0.140 -0.011
475.0 0.0 0.231 0.079 -0.134
475.0 25.0 0.855 0.197 0.082
475.0 50.0 0.392 0.101 -0.077
475.0 75.0 0.324 0.096 -0.101
475.0 100.0 0.407 0.112 -0.072
500.0 0.0 0.528 0.132 -0.030
500.0 25.0 0.366 0.110 -0.086
500.0 50.0 0.786 0.238 0.058
500.0 75.0 0.304 0.098 -0.108
525.0 0.0 0.382 0.097 -0.081
525.0 25.0 0.355 0.081 -0.090
525.0 50.0 0.323 0.078 -0.101
550.0 0.0 0.302 0.070 -0.109
550.0 25.0 0.297 0.070 -0.111
575.0 25.0 0.443 0.134 -0.060
#average significance: 0.754
