mC1:mN1:nSig:nSigErr:Zn
#Tag: SR_SS_mumu_1_opt
#Wjets: -0.988121 +/- 1.610934 (3)
#Zjets: 0.000000 +/- 0.000000 (0)
#multitop: 0.000000 +/- 0.000000 (0)
#Vgamma: 0.000000 +/- 0.000000 (0)
#ttV: 0.081788 +/- 0.024469 (25)
#singletop: 0.235893 +/- 0.235893 (1)
#ttbar: 0.380504 +/- 0.380504 (1)
#VVV: 0.431320 +/- 0.069613 (62)
#Higgs: 0.789117 +/- 0.556640 (3)
#VV: 9.362459 +/- 0.869942 (1453)
#Total BG: 11.281081 +/- 1.966629 (1548)

150.0 0.0 8.933 1.221 1.393
152.5 22.5 7.148 1.057 1.108
162.5 12.5 5.741 0.907 0.873
175.0 0.0 5.390 0.941 0.813
175.0 25.0 5.848 0.924 0.891
177.5 47.5 6.219 1.037 0.954
187.5 12.5 3.956 0.701 0.559
187.5 37.5 5.756 0.974 0.876
190.0 60.0 4.139 0.919 0.592
200.0 0.0 3.634 0.703 0.501
200.0 25.0 3.425 0.657 0.462
200.0 50.0 4.285 0.906 0.619
202.5 72.5 2.649 0.690 0.317
212.5 12.5 4.157 0.694 0.596
212.5 37.5 3.589 0.743 0.492
212.5 62.5 2.151 0.538 0.222
215.0 85.0 3.350 0.592 0.448
225.0 0.0 4.346 0.880 0.629
225.0 25.0 2.485 0.603 0.286
225.0 50.0 3.391 0.764 0.456
225.0 75.0 3.070 0.710 0.396
227.5 97.5 1.338 0.389 0.062
237.5 12.5 3.526 1.172 0.481
237.5 37.5 3.030 0.671 0.389
237.5 62.5 2.971 0.580 0.378
237.5 87.5 2.079 0.553 0.208
240.0 110.0 2.325 0.846 0.255
250.0 0.0 1.510 0.461 0.096
250.0 25.0 2.816 1.025 0.349
250.0 50.0 2.179 0.616 0.227
250.0 75.0 2.077 0.521 0.207
250.0 100.0 2.456 0.620 0.280
262.5 12.5 2.117 0.582 0.215
262.5 37.5 1.988 0.495 0.190
262.5 62.5 1.209 0.390 0.036
262.5 87.5 1.488 0.443 0.091
275.0 0.0 1.730 0.482 0.139
275.0 25.0 0.447 0.201 -0.120
275.0 50.0 1.308 0.390 0.056
275.0 75.0 2.172 0.496 0.226
287.5 12.5 1.744 0.614 0.142
287.5 37.5 1.926 0.652 0.178
287.5 62.5 1.750 0.445 0.143
300.0 0.0 1.321 0.334 0.058
300.0 25.0 1.359 0.341 0.066
300.0 50.0 0.964 0.269 -0.014
300.0 75.0 1.704 0.397 0.134
300.0 100.0 1.410 0.369 0.076
312.5 12.5 1.063 0.285 0.006
312.5 37.5 1.153 0.287 0.024
325.0 0.0 1.577 0.324 0.109
325.0 25.0 1.581 0.348 0.110
325.0 50.0 0.980 0.354 -0.011
325.0 75.0 1.049 0.251 0.003
325.0 100.0 1.003 0.249 -0.006
337.5 12.5 0.591 0.188 -0.090
350.0 0.0 0.851 0.236 -0.037
350.0 25.0 1.188 0.308 0.032
350.0 50.0 0.637 0.187 -0.081
350.0 75.0 0.641 0.240 -0.080
350.0 100.0 0.692 0.169 -0.070
375.0 0.0 0.642 0.225 -0.080
375.0 25.0 0.519 0.142 -0.105
375.0 50.0 0.409 0.121 -0.128
375.0 75.0 0.525 0.145 -0.104
400.0 0.0 0.265 0.119 -0.158
400.0 25.0 0.251 0.113 -0.161
400.0 50.0 0.398 0.142 -0.130
400.0 75.0 0.650 0.207 -0.078
400.0 100.0 0.553 0.169 -0.098
425.0 0.0 0.427 0.183 -0.124
425.0 25.0 0.419 0.134 -0.126
425.0 50.0 0.280 0.106 -0.155
425.0 75.0 0.297 0.117 -0.151
425.0 100.0 1.093 0.429 0.012
450.0 0.0 0.062 0.044 -0.201
450.0 25.0 0.349 0.111 -0.140
450.0 50.0 0.274 0.097 -0.156
450.0 75.0 0.374 0.114 -0.135
450.0 100.0 0.155 0.068 -0.181
475.0 0.0 0.376 0.122 -0.135
475.0 25.0 0.420 0.161 -0.126
475.0 50.0 0.235 0.091 -0.164
475.0 75.0 0.340 0.110 -0.142
475.0 100.0 0.221 0.088 -0.167
500.0 0.0 0.104 0.047 -0.192
500.0 25.0 0.355 0.098 -0.139
500.0 50.0 0.134 0.052 -0.186
500.0 75.0 0.419 0.115 -0.126
525.0 0.0 0.157 0.056 -0.181
525.0 25.0 0.165 0.053 -0.179
525.0 50.0 0.231 0.082 -0.165
550.0 0.0 0.101 0.037 -0.193
550.0 25.0 0.255 0.137 -0.160
575.0 25.0 0.073 0.031 -0.198
#average significance: 0.856
