mC1:mN1:nSig:nSigErr:Zn
#Tag: SR_SS_emu_1_opt
#Zjets: 0.000000 +/- 0.000000 (0)
#multitop: 0.000000 +/- 0.000000 (0)
#Higgs: 0.004431 +/- 0.003186 (2)
#ttV: 0.051900 +/- 0.018093 (20)
#Vgamma: 0.054606 +/- 0.035174 (3)
#singletop: 0.108644 +/- 0.108644 (1)
#Wjets: 0.137487 +/- 0.086662 (4)
#ttbar: 0.233036 +/- 0.233036 (1)
#VVV: 0.236268 +/- 0.096266 (20)
#VV: 2.574405 +/- 0.331361 (382)
#Total BG: 3.400778 +/- 0.440752 (433)

150.0 0.0 3.006 0.692 1.047
152.5 22.5 3.253 0.718 1.139
162.5 12.5 2.605 0.533 0.894
175.0 0.0 3.724 0.852 1.311
175.0 25.0 3.434 0.861 1.206
177.5 47.5 1.054 0.356 0.251
187.5 12.5 2.250 0.542 0.754
187.5 37.5 1.975 0.491 0.643
190.0 60.0 1.776 0.451 0.561
200.0 0.0 3.207 0.651 1.122
200.0 25.0 4.196 0.842 1.478
200.0 50.0 1.571 0.462 0.475
202.5 72.5 1.897 0.485 0.611
212.5 12.5 2.386 0.588 0.808
212.5 37.5 3.561 0.722 1.252
212.5 62.5 2.184 0.524 0.727
215.0 85.0 0.904 0.274 0.183
225.0 0.0 2.096 0.643 0.692
225.0 25.0 2.890 1.259 1.003
225.0 50.0 1.811 0.519 0.575
225.0 75.0 1.744 0.578 0.548
227.5 97.5 1.297 0.401 0.357
237.5 12.5 2.701 0.586 0.931
237.5 37.5 2.381 0.696 0.806
237.5 62.5 1.673 0.442 0.518
237.5 87.5 0.740 0.284 0.108
240.0 110.0 0.762 0.272 0.118
250.0 0.0 2.412 0.706 0.818
250.0 25.0 3.158 0.899 1.104
250.0 50.0 1.915 0.689 0.618
250.0 75.0 1.722 0.509 0.538
250.0 100.0 0.490 0.247 -0.008
262.5 12.5 1.721 0.503 0.538
262.5 37.5 1.894 0.580 0.610
262.5 62.5 1.664 0.435 0.514
262.5 87.5 1.309 0.407 0.363
275.0 0.0 1.911 0.496 0.616
275.0 25.0 1.577 0.421 0.477
275.0 50.0 1.710 0.536 0.533
275.0 75.0 1.717 0.549 0.536
287.5 12.5 2.036 0.464 0.668
287.5 37.5 2.097 0.791 0.692
287.5 62.5 1.594 0.465 0.484
300.0 0.0 1.091 0.310 0.267
300.0 25.0 1.329 0.376 0.371
300.0 50.0 1.576 0.373 0.477
300.0 75.0 2.074 0.638 0.683
300.0 100.0 1.319 0.335 0.367
312.5 12.5 0.661 0.194 0.072
312.5 37.5 1.925 0.649 0.622
325.0 0.0 1.725 0.343 0.539
325.0 25.0 0.908 0.234 0.185
325.0 50.0 1.066 0.299 0.256
325.0 75.0 1.284 0.300 0.352
325.0 100.0 0.980 0.294 0.217
337.5 12.5 1.117 0.237 0.278
350.0 0.0 1.304 0.385 0.360
350.0 25.0 1.022 0.223 0.236
350.0 50.0 1.031 0.231 0.240
350.0 75.0 0.879 0.205 0.172
350.0 100.0 0.730 0.168 0.104
375.0 0.0 1.191 0.569 0.311
375.0 25.0 1.117 0.246 0.278
375.0 50.0 0.469 0.130 -0.018
375.0 75.0 0.775 0.174 0.125
400.0 0.0 0.443 0.157 -0.031
400.0 25.0 0.782 0.206 0.128
400.0 50.0 0.915 0.266 0.188
400.0 75.0 0.912 0.220 0.187
400.0 100.0 0.981 0.254 0.218
425.0 0.0 0.277 0.107 -0.110
425.0 25.0 0.850 0.241 0.158
425.0 50.0 0.498 0.222 -0.005
425.0 75.0 0.567 0.164 0.028
425.0 100.0 0.358 0.120 -0.071
450.0 0.0 0.489 0.145 -0.009
450.0 25.0 0.452 0.134 -0.026
450.0 50.0 0.418 0.135 -0.042
450.0 75.0 0.268 0.100 -0.115
450.0 100.0 0.466 0.127 -0.020
475.0 0.0 0.190 0.068 -0.153
475.0 25.0 0.782 0.192 0.128
475.0 50.0 0.310 0.090 -0.094
475.0 75.0 0.252 0.087 -0.122
475.0 100.0 0.340 0.101 -0.080
500.0 0.0 0.470 0.124 -0.018
500.0 25.0 0.349 0.109 -0.076
500.0 50.0 0.702 0.234 0.091
500.0 75.0 0.303 0.098 -0.098
525.0 0.0 0.382 0.097 -0.060
525.0 25.0 0.277 0.070 -0.110
525.0 50.0 0.291 0.071 -0.103
550.0 0.0 0.274 0.067 -0.112
550.0 25.0 0.239 0.063 -0.129
575.0 25.0 0.402 0.131 -0.050
#average significance: 0.893
