mC1:mN1:nSig:nSigErr:Zn
#Tag: SR_SS_emu_1_opt
#Zjets: 0.000000 +/- 0.000000 (0)
#multitop: 0.000000 +/- 0.000000 (0)
#Higgs: 0.005886 +/- 0.003512 (3)
#Wjets: 0.007924 +/- 0.007924 (1)
#ttV: 0.022137 +/- 0.014396 (12)
#singletop: 0.108358 +/- 0.108358 (1)
#VVV: 0.174033 +/- 0.046716 (21)
#Vgamma: 0.180392 +/- 0.155349 (3)
#ttbar: 0.329225 +/- 0.329225 (1)
#VV: 2.416964 +/- 0.399576 (348)
#Total BG: 3.244920 +/- 0.553525 (390)

150.0 0.0 4.352 0.832 1.527
152.5 22.5 4.743 0.838 1.660
162.5 12.5 3.469 0.633 1.215
175.0 0.0 4.695 0.932 1.644
175.0 25.0 4.240 0.930 1.489
177.5 47.5 1.543 0.436 0.458
187.5 12.5 2.743 0.573 0.944
187.5 37.5 1.934 0.429 0.622
190.0 60.0 2.670 0.561 0.916
200.0 0.0 3.397 0.736 1.189
200.0 25.0 4.368 0.857 1.533
200.0 50.0 2.579 0.573 0.880
202.5 72.5 1.753 0.462 0.547
212.5 12.5 2.578 0.604 0.880
212.5 37.5 2.982 0.693 1.035
212.5 62.5 2.373 0.512 0.799
215.0 85.0 1.531 0.369 0.453
225.0 0.0 1.321 0.425 0.362
225.0 25.0 3.394 1.296 1.188
225.0 50.0 2.146 0.526 0.708
225.0 75.0 2.449 0.897 0.829
227.5 97.5 0.961 0.322 0.202
237.5 12.5 2.642 0.572 0.905
237.5 37.5 2.335 0.683 0.784
237.5 62.5 1.697 0.477 0.523
237.5 87.5 0.960 0.327 0.202
240.0 110.0 0.837 0.281 0.145
250.0 0.0 2.123 0.671 0.699
250.0 25.0 2.377 0.567 0.801
250.0 50.0 2.106 0.700 0.692
250.0 75.0 1.957 0.523 0.631
250.0 100.0 0.504 0.254 -0.011
262.5 12.5 2.278 0.553 0.762
262.5 37.5 1.626 0.471 0.493
262.5 62.5 2.269 0.515 0.758
262.5 87.5 1.215 0.380 0.316
275.0 0.0 1.142 0.331 0.283
275.0 25.0 1.543 0.414 0.458
275.0 50.0 1.610 0.529 0.486
275.0 75.0 1.662 0.412 0.509
287.5 12.5 1.266 0.371 0.338
287.5 37.5 1.789 0.779 0.562
287.5 62.5 1.443 0.452 0.415
300.0 0.0 1.420 0.451 0.405
300.0 25.0 1.425 0.375 0.407
300.0 50.0 1.724 0.397 0.535
300.0 75.0 1.412 0.319 0.402
300.0 100.0 1.208 0.326 0.312
312.5 12.5 0.619 0.210 0.044
312.5 37.5 1.724 0.645 0.535
325.0 0.0 1.498 0.312 0.439
325.0 25.0 0.708 0.202 0.086
325.0 50.0 0.842 0.277 0.148
325.0 75.0 1.199 0.286 0.309
325.0 100.0 1.192 0.356 0.306
337.5 12.5 0.924 0.216 0.185
350.0 0.0 0.897 0.256 0.173
350.0 25.0 1.029 0.224 0.233
350.0 50.0 1.104 0.237 0.267
350.0 75.0 0.749 0.190 0.105
350.0 100.0 0.653 0.159 0.060
375.0 0.0 1.024 0.320 0.231
375.0 25.0 0.980 0.235 0.211
375.0 50.0 0.384 0.114 -0.068
375.0 75.0 0.696 0.169 0.080
400.0 0.0 0.219 0.100 -0.149
400.0 25.0 0.754 0.206 0.107
400.0 50.0 0.925 0.271 0.186
400.0 75.0 0.806 0.204 0.131
400.0 100.0 0.794 0.226 0.126
425.0 0.0 0.223 0.092 -0.147
425.0 25.0 0.738 0.207 0.100
425.0 50.0 0.414 0.191 -0.054
425.0 75.0 0.641 0.172 0.055
425.0 100.0 0.314 0.112 -0.102
450.0 0.0 0.360 0.120 -0.080
450.0 25.0 0.298 0.141 -0.110
450.0 50.0 0.432 0.184 -0.045
450.0 75.0 0.169 0.082 -0.174
450.0 100.0 0.390 0.115 -0.065
475.0 0.0 0.120 0.054 -0.198
475.0 25.0 0.680 0.184 0.073
475.0 50.0 0.257 0.081 -0.130
475.0 75.0 0.155 0.064 -0.181
475.0 100.0 0.251 0.086 -0.133
500.0 0.0 0.307 0.094 -0.106
500.0 25.0 0.279 0.102 -0.119
500.0 50.0 0.640 0.231 0.054
500.0 75.0 0.215 0.075 -0.151
525.0 0.0 0.307 0.087 -0.106
525.0 25.0 0.228 0.064 -0.145
525.0 50.0 0.172 0.055 -0.173
550.0 0.0 0.264 0.067 -0.127
550.0 25.0 0.173 0.053 -0.172
575.0 25.0 0.331 0.111 -0.094
#average significance: 1.166
