mC1:mN1:nSig:nSigErr:Zn
#Tag: SR_SS_mumu_1_opt
#Zjets: 0.000000 +/- 0.000000 (0)
#multitop: 0.000000 +/- 0.000000 (0)
#Vgamma: 0.000000 +/- 0.000000 (0)
#ttV: 0.081445 +/- 0.024087 (23)
#singletop: 0.232753 +/- 0.232753 (1)
#Wjets: 0.310568 +/- 0.310568 (1)
#VVV: 0.329016 +/- 0.057710 (48)
#ttbar: 0.390164 +/- 0.390164 (1)
#Higgs: 0.784755 +/- 0.555352 (2)
#VV: 6.398688 +/- 0.761247 (1044)
#Total BG: 8.527388 +/- 1.093013 (1120)

150.0 0.0 8.657 1.201 1.730
152.5 22.5 6.250 0.985 1.255
162.5 12.5 5.039 0.851 1.000
175.0 0.0 4.840 0.876 0.957
175.0 25.0 5.148 0.876 1.024
177.5 47.5 5.630 0.979 1.126
187.5 12.5 3.622 0.665 0.688
187.5 37.5 5.592 0.966 1.118
190.0 60.0 4.051 0.919 0.784
200.0 0.0 3.575 0.715 0.677
200.0 25.0 3.192 0.636 0.589
200.0 50.0 4.210 0.899 0.819
202.5 72.5 1.847 0.454 0.269
212.5 12.5 3.995 0.684 0.771
212.5 37.5 3.286 0.740 0.611
212.5 62.5 2.146 0.537 0.342
215.0 85.0 2.839 0.559 0.507
225.0 0.0 4.124 0.869 0.800
225.0 25.0 2.487 0.604 0.424
225.0 50.0 3.383 0.762 0.633
225.0 75.0 2.749 0.681 0.486
227.5 97.5 1.097 0.347 0.081
237.5 12.5 3.533 1.176 0.667
237.5 37.5 2.934 0.665 0.529
237.5 62.5 2.974 0.581 0.538
237.5 87.5 1.766 0.464 0.249
240.0 110.0 2.106 0.831 0.332
250.0 0.0 1.510 0.462 0.185
250.0 25.0 2.553 0.989 0.439
250.0 50.0 2.058 0.602 0.320
250.0 75.0 1.682 0.474 0.228
250.0 100.0 2.332 0.606 0.387
262.5 12.5 1.923 0.549 0.287
262.5 37.5 1.892 0.486 0.280
262.5 62.5 1.212 0.391 0.111
262.5 87.5 1.496 0.446 0.182
275.0 0.0 1.732 0.483 0.241
275.0 25.0 0.366 0.184 -0.109
275.0 50.0 1.313 0.392 0.136
275.0 75.0 2.164 0.494 0.346
287.5 12.5 1.750 0.614 0.245
287.5 37.5 1.916 0.648 0.286
287.5 62.5 1.668 0.437 0.225
300.0 0.0 1.253 0.323 0.121
300.0 25.0 1.357 0.341 0.147
300.0 50.0 0.895 0.260 0.029
300.0 75.0 1.636 0.392 0.217
300.0 100.0 1.273 0.355 0.126
312.5 12.5 1.005 0.280 0.058
312.5 37.5 1.015 0.269 0.060
325.0 0.0 1.572 0.322 0.201
325.0 25.0 1.518 0.332 0.187
325.0 50.0 0.976 0.351 0.050
325.0 75.0 0.970 0.239 0.049
325.0 100.0 0.998 0.256 0.056
337.5 12.5 0.591 0.188 -0.049
350.0 0.0 0.870 0.242 0.023
350.0 25.0 1.185 0.306 0.104
350.0 50.0 0.609 0.183 -0.045
350.0 75.0 0.616 0.246 -0.043
350.0 100.0 0.652 0.164 -0.033
375.0 0.0 0.597 0.150 -0.048
375.0 25.0 0.521 0.143 -0.068
375.0 50.0 0.382 0.118 -0.104
375.0 75.0 0.523 0.144 -0.067
400.0 0.0 0.263 0.126 -0.136
400.0 25.0 0.251 0.113 -0.139
400.0 50.0 0.396 0.141 -0.101
400.0 75.0 0.650 0.207 -0.034
400.0 100.0 0.554 0.169 -0.059
425.0 0.0 0.426 0.182 -0.093
425.0 25.0 0.418 0.134 -0.095
425.0 50.0 0.281 0.107 -0.131
425.0 75.0 0.295 0.117 -0.127
425.0 100.0 1.088 0.429 0.079
450.0 0.0 0.062 0.044 -0.190
450.0 25.0 0.313 0.106 -0.123
450.0 50.0 0.201 0.072 -0.152
450.0 75.0 0.374 0.114 -0.106
450.0 100.0 0.157 0.068 -0.164
475.0 0.0 0.374 0.121 -0.106
475.0 25.0 0.394 0.158 -0.101
475.0 50.0 0.235 0.091 -0.143
475.0 75.0 0.312 0.106 -0.123
475.0 100.0 0.221 0.088 -0.147
500.0 0.0 0.104 0.046 -0.179
500.0 25.0 0.356 0.099 -0.111
500.0 50.0 0.133 0.052 -0.171
500.0 75.0 0.418 0.114 -0.095
525.0 0.0 0.156 0.056 -0.164
525.0 25.0 0.165 0.053 -0.162
525.0 50.0 0.231 0.082 -0.145
550.0 0.0 0.102 0.038 -0.179
550.0 25.0 0.256 0.138 -0.138
575.0 25.0 0.073 0.031 -0.187
#average significance: 1.036
