mC1:mN1:nSig:nSigErr:Zn
#Tag: SR_SS_mumu_2_opt
#Zjets: 0.000000 +/- 0.000000 (0)
#multitop: 0.000000 +/- 0.000000 (0)
#Vgamma: 0.000000 +/- 0.000000 (0)
#singletop: 0.107799 +/- 0.107799 (1)
#VVV: 0.178581 +/- 0.062275 (23)
#Wjets: 0.211308 +/- 0.211308 (1)
#ttbar: 0.289504 +/- 0.289504 (1)
#ttV: 0.290757 +/- 0.044177 (121)
#Higgs: 0.414036 +/- 0.392215 (15)
#VV: 5.180061 +/- 0.374846 (1344)
#Total BG: 6.672046 +/- 0.663518 (1506)

150.0 0.0 5.413 1.041 1.308
152.5 22.5 4.990 0.933 1.203
162.5 12.5 7.141 1.011 1.717
175.0 0.0 6.096 1.440 1.473
175.0 25.0 4.832 1.045 1.163
177.5 47.5 3.056 0.731 0.699
187.5 12.5 5.453 0.868 1.317
187.5 37.5 3.663 0.651 0.862
190.0 60.0 4.996 1.384 1.205
200.0 0.0 4.064 0.755 0.967
200.0 25.0 3.790 0.760 0.896
200.0 50.0 2.071 0.553 0.424
202.5 72.5 2.642 0.629 0.585
212.5 12.5 2.931 0.638 0.665
212.5 37.5 3.630 0.754 0.853
212.5 62.5 2.910 0.615 0.659
215.0 85.0 1.141 0.389 0.150
225.0 0.0 4.346 1.095 1.040
225.0 25.0 2.713 0.624 0.605
225.0 50.0 3.009 0.643 0.686
225.0 75.0 2.532 0.713 0.554
227.5 97.5 1.512 0.565 0.261
237.5 12.5 3.346 0.723 0.777
237.5 37.5 3.272 0.666 0.758
237.5 62.5 2.909 0.608 0.659
237.5 87.5 1.353 0.372 0.214
240.0 110.0 3.231 1.016 0.746
250.0 0.0 4.670 1.469 1.123
250.0 25.0 2.889 0.728 0.653
250.0 50.0 2.123 0.629 0.438
250.0 75.0 1.665 0.547 0.306
250.0 100.0 1.035 0.373 0.118
262.5 12.5 1.616 0.506 0.292
262.5 37.5 2.388 0.689 0.514
262.5 62.5 2.294 0.596 0.487
262.5 87.5 1.192 0.394 0.165
275.0 0.0 2.364 0.528 0.507
275.0 25.0 1.691 0.462 0.314
275.0 50.0 1.842 0.471 0.358
275.0 75.0 1.538 0.401 0.268
287.5 12.5 1.544 0.423 0.270
287.5 37.5 1.845 0.479 0.359
287.5 62.5 2.325 0.463 0.496
300.0 0.0 1.726 0.442 0.324
300.0 25.0 2.880 0.712 0.651
300.0 50.0 1.646 0.357 0.300
300.0 75.0 1.866 0.702 0.365
300.0 100.0 1.686 0.397 0.312
312.5 12.5 1.715 0.471 0.321
312.5 37.5 1.618 0.359 0.292
325.0 0.0 1.241 0.528 0.180
325.0 25.0 1.280 0.521 0.192
325.0 50.0 1.584 0.466 0.282
325.0 75.0 1.230 0.283 0.177
325.0 100.0 1.419 0.416 0.233
337.5 12.5 1.303 0.275 0.199
350.0 0.0 0.778 0.220 0.039
350.0 25.0 0.729 0.189 0.024
350.0 50.0 0.969 0.258 0.098
350.0 75.0 1.134 0.263 0.148
350.0 100.0 0.762 0.175 0.034
375.0 0.0 0.844 0.186 0.059
375.0 25.0 0.983 0.261 0.102
375.0 50.0 0.578 0.157 -0.024
375.0 75.0 1.071 0.402 0.129
400.0 0.0 0.369 0.119 -0.089
400.0 25.0 0.540 0.165 -0.035
400.0 50.0 0.888 0.268 0.073
400.0 75.0 0.953 0.258 0.093
400.0 100.0 0.480 0.175 -0.054
425.0 0.0 0.512 0.158 -0.044
425.0 25.0 0.304 0.108 -0.110
425.0 50.0 0.459 0.148 -0.061
425.0 75.0 0.486 0.151 -0.052
425.0 100.0 0.457 0.180 -0.061
450.0 0.0 0.584 0.139 -0.022
450.0 25.0 0.398 0.139 -0.080
450.0 50.0 0.540 0.183 -0.035
450.0 75.0 0.443 0.134 -0.066
450.0 100.0 0.417 0.152 -0.074
475.0 0.0 0.189 0.072 -0.147
475.0 25.0 0.391 0.130 -0.082
475.0 50.0 0.320 0.113 -0.105
475.0 75.0 0.403 0.107 -0.079
475.0 100.0 0.305 0.104 -0.110
500.0 0.0 0.364 0.157 -0.091
500.0 25.0 0.381 0.098 -0.086
500.0 50.0 0.258 0.075 -0.125
500.0 75.0 0.301 0.083 -0.111
525.0 0.0 0.197 0.061 -0.144
525.0 25.0 0.174 0.056 -0.152
525.0 50.0 0.284 0.075 -0.116
550.0 0.0 0.242 0.062 -0.130
550.0 25.0 0.106 0.041 -0.174
575.0 25.0 0.072 0.030 -0.185
#average significance: 1.191
