mC1:mN1:nSig:nSigErr:Zn
#Tag: SR_SS_emu_2_opt
#multitop: 0.000000 +/- 0.000000 (0)
#Zjets: 0.004896 +/- 0.004896 (1)
#Higgs: 0.013420 +/- 0.007802 (20)
#Vgamma: 0.068451 +/- 0.049384 (2)
#Wjets: 0.090772 +/- 0.079373 (2)
#ttbar: 0.261089 +/- 0.261089 (1)
#VVV: 0.281458 +/- 0.060267 (35)
#ttV: 0.296082 +/- 0.039686 (115)
#singletop: 0.411730 +/- 0.411730 (1)
#VV: 3.494455 +/- 0.713191 (1101)
#Total BG: 4.922353 +/- 0.871987 (1278)

150.0 0.0 5.298 1.370 1.447
152.5 22.5 5.006 1.031 1.367
162.5 12.5 4.431 0.725 1.207
175.0 0.0 4.996 0.830 1.365
175.0 25.0 4.838 0.825 1.321
177.5 47.5 3.370 0.704 0.898
187.5 12.5 5.125 0.732 1.400
187.5 37.5 4.536 0.739 1.237
190.0 60.0 2.029 0.563 0.479
200.0 0.0 4.875 0.894 1.331
200.0 25.0 4.434 0.801 1.208
200.0 50.0 3.605 0.753 0.968
202.5 72.5 2.741 0.681 0.706
212.5 12.5 4.019 0.781 1.090
212.5 37.5 4.535 1.151 1.237
212.5 62.5 2.746 0.526 0.708
215.0 85.0 2.067 0.454 0.491
225.0 0.0 3.658 0.923 0.984
225.0 25.0 2.852 0.660 0.740
225.0 50.0 3.930 0.720 1.064
225.0 75.0 1.687 0.605 0.366
227.5 97.5 2.125 0.642 0.510
237.5 12.5 3.162 0.624 0.835
237.5 37.5 4.360 0.883 1.187
237.5 62.5 2.442 0.551 0.612
237.5 87.5 2.080 0.526 0.496
240.0 110.0 0.721 0.278 0.030
250.0 0.0 3.438 0.756 0.919
250.0 25.0 1.833 0.584 0.414
250.0 50.0 1.992 0.591 0.467
250.0 75.0 1.599 0.451 0.336
250.0 100.0 1.318 0.428 0.240
262.5 12.5 4.139 1.647 1.124
262.5 37.5 3.570 0.740 0.958
262.5 62.5 1.422 0.616 0.276
262.5 87.5 2.536 0.618 0.642
275.0 0.0 2.406 0.501 0.601
275.0 25.0 2.610 0.549 0.665
275.0 50.0 2.313 0.537 0.571
275.0 75.0 1.896 0.474 0.435
287.5 12.5 3.350 0.654 0.892
287.5 37.5 3.498 0.695 0.937
287.5 62.5 1.772 0.427 0.394
300.0 0.0 4.006 0.883 1.086
300.0 25.0 3.014 0.548 0.790
300.0 50.0 2.955 0.534 0.772
300.0 75.0 2.158 0.437 0.521
300.0 100.0 2.837 0.728 0.736
312.5 12.5 1.977 0.380 0.462
312.5 37.5 2.568 0.672 0.652
325.0 0.0 1.553 0.349 0.321
325.0 25.0 1.202 0.271 0.200
325.0 50.0 1.961 0.494 0.457
325.0 75.0 1.650 0.383 0.353
325.0 100.0 1.766 0.370 0.392
337.5 12.5 2.251 0.381 0.551
350.0 0.0 2.086 0.433 0.498
350.0 25.0 1.636 0.280 0.349
350.0 50.0 1.665 0.289 0.358
350.0 75.0 1.148 0.260 0.181
350.0 100.0 1.352 0.295 0.252
375.0 0.0 1.354 0.287 0.253
375.0 25.0 1.315 0.241 0.239
375.0 50.0 1.171 0.223 0.190
375.0 75.0 1.169 0.213 0.189
400.0 0.0 1.017 0.226 0.136
400.0 25.0 1.210 0.269 0.203
400.0 50.0 1.866 0.344 0.425
400.0 75.0 0.933 0.262 0.106
400.0 100.0 1.266 0.273 0.223
425.0 0.0 0.791 0.180 0.055
425.0 25.0 0.623 0.203 -0.005
425.0 50.0 1.537 0.459 0.315
425.0 75.0 0.422 0.136 -0.079
425.0 100.0 0.691 0.171 0.019
450.0 0.0 0.553 0.137 -0.031
450.0 25.0 0.493 0.160 -0.053
450.0 50.0 1.201 0.391 0.200
450.0 75.0 1.075 0.252 0.156
450.0 100.0 0.816 0.187 0.064
475.0 0.0 0.637 0.134 -0.001
475.0 25.0 0.457 0.118 -0.066
475.0 50.0 0.511 0.122 -0.046
475.0 75.0 0.792 0.180 0.056
475.0 100.0 0.672 0.133 0.012
500.0 0.0 0.520 0.128 -0.043
500.0 25.0 0.635 0.121 -0.001
500.0 50.0 0.514 0.109 -0.046
500.0 75.0 0.590 0.176 -0.018
525.0 0.0 0.452 0.093 -0.068
525.0 25.0 0.359 0.083 -0.103
525.0 50.0 0.560 0.102 -0.028
550.0 0.0 0.359 0.077 -0.103
550.0 25.0 0.320 0.079 -0.117
575.0 25.0 0.409 0.075 -0.084
#average significance: 1.205
