mC1:mN1:nSig:nSigErr:Zn
#Tag: SR_SS_emu_1_pre
#multitop: 0.000000 +/- 0.000000 (0)
#ttV: 0.717282 +/- 0.077261 (232)
#VVV: 4.322480 +/- 0.260155 (637)
#singletop: 6.366970 +/- 1.441976 (32)
#Higgs: 13.129451 +/- 2.412305 (97)
#ttbar: 17.749160 +/- 3.879499 (43)
#Zjets: 74.539916 +/- 30.035895 (205)
#Vgamma: 170.179048 +/- 11.093491 (539)
#Wjets: 334.328293 +/- 107.529792 (415)
#VV: 336.254064 +/- 5.210269 (50347)
#Total BG: 957.586662 +/- 112.419065 (52547)

150.0 0.0 64.844 3.313 0.057
152.5 22.5 58.892 3.183 0.036
162.5 12.5 49.686 2.560 0.002
175.0 0.0 34.416 2.651 -0.054
175.0 25.0 39.565 2.740 -0.035
177.5 47.5 35.047 2.367 -0.052
187.5 12.5 32.016 2.223 -0.063
187.5 37.5 27.264 2.121 -0.081
190.0 60.0 27.710 2.044 -0.079
200.0 0.0 24.482 2.056 -0.091
200.0 25.0 21.166 1.741 -0.104
200.0 50.0 23.805 1.855 -0.094
202.5 72.5 21.959 1.795 -0.101
212.5 12.5 17.251 1.517 -0.118
212.5 37.5 19.101 1.595 -0.111
212.5 62.5 19.750 1.686 -0.109
215.0 85.0 20.672 1.913 -0.105
225.0 0.0 12.890 1.455 -0.135
225.0 25.0 14.059 1.826 -0.130
225.0 50.0 17.621 2.008 -0.117
225.0 75.0 15.588 2.030 -0.125
227.5 97.5 14.097 1.552 -0.130
237.5 12.5 16.443 2.321 -0.121
237.5 37.5 12.296 1.433 -0.137
237.5 62.5 10.594 1.224 -0.143
237.5 87.5 10.219 1.180 -0.145
240.0 110.0 12.321 1.233 -0.137
250.0 0.0 9.676 1.299 -0.147
250.0 25.0 10.279 1.451 -0.145
250.0 50.0 9.434 1.306 -0.148
250.0 75.0 12.371 1.597 -0.137
250.0 100.0 10.257 1.558 -0.145
262.5 12.5 9.776 1.352 -0.146
262.5 37.5 7.813 1.082 -0.154
262.5 62.5 9.760 1.232 -0.146
262.5 87.5 8.431 1.371 -0.151
275.0 0.0 8.841 1.070 -0.150
275.0 25.0 8.060 0.961 -0.153
275.0 50.0 5.606 0.862 -0.162
275.0 75.0 6.939 0.958 -0.157
287.5 12.5 7.889 1.137 -0.154
287.5 37.5 5.783 1.000 -0.161
287.5 62.5 5.800 0.768 -0.161
300.0 0.0 4.374 0.740 -0.167
300.0 25.0 6.241 0.940 -0.160
300.0 50.0 5.897 0.932 -0.161
300.0 75.0 5.591 0.891 -0.162
300.0 100.0 5.829 0.973 -0.161
312.5 12.5 3.744 0.549 -0.169
312.5 37.5 5.520 1.006 -0.162
325.0 0.0 3.968 0.516 -0.168
325.0 25.0 3.667 0.659 -0.169
325.0 50.0 3.766 0.532 -0.169
325.0 75.0 4.030 0.593 -0.168
325.0 100.0 3.744 0.564 -0.169
337.5 12.5 3.707 0.590 -0.169
350.0 0.0 2.679 0.383 -0.173
350.0 25.0 2.595 0.360 -0.174
350.0 50.0 3.021 0.407 -0.172
350.0 75.0 3.358 0.637 -0.171
350.0 100.0 2.439 0.340 -0.174
375.0 0.0 1.959 0.367 -0.176
375.0 25.0 2.839 0.396 -0.173
375.0 50.0 1.945 0.275 -0.176
375.0 75.0 2.503 0.325 -0.174
400.0 0.0 0.934 0.240 -0.180
400.0 25.0 2.066 0.397 -0.176
400.0 50.0 1.507 0.325 -0.178
400.0 75.0 2.071 0.335 -0.176
400.0 100.0 1.842 0.331 -0.176
425.0 0.0 1.012 0.219 -0.180
425.0 25.0 1.883 0.359 -0.176
425.0 50.0 1.261 0.265 -0.179
425.0 75.0 1.278 0.253 -0.179
425.0 100.0 1.014 0.213 -0.180
450.0 0.0 0.883 0.189 -0.180
450.0 25.0 1.513 0.661 -0.178
450.0 50.0 1.074 0.327 -0.179
450.0 75.0 0.749 0.168 -0.181
450.0 100.0 0.975 0.192 -0.180
475.0 0.0 0.679 0.144 -0.181
475.0 25.0 1.051 0.211 -0.179
475.0 50.0 0.734 0.149 -0.181
475.0 75.0 0.568 0.126 -0.181
475.0 100.0 0.644 0.137 -0.181
500.0 0.0 0.782 0.156 -0.180
500.0 25.0 0.612 0.137 -0.181
500.0 50.0 1.004 0.249 -0.180
500.0 75.0 0.595 0.138 -0.181
525.0 0.0 0.512 0.109 -0.181
525.0 25.0 0.757 0.196 -0.181
525.0 50.0 0.532 0.103 -0.181
550.0 0.0 0.447 0.088 -0.182
550.0 25.0 0.415 0.083 -0.182
575.0 25.0 0.665 0.145 -0.181
#average significance: -0.036
