mC1:mN1:nSig:nSigErr:Zn
#Tag: SR_SS_mumu_2_pre
#multitop: 0.000239 +/- 0.000239 (1)
#Vgamma: 0.009093 +/- 0.009093 (1)
#VVV: 2.361932 +/- 0.188522 (425)
#ttV: 3.291575 +/- 0.154456 (1302)
#singletop: 3.932013 +/- 1.574838 (21)
#Higgs: 12.906544 +/- 4.042916 (135)
#Zjets: 20.102416 +/- 15.958197 (68)
#ttbar: 39.508193 +/- 3.711621 (138)
#Wjets: 53.834057 +/- 15.274385 (236)
#VV: 221.391106 +/- 3.047908 (60283)
#Total BG: 357.337167 +/- 23.020025 (62610)

150.0 0.0 47.107 3.017 0.313
152.5 22.5 41.038 2.737 0.253
162.5 12.5 37.989 2.225 0.222
175.0 0.0 32.165 2.887 0.163
175.0 25.0 28.404 2.187 0.125
177.5 47.5 30.732 2.421 0.149
187.5 12.5 28.131 2.851 0.122
187.5 37.5 19.702 1.496 0.036
190.0 60.0 21.801 1.693 0.058
200.0 0.0 19.320 1.871 0.032
200.0 25.0 14.651 1.443 -0.017
200.0 50.0 21.862 2.478 0.058
202.5 72.5 19.039 1.622 0.029
212.5 12.5 15.533 1.637 -0.007
212.5 37.5 18.722 1.945 0.026
212.5 62.5 14.431 1.473 -0.019
215.0 85.0 14.213 1.335 -0.021
225.0 0.0 12.203 1.628 -0.042
225.0 25.0 11.107 1.294 -0.054
225.0 50.0 13.899 1.488 -0.024
225.0 75.0 13.667 2.181 -0.027
227.5 97.5 11.195 1.432 -0.053
237.5 12.5 9.919 1.201 -0.066
237.5 37.5 12.839 1.438 -0.036
237.5 62.5 11.209 1.347 -0.053
237.5 87.5 10.287 1.096 -0.062
240.0 110.0 12.182 1.453 -0.042
250.0 0.0 12.643 1.909 -0.038
250.0 25.0 9.598 1.358 -0.070
250.0 50.0 7.319 1.077 -0.094
250.0 75.0 9.534 1.326 -0.070
250.0 100.0 11.608 1.773 -0.048
262.5 12.5 7.206 0.986 -0.095
262.5 37.5 7.797 1.173 -0.089
262.5 62.5 9.030 1.137 -0.076
262.5 87.5 6.235 1.089 -0.105
275.0 0.0 6.412 0.967 -0.103
275.0 25.0 5.388 0.867 -0.114
275.0 50.0 6.880 0.921 -0.098
275.0 75.0 6.979 1.258 -0.097
287.5 12.5 5.566 0.771 -0.112
287.5 37.5 6.141 0.909 -0.106
287.5 62.5 6.021 0.809 -0.107
300.0 0.0 4.404 0.727 -0.125
300.0 25.0 5.795 0.849 -0.110
300.0 50.0 5.382 0.714 -0.114
300.0 75.0 5.263 0.882 -0.115
300.0 100.0 5.282 0.723 -0.115
312.5 12.5 4.443 0.694 -0.124
312.5 37.5 4.230 0.609 -0.126
325.0 0.0 4.408 0.730 -0.124
325.0 25.0 3.261 0.641 -0.137
325.0 50.0 3.974 0.625 -0.129
325.0 75.0 3.803 0.480 -0.131
325.0 100.0 3.150 0.508 -0.138
337.5 12.5 3.229 0.428 -0.137
350.0 0.0 2.670 0.517 -0.143
350.0 25.0 2.329 0.338 -0.147
350.0 50.0 2.779 0.417 -0.142
350.0 75.0 3.001 0.442 -0.139
350.0 100.0 3.262 0.426 -0.137
375.0 0.0 2.336 0.310 -0.147
375.0 25.0 1.861 0.304 -0.152
375.0 50.0 1.520 0.249 -0.155
375.0 75.0 2.305 0.475 -0.147
400.0 0.0 1.341 0.346 -0.157
400.0 25.0 1.860 0.350 -0.152
400.0 50.0 2.185 0.453 -0.148
400.0 75.0 2.419 0.400 -0.146
400.0 100.0 2.016 0.402 -0.150
425.0 0.0 1.787 0.475 -0.152
425.0 25.0 0.968 0.199 -0.161
425.0 50.0 1.642 0.308 -0.154
425.0 75.0 1.558 0.282 -0.155
425.0 100.0 1.821 0.414 -0.152
450.0 0.0 1.436 0.254 -0.156
450.0 25.0 0.934 0.229 -0.162
450.0 50.0 1.052 0.251 -0.160
450.0 75.0 0.820 0.173 -0.163
450.0 100.0 1.479 0.330 -0.156
475.0 0.0 0.709 0.167 -0.164
475.0 25.0 1.008 0.208 -0.161
475.0 50.0 0.834 0.183 -0.163
475.0 75.0 0.774 0.155 -0.163
475.0 100.0 0.871 0.164 -0.162
500.0 0.0 0.573 0.172 -0.165
500.0 25.0 0.734 0.137 -0.164
500.0 50.0 0.728 0.126 -0.164
500.0 75.0 0.650 0.132 -0.165
525.0 0.0 0.534 0.100 -0.166
525.0 25.0 0.465 0.097 -0.167
525.0 50.0 0.632 0.132 -0.165
550.0 0.0 0.453 0.085 -0.167
550.0 25.0 0.577 0.178 -0.165
575.0 25.0 0.177 0.046 -0.170
#average significance: 0.147
