mC1:mN1:nSig:nSigErr:Zn
#Tag: SR_SS_mumu_1_pre
#Zjets: -3.609577 +/- 5.983394 (51)
#multitop: 0.000000 +/- 0.000000 (0)
#Vgamma: 0.000000 +/- 0.000000 (0)
#ttV: 0.512035 +/- 0.059170 (164)
#VVV: 2.576378 +/- 0.183997 (419)
#singletop: 4.034815 +/- 1.070143 (23)
#ttbar: 6.933077 +/- 1.497904 (23)
#Higgs: 11.972906 +/- 2.245818 (47)
#Wjets: 67.290906 +/- 21.112747 (159)
#VV: 209.257194 +/- 3.982928 (30552)
#Total BG: 302.577310 +/- 22.491839 (31438)

150.0 0.0 43.581 2.976 0.347
152.5 22.5 38.284 2.563 0.286
162.5 12.5 32.601 2.151 0.220
175.0 0.0 23.771 1.955 0.116
175.0 25.0 21.589 1.867 0.090
177.5 47.5 23.052 1.902 0.108
187.5 12.5 16.506 1.482 0.029
187.5 37.5 20.549 1.696 0.078
190.0 60.0 16.616 1.643 0.031
200.0 0.0 12.047 1.451 -0.025
200.0 25.0 17.045 1.622 0.036
200.0 50.0 15.871 2.001 0.022
202.5 72.5 14.325 1.552 0.003
212.5 12.5 12.857 1.612 -0.015
212.5 37.5 11.336 1.250 -0.033
212.5 62.5 11.290 1.178 -0.034
215.0 85.0 10.566 1.083 -0.043
225.0 0.0 11.735 1.623 -0.029
225.0 25.0 9.888 1.654 -0.051
225.0 50.0 11.457 1.760 -0.032
225.0 75.0 8.939 1.294 -0.063
227.5 97.5 8.890 1.208 -0.063
237.5 12.5 7.348 1.002 -0.082
237.5 37.5 9.424 1.203 -0.057
237.5 62.5 9.080 1.028 -0.061
237.5 87.5 7.941 1.114 -0.075
240.0 110.0 9.108 1.386 -0.061
250.0 0.0 5.543 1.175 -0.104
250.0 25.0 8.087 1.893 -0.073
250.0 50.0 7.467 1.097 -0.081
250.0 75.0 5.783 1.014 -0.102
250.0 100.0 8.653 1.270 -0.066
262.5 12.5 4.180 0.814 -0.121
262.5 37.5 6.362 0.911 -0.094
262.5 62.5 5.568 0.883 -0.104
262.5 87.5 5.645 0.881 -0.103
275.0 0.0 3.606 0.705 -0.128
275.0 25.0 2.737 0.551 -0.139
275.0 50.0 4.908 0.786 -0.112
275.0 75.0 4.204 0.671 -0.121
287.5 12.5 4.423 0.836 -0.118
287.5 37.5 5.152 0.906 -0.109
287.5 62.5 5.761 0.785 -0.102
300.0 0.0 2.282 0.449 -0.145
300.0 25.0 4.134 0.718 -0.122
300.0 50.0 2.949 0.498 -0.137
300.0 75.0 4.895 0.850 -0.112
300.0 100.0 3.412 0.564 -0.131
312.5 12.5 2.807 0.571 -0.138
312.5 37.5 3.611 0.548 -0.128
325.0 0.0 2.902 0.451 -0.137
325.0 25.0 3.167 0.502 -0.134
325.0 50.0 2.587 0.490 -0.141
325.0 75.0 2.289 0.364 -0.145
325.0 100.0 3.119 0.619 -0.134
337.5 12.5 2.155 0.639 -0.146
350.0 0.0 1.947 0.368 -0.149
350.0 25.0 1.973 0.381 -0.149
350.0 50.0 1.430 0.261 -0.155
350.0 75.0 1.490 0.317 -0.155
350.0 100.0 2.002 0.320 -0.148
375.0 0.0 1.728 0.444 -0.152
375.0 25.0 1.338 0.276 -0.157
375.0 50.0 1.065 0.212 -0.160
375.0 75.0 1.364 0.239 -0.156
400.0 0.0 0.647 0.282 -0.165
400.0 25.0 0.650 0.192 -0.165
400.0 50.0 0.797 0.201 -0.163
400.0 75.0 1.296 0.280 -0.157
400.0 100.0 1.185 0.250 -0.159
425.0 0.0 0.867 0.239 -0.162
425.0 25.0 0.856 0.195 -0.163
425.0 50.0 0.703 0.182 -0.165
425.0 75.0 1.036 0.220 -0.160
425.0 100.0 1.447 0.446 -0.155
450.0 0.0 0.550 0.174 -0.166
450.0 25.0 0.673 0.163 -0.165
450.0 50.0 0.595 0.180 -0.166
450.0 75.0 0.833 0.178 -0.163
450.0 100.0 0.465 0.150 -0.167
475.0 0.0 0.828 0.183 -0.163
475.0 25.0 0.629 0.181 -0.165
475.0 50.0 0.574 0.136 -0.166
475.0 75.0 0.689 0.145 -0.165
475.0 100.0 0.407 0.165 -0.168
500.0 0.0 0.287 0.080 -0.170
500.0 25.0 0.597 0.138 -0.166
500.0 50.0 0.426 0.101 -0.168
500.0 75.0 0.544 0.125 -0.166
525.0 0.0 0.509 0.138 -0.167
525.0 25.0 0.303 0.075 -0.170
525.0 50.0 0.380 0.101 -0.169
550.0 0.0 0.315 0.092 -0.169
550.0 25.0 0.521 0.161 -0.167
575.0 25.0 0.156 0.044 -0.171
#average significance: 0.128
