mC1:mN1:nSig:nSigErr:Zn
#Tag: SR_SS_emu_2_opt
#multitop: 0.000000 +/- 0.000000 (0)
#Zjets: 0.004896 +/- 0.004896 (1)
#Wjets: 0.012369 +/- 0.012369 (1)
#Higgs: 0.015100 +/- 0.006377 (17)
#Vgamma: 0.068451 +/- 0.049384 (2)
#ttV: 0.252377 +/- 0.034922 (87)
#VVV: 0.259040 +/- 0.058150 (33)
#ttbar: 0.261089 +/- 0.261089 (1)
#singletop: 0.411730 +/- 0.411730 (1)
#VV: 3.352191 +/- 0.293956 (888)
#Total BG: 4.637242 +/- 0.575636 (1031)

150.0 0.0 4.596 1.321 1.362
152.5 22.5 3.927 0.947 1.159
162.5 12.5 3.487 0.653 1.021
175.0 0.0 4.049 0.745 1.196
175.0 25.0 3.946 0.750 1.165
177.5 47.5 2.645 0.638 0.747
187.5 12.5 4.131 0.660 1.221
187.5 37.5 4.183 0.718 1.237
190.0 60.0 1.281 0.480 0.269
200.0 0.0 3.676 0.790 1.080
200.0 25.0 3.906 0.734 1.152
200.0 50.0 2.793 0.672 0.796
202.5 72.5 2.581 0.663 0.725
212.5 12.5 3.091 0.703 0.894
212.5 37.5 3.053 0.589 0.881
212.5 62.5 2.153 0.466 0.580
215.0 85.0 1.902 0.439 0.492
225.0 0.0 3.332 0.903 0.971
225.0 25.0 2.257 0.603 0.616
225.0 50.0 2.782 0.590 0.792
225.0 75.0 1.545 0.588 0.365
227.5 97.5 1.554 0.513 0.369
237.5 12.5 2.782 0.595 0.792
237.5 37.5 3.237 0.757 0.941
237.5 62.5 1.882 0.463 0.485
237.5 87.5 1.610 0.463 0.389
240.0 110.0 0.372 0.191 -0.078
250.0 0.0 3.244 0.728 0.943
250.0 25.0 1.449 0.539 0.330
250.0 50.0 1.678 0.532 0.413
250.0 75.0 0.933 0.355 0.139
250.0 100.0 0.995 0.358 0.163
262.5 12.5 2.498 0.873 0.697
262.5 37.5 2.624 0.640 0.740
262.5 62.5 1.726 0.653 0.430
262.5 87.5 1.575 0.433 0.376
275.0 0.0 2.127 0.474 0.571
275.0 25.0 2.473 0.532 0.689
275.0 50.0 1.959 0.507 0.512
275.0 75.0 1.749 0.548 0.438
287.5 12.5 2.573 0.587 0.723
287.5 37.5 2.875 0.650 0.823
287.5 62.5 1.540 0.406 0.363
300.0 0.0 3.454 0.847 1.010
300.0 25.0 2.686 0.528 0.760
300.0 50.0 2.646 0.516 0.747
300.0 75.0 1.895 0.410 0.490
300.0 100.0 1.680 0.368 0.414
312.5 12.5 1.846 0.368 0.472
312.5 37.5 2.537 0.669 0.711
325.0 0.0 1.340 0.331 0.291
325.0 25.0 1.088 0.258 0.198
325.0 50.0 1.747 0.482 0.438
325.0 75.0 1.404 0.361 0.314
325.0 100.0 1.555 0.354 0.369
337.5 12.5 1.806 0.331 0.459
350.0 0.0 1.776 0.416 0.448
350.0 25.0 1.356 0.257 0.297
350.0 50.0 1.268 0.234 0.264
350.0 75.0 0.929 0.240 0.138
350.0 100.0 1.058 0.224 0.186
375.0 0.0 1.229 0.285 0.250
375.0 25.0 1.156 0.215 0.223
375.0 50.0 0.866 0.197 0.114
375.0 75.0 0.884 0.172 0.121
400.0 0.0 0.938 0.218 0.141
400.0 25.0 0.897 0.235 0.126
400.0 50.0 1.628 0.326 0.395
400.0 75.0 0.798 0.250 0.088
400.0 100.0 1.266 0.273 0.264
425.0 0.0 0.638 0.163 0.026
425.0 25.0 0.623 0.203 0.021
425.0 50.0 1.383 0.436 0.306
425.0 75.0 0.384 0.130 -0.073
425.0 100.0 0.490 0.145 -0.031
450.0 0.0 0.465 0.127 -0.041
450.0 25.0 0.357 0.147 -0.084
450.0 50.0 0.823 0.299 0.097
450.0 75.0 0.961 0.245 0.150
450.0 100.0 0.660 0.167 0.035
475.0 0.0 0.501 0.120 -0.027
475.0 25.0 0.433 0.116 -0.054
475.0 50.0 0.375 0.098 -0.077
475.0 75.0 0.681 0.171 0.043
475.0 100.0 0.540 0.119 -0.012
500.0 0.0 0.392 0.101 -0.070
500.0 25.0 0.532 0.112 -0.015
500.0 50.0 0.378 0.093 -0.076
500.0 75.0 0.439 0.116 -0.051
525.0 0.0 0.422 0.090 -0.058
525.0 25.0 0.215 0.072 -0.141
525.0 50.0 0.466 0.093 -0.041
550.0 0.0 0.294 0.069 -0.109
550.0 25.0 0.287 0.077 -0.112
575.0 25.0 0.365 0.070 -0.081
#average significance: 1.046
