mC1:mN1:nSig:nSigErr:Zn
#Tag: SR_SS_ee_1_pre
#multitop: 0.000000 +/- 0.000000 (0)
#ttV: 0.318829 +/- 0.046638 (103)
#VVV: 1.703347 +/- 0.146217 (255)
#singletop: 5.039462 +/- 1.285555 (26)
#ttbar: 9.680037 +/- 3.213575 (20)
#Higgs: 9.751843 +/- 2.284982 (91)
#VV: 166.468213 +/- 4.581103 (23257)
#Vgamma: 193.987670 +/- 11.976474 (607)
#Wjets: 226.639311 +/- 80.955565 (199)
#Zjets: 828.385742 +/- 141.698767 (890)
#Total BG: 1441.974455 +/- 163.749782 (25448)

150.0 0.0 26.184 2.017 -0.116
152.5 22.5 23.668 2.056 -0.123
162.5 12.5 19.815 1.520 -0.132
175.0 0.0 15.101 1.466 -0.144
175.0 25.0 18.182 2.382 -0.136
177.5 47.5 15.350 1.527 -0.143
187.5 12.5 12.369 1.399 -0.151
187.5 37.5 13.113 1.278 -0.149
190.0 60.0 12.826 1.517 -0.150
200.0 0.0 10.344 1.281 -0.156
200.0 25.0 9.126 1.266 -0.159
200.0 50.0 9.696 1.167 -0.158
202.5 72.5 8.695 1.145 -0.160
212.5 12.5 7.053 0.874 -0.164
212.5 37.5 8.890 1.383 -0.160
212.5 62.5 9.142 1.025 -0.159
215.0 85.0 9.847 1.458 -0.157
225.0 0.0 7.393 1.268 -0.164
225.0 25.0 6.509 0.977 -0.166
225.0 50.0 7.513 1.127 -0.163
225.0 75.0 6.967 1.060 -0.165
227.5 97.5 6.554 1.045 -0.166
237.5 12.5 5.257 0.942 -0.169
237.5 37.5 4.397 0.782 -0.171
237.5 62.5 5.152 0.891 -0.169
237.5 87.5 6.439 1.080 -0.166
240.0 110.0 5.668 0.974 -0.168
250.0 0.0 5.588 1.064 -0.168
250.0 25.0 4.626 0.926 -0.171
250.0 50.0 4.883 0.979 -0.170
250.0 75.0 3.655 0.780 -0.173
250.0 100.0 5.156 0.964 -0.169
262.5 12.5 3.440 0.687 -0.174
262.5 37.5 3.671 0.695 -0.173
262.5 62.5 3.745 0.884 -0.173
262.5 87.5 3.467 0.654 -0.174
275.0 0.0 4.933 0.898 -0.170
275.0 25.0 3.256 0.601 -0.174
275.0 50.0 2.993 0.785 -0.175
275.0 75.0 4.998 0.879 -0.170
287.5 12.5 3.383 0.752 -0.174
287.5 37.5 4.077 0.972 -0.172
287.5 62.5 3.201 0.773 -0.174
300.0 0.0 2.586 0.535 -0.176
300.0 25.0 1.659 0.376 -0.178
300.0 50.0 2.072 0.429 -0.177
300.0 75.0 3.239 0.602 -0.174
300.0 100.0 1.945 0.430 -0.177
312.5 12.5 2.553 0.443 -0.176
312.5 37.5 2.208 0.449 -0.177
325.0 0.0 1.984 0.396 -0.177
325.0 25.0 2.654 0.578 -0.176
325.0 50.0 2.541 0.452 -0.176
325.0 75.0 1.726 0.361 -0.178
325.0 100.0 1.495 0.300 -0.179
337.5 12.5 2.046 0.570 -0.177
350.0 0.0 1.777 0.343 -0.178
350.0 25.0 1.398 0.388 -0.179
350.0 50.0 2.058 0.452 -0.177
350.0 75.0 1.421 0.305 -0.179
350.0 100.0 1.481 0.383 -0.179
375.0 0.0 1.558 0.357 -0.178
375.0 25.0 0.765 0.190 -0.180
375.0 50.0 0.815 0.172 -0.180
375.0 75.0 1.142 0.235 -0.179
400.0 0.0 0.674 0.288 -0.181
400.0 25.0 0.817 0.230 -0.180
400.0 50.0 0.797 0.251 -0.180
400.0 75.0 1.323 0.337 -0.179
400.0 100.0 0.696 0.293 -0.181
425.0 0.0 0.646 0.204 -0.181
425.0 25.0 0.748 0.240 -0.180
425.0 50.0 0.869 0.205 -0.180
425.0 75.0 0.504 0.159 -0.181
425.0 100.0 0.517 0.158 -0.181
450.0 0.0 0.289 0.110 -0.182
450.0 25.0 0.364 0.124 -0.181
450.0 50.0 0.534 0.237 -0.181
450.0 75.0 0.422 0.129 -0.181
450.0 100.0 0.936 0.460 -0.180
475.0 0.0 0.357 0.111 -0.181
475.0 25.0 0.259 0.082 -0.182
475.0 50.0 0.686 0.227 -0.181
475.0 75.0 0.580 0.148 -0.181
475.0 100.0 0.506 0.124 -0.181
500.0 0.0 0.310 0.083 -0.182
500.0 25.0 0.498 0.121 -0.181
500.0 50.0 0.244 0.079 -0.182
500.0 75.0 0.181 0.067 -0.182
525.0 0.0 0.165 0.062 -0.182
525.0 25.0 0.368 0.121 -0.181
525.0 50.0 0.252 0.069 -0.182
550.0 0.0 0.366 0.116 -0.181
550.0 25.0 0.192 0.057 -0.182
575.0 25.0 0.070 0.029 -0.182
#average significance: -0.140
