mC1:mN1:nSig:nSigErr:Zn
#Tag: SR_SS_ee_1_opt
#Zjets: -0.173205 +/- 0.220004 (3)
#multitop: 0.000000 +/- 0.000000 (0)
#Higgs: 0.003076 +/- 0.002189 (2)
#ttV: 0.046768 +/- 0.018121 (14)
#VVV: 0.162252 +/- 0.045639 (21)
#singletop: 0.204933 +/- 0.204933 (1)
#Wjets: 0.231172 +/- 1.048464 (11)
#Vgamma: 0.310155 +/- 0.112580 (10)
#ttbar: 0.509040 +/- 0.367493 (2)
#VV: 2.226342 +/- 0.901900 (603)
#Total BG: 3.693737 +/- 1.467392 (667)

150.0 0.0 4.727 0.908 1.175
152.5 22.5 3.333 0.673 0.792
162.5 12.5 3.161 0.657 0.742
175.0 0.0 3.040 0.705 0.706
175.0 25.0 2.568 0.605 0.564
177.5 47.5 1.887 0.508 0.349
187.5 12.5 2.868 0.720 0.655
187.5 37.5 2.102 0.499 0.418
190.0 60.0 1.616 0.486 0.259
200.0 0.0 2.562 0.612 0.563
200.0 25.0 1.736 0.451 0.299
200.0 50.0 2.426 0.618 0.521
202.5 72.5 0.499 0.223 -0.139
212.5 12.5 1.638 0.410 0.266
212.5 37.5 2.298 0.579 0.481
212.5 62.5 1.091 0.368 0.078
215.0 85.0 2.641 0.968 0.587
225.0 0.0 2.255 0.598 0.467
225.0 25.0 1.579 0.460 0.246
225.0 50.0 2.047 0.535 0.401
225.0 75.0 2.130 0.605 0.427
227.5 97.5 1.473 0.592 0.211
237.5 12.5 1.667 0.476 0.276
237.5 37.5 1.022 0.344 0.053
237.5 62.5 1.353 0.428 0.170
237.5 87.5 0.943 0.324 0.025
240.0 110.0 0.639 0.263 -0.087
250.0 0.0 2.467 0.764 0.533
250.0 25.0 1.268 0.471 0.140
250.0 50.0 2.478 0.790 0.537
250.0 75.0 0.363 0.269 -0.192
250.0 100.0 1.228 0.454 0.126
262.5 12.5 0.795 0.337 -0.029
262.5 37.5 1.083 0.387 0.075
262.5 62.5 1.064 0.425 0.068
262.5 87.5 0.762 0.288 -0.041
275.0 0.0 2.240 0.578 0.462
275.0 25.0 0.887 0.298 0.005
275.0 50.0 0.864 0.319 -0.004
275.0 75.0 1.447 0.558 0.202
287.5 12.5 1.044 0.589 0.061
287.5 37.5 1.688 0.838 0.283
287.5 62.5 1.011 0.571 0.049
300.0 0.0 1.071 0.334 0.071
300.0 25.0 0.667 0.239 -0.076
300.0 50.0 1.395 0.356 0.184
300.0 75.0 1.575 0.441 0.245
300.0 100.0 0.629 0.228 -0.090
312.5 12.5 0.823 0.256 -0.019
312.5 37.5 0.911 0.296 0.013
325.0 0.0 0.701 0.205 -0.064
325.0 25.0 0.868 0.225 -0.002
325.0 50.0 1.068 0.292 0.070
325.0 75.0 0.371 0.141 -0.189
325.0 100.0 0.543 0.173 -0.123
337.5 12.5 1.211 0.531 0.120
350.0 0.0 0.566 0.178 -0.114
350.0 25.0 0.840 0.345 -0.012
350.0 50.0 0.695 0.274 -0.066
350.0 75.0 0.511 0.170 -0.135
350.0 100.0 0.849 0.338 -0.009
375.0 0.0 0.464 0.159 -0.153
375.0 25.0 0.346 0.117 -0.198
375.0 50.0 0.457 0.128 -0.155
375.0 75.0 0.611 0.181 -0.097
400.0 0.0 0.593 0.282 -0.104
400.0 25.0 0.458 0.165 -0.155
400.0 50.0 0.535 0.208 -0.126
400.0 75.0 0.717 0.268 -0.058
400.0 100.0 0.199 0.099 -0.256
425.0 0.0 0.417 0.173 -0.171
425.0 25.0 0.497 0.217 -0.140
425.0 50.0 0.472 0.155 -0.150
425.0 75.0 0.314 0.135 -0.211
425.0 100.0 0.199 0.090 -0.256
450.0 0.0 0.064 0.045 -0.310
450.0 25.0 0.205 0.101 -0.253
450.0 50.0 0.206 0.182 -0.253
450.0 75.0 0.198 0.082 -0.256
450.0 100.0 0.696 0.450 -0.065
475.0 0.0 0.240 0.089 -0.239
475.0 25.0 0.206 0.073 -0.253
475.0 50.0 0.248 0.118 -0.237
475.0 75.0 0.268 0.085 -0.229
475.0 100.0 0.317 0.092 -0.210
500.0 0.0 0.087 0.043 -0.300
500.0 25.0 0.240 0.090 -0.239
500.0 50.0 0.117 0.053 -0.288
500.0 75.0 0.059 0.034 -0.312
525.0 0.0 0.071 0.045 -0.307
525.0 25.0 0.171 0.062 -0.267
525.0 50.0 0.209 0.064 -0.252
550.0 0.0 0.172 0.050 -0.266
550.0 25.0 0.093 0.038 -0.298
575.0 25.0 0.024 0.017 -0.326
#average significance: 0.622
