mC1:mN1:nSig:nSigErr:Zn
#Tag: SR_SS_mumu_1_opt
#Zjets: 0.000000 +/- 0.000000 (0)
#multitop: 0.000000 +/- 0.000000 (0)
#Vgamma: 0.000000 +/- 0.000000 (0)
#ttV: 0.075355 +/- 0.021736 (18)
#singletop: 0.232753 +/- 0.232753 (1)
#Wjets: 0.310568 +/- 0.310568 (1)
#VVV: 0.318734 +/- 0.056852 (46)
#ttbar: 0.390164 +/- 0.390164 (1)
#Higgs: 0.784755 +/- 0.555352 (2)
#VV: 6.040529 +/- 0.755257 (1019)
#Total BG: 8.152858 +/- 1.088755 (1088)

150.0 0.0 8.361 1.183 1.714
152.5 22.5 6.025 0.972 1.240
162.5 12.5 4.882 0.857 0.993
175.0 0.0 4.692 0.863 0.951
175.0 25.0 4.970 0.859 1.012
177.5 47.5 5.643 0.980 1.158
187.5 12.5 3.622 0.665 0.708
187.5 37.5 5.389 0.955 1.104
190.0 60.0 3.740 0.889 0.735
200.0 0.0 3.349 0.697 0.644
200.0 25.0 3.182 0.634 0.605
200.0 50.0 3.512 0.676 0.682
202.5 72.5 1.708 0.432 0.244
212.5 12.5 3.816 0.672 0.753
212.5 37.5 3.286 0.740 0.629
212.5 62.5 1.962 0.521 0.308
215.0 85.0 2.826 0.557 0.520
225.0 0.0 4.340 0.930 0.872
225.0 25.0 2.487 0.604 0.438
225.0 50.0 3.134 0.741 0.593
225.0 75.0 2.599 0.664 0.465
227.5 97.5 1.097 0.347 0.087
237.5 12.5 2.432 0.619 0.424
237.5 37.5 2.934 0.665 0.546
237.5 62.5 2.862 0.570 0.529
237.5 87.5 1.582 0.425 0.212
240.0 110.0 2.106 0.831 0.344
250.0 0.0 1.373 0.441 0.158
250.0 25.0 2.553 0.989 0.454
250.0 50.0 2.058 0.602 0.332
250.0 75.0 1.682 0.474 0.237
250.0 100.0 2.203 0.592 0.368
262.5 12.5 1.923 0.549 0.298
262.5 37.5 1.892 0.486 0.290
262.5 62.5 1.092 0.372 0.085
262.5 87.5 1.496 0.446 0.190
275.0 0.0 1.507 0.455 0.193
275.0 25.0 0.366 0.184 -0.108
275.0 50.0 1.212 0.379 0.117
275.0 75.0 2.164 0.494 0.358
287.5 12.5 1.750 0.614 0.255
287.5 37.5 1.628 0.612 0.224
287.5 62.5 1.749 0.445 0.254
300.0 0.0 1.188 0.317 0.110
300.0 25.0 1.206 0.306 0.115
300.0 50.0 0.824 0.250 0.015
300.0 75.0 1.637 0.392 0.226
300.0 100.0 1.207 0.335 0.115
312.5 12.5 1.005 0.280 0.063
312.5 37.5 1.093 0.280 0.086
325.0 0.0 1.437 0.307 0.175
325.0 25.0 1.518 0.332 0.196
325.0 50.0 0.851 0.328 0.022
325.0 75.0 1.048 0.251 0.074
325.0 100.0 0.951 0.252 0.048
337.5 12.5 0.545 0.182 -0.060
350.0 0.0 0.870 0.242 0.027
350.0 25.0 1.185 0.306 0.110
350.0 50.0 0.592 0.180 -0.047
350.0 75.0 0.593 0.241 -0.047
350.0 100.0 0.652 0.164 -0.031
375.0 0.0 0.597 0.150 -0.046
375.0 25.0 0.521 0.143 -0.066
375.0 50.0 0.382 0.118 -0.104
375.0 75.0 0.523 0.144 -0.066
400.0 0.0 0.263 0.126 -0.136
400.0 25.0 0.251 0.113 -0.140
400.0 50.0 0.396 0.141 -0.100
400.0 75.0 0.650 0.207 -0.032
400.0 100.0 0.554 0.169 -0.057
425.0 0.0 0.426 0.182 -0.092
425.0 25.0 0.418 0.134 -0.094
425.0 50.0 0.281 0.107 -0.132
425.0 75.0 0.295 0.117 -0.128
425.0 100.0 1.045 0.427 0.073
450.0 0.0 0.062 0.044 -0.192
450.0 25.0 0.248 0.084 -0.141
450.0 50.0 0.201 0.072 -0.153
450.0 75.0 0.374 0.114 -0.106
450.0 100.0 0.157 0.068 -0.166
475.0 0.0 0.374 0.121 -0.106
475.0 25.0 0.394 0.158 -0.101
475.0 50.0 0.235 0.091 -0.144
475.0 75.0 0.255 0.089 -0.139
475.0 100.0 0.221 0.088 -0.148
500.0 0.0 0.104 0.046 -0.180
500.0 25.0 0.356 0.099 -0.111
500.0 50.0 0.133 0.052 -0.172
500.0 75.0 0.418 0.114 -0.094
525.0 0.0 0.139 0.053 -0.171
525.0 25.0 0.165 0.053 -0.163
525.0 50.0 0.231 0.082 -0.145
550.0 0.0 0.102 0.038 -0.181
550.0 25.0 0.256 0.138 -0.138
575.0 25.0 0.073 0.031 -0.189
#average significance: 1.026
