mC1:mN1:nSig:nSigErr:Zn
#Tag: SR_SS_ee_2_pre
#multitop: 0.002239 +/- 0.001984 (2)
#VVV: 1.795505 +/- 0.169636 (335)
#ttV: 2.401927 +/- 0.128586 (987)
#singletop: 2.578972 +/- 0.829937 (15)
#Higgs: 11.233432 +/- 2.736951 (139)
#ttbar: 29.230760 +/- 4.118912 (82)
#Vgamma: 137.995441 +/- 10.694737 (565)
#VV: 180.482548 +/- 3.830976 (46383)
#Wjets: 198.328335 +/- 85.123516 (377)
#Zjets: 366.581237 +/- 125.870901 (1526)
#Total BG: 930.630396 +/- 152.458981 (50411)

150.0 0.0 32.081 2.661 -0.084
152.5 22.5 28.959 2.216 -0.095
162.5 12.5 23.730 1.968 -0.113
175.0 0.0 21.530 2.819 -0.121
175.0 25.0 18.824 1.749 -0.131
177.5 47.5 18.074 1.852 -0.133
187.5 12.5 14.036 1.397 -0.148
187.5 37.5 16.373 1.730 -0.139
190.0 60.0 10.873 1.140 -0.159
200.0 0.0 15.196 1.937 -0.144
200.0 25.0 12.601 1.493 -0.153
200.0 50.0 13.192 1.460 -0.151
202.5 72.5 11.587 1.587 -0.157
212.5 12.5 8.602 1.098 -0.167
212.5 37.5 11.058 1.309 -0.158
212.5 62.5 8.859 1.185 -0.166
215.0 85.0 7.680 0.933 -0.171
225.0 0.0 6.918 1.062 -0.173
225.0 25.0 10.193 1.358 -0.162
225.0 50.0 7.785 1.221 -0.170
225.0 75.0 7.467 1.032 -0.171
227.5 97.5 7.288 1.030 -0.172
237.5 12.5 7.498 1.362 -0.171
237.5 37.5 8.834 1.117 -0.166
237.5 62.5 6.810 0.990 -0.174
237.5 87.5 7.464 1.031 -0.171
240.0 110.0 5.725 0.915 -0.178
250.0 0.0 5.434 1.173 -0.179
250.0 25.0 7.404 1.157 -0.172
250.0 50.0 7.165 1.271 -0.172
250.0 75.0 5.176 1.047 -0.180
250.0 100.0 6.570 1.181 -0.175
262.5 12.5 6.290 1.123 -0.176
262.5 37.5 6.538 1.063 -0.175
262.5 62.5 4.136 0.733 -0.183
262.5 87.5 5.576 0.906 -0.178
275.0 0.0 4.586 0.772 -0.182
275.0 25.0 5.460 0.851 -0.179
275.0 50.0 5.709 0.929 -0.178
275.0 75.0 5.100 1.141 -0.180
287.5 12.5 4.084 0.693 -0.184
287.5 37.5 3.462 0.578 -0.186
287.5 62.5 4.843 1.048 -0.181
300.0 0.0 3.415 0.594 -0.186
300.0 25.0 5.031 1.087 -0.180
300.0 50.0 4.545 0.777 -0.182
300.0 75.0 2.760 0.493 -0.188
300.0 100.0 3.906 0.604 -0.184
312.5 12.5 3.468 0.609 -0.186
312.5 37.5 3.399 0.620 -0.186
325.0 0.0 2.359 0.412 -0.190
325.0 25.0 3.043 0.471 -0.187
325.0 50.0 3.052 0.477 -0.187
325.0 75.0 2.692 0.403 -0.189
325.0 100.0 2.760 0.493 -0.188
337.5 12.5 2.003 0.365 -0.191
350.0 0.0 2.852 0.519 -0.188
350.0 25.0 2.546 0.451 -0.189
350.0 50.0 1.679 0.337 -0.192
350.0 75.0 1.607 0.300 -0.192
350.0 100.0 2.170 0.356 -0.190
375.0 0.0 1.765 0.260 -0.192
375.0 25.0 1.722 0.270 -0.192
375.0 50.0 1.641 0.370 -0.192
375.0 75.0 1.422 0.243 -0.193
400.0 0.0 1.702 0.546 -0.192
400.0 25.0 1.369 0.313 -0.193
400.0 50.0 1.386 0.527 -0.193
400.0 75.0 1.320 0.293 -0.194
400.0 100.0 1.012 0.268 -0.195
425.0 0.0 1.189 0.276 -0.194
425.0 25.0 0.571 0.160 -0.196
425.0 50.0 1.180 0.329 -0.194
425.0 75.0 0.706 0.177 -0.196
425.0 100.0 0.548 0.148 -0.196
450.0 0.0 0.885 0.241 -0.195
450.0 25.0 0.622 0.182 -0.196
450.0 50.0 1.049 0.281 -0.195
450.0 75.0 0.779 0.196 -0.195
450.0 100.0 0.639 0.149 -0.196
475.0 0.0 0.485 0.121 -0.197
475.0 25.0 0.480 0.122 -0.197
475.0 50.0 0.617 0.140 -0.196
475.0 75.0 0.714 0.145 -0.196
475.0 100.0 0.680 0.174 -0.196
500.0 0.0 0.466 0.150 -0.197
500.0 25.0 0.363 0.092 -0.197
500.0 50.0 0.424 0.108 -0.197
500.0 75.0 0.585 0.135 -0.196
525.0 0.0 0.442 0.120 -0.197
525.0 25.0 0.377 0.103 -0.197
525.0 50.0 0.351 0.086 -0.197
550.0 0.0 0.405 0.081 -0.197
550.0 25.0 0.406 0.087 -0.197
575.0 25.0 0.259 0.066 -0.197
#average significance: -0.127
