mC1:mN1:nSig:nSigErr:Zn
#Tag: SR_SS_ee_2_opt
#Zjets: 0.000000 +/- 0.000000 (0)
#multitop: 0.000000 +/- 0.000000 (0)
#singletop: 0.159334 +/- 0.159334 (1)
#VVV: 0.161294 +/- 0.044925 (25)
#ttV: 0.192426 +/- 0.033178 (69)
#Vgamma: 0.533960 +/- 0.281340 (6)
#Higgs: 0.537043 +/- 0.522187 (14)
#Wjets: 0.803530 +/- 0.627445 (4)
#ttbar: 2.112372 +/- 1.014760 (6)
#VV: 4.863432 +/- 0.551470 (1047)
#Total BG: 9.363393 +/- 1.451855 (1172)

150.0 0.0 5.018 0.983 0.898
152.5 22.5 4.460 0.852 0.786
162.5 12.5 3.905 0.664 0.672
175.0 0.0 2.886 0.877 0.455
175.0 25.0 2.348 0.544 0.338
177.5 47.5 2.483 0.546 0.368
187.5 12.5 3.334 0.658 0.552
187.5 37.5 1.913 0.438 0.240
190.0 60.0 1.485 0.398 0.143
200.0 0.0 2.277 0.803 0.322
200.0 25.0 3.671 0.807 0.623
200.0 50.0 3.109 0.683 0.504
202.5 72.5 2.098 0.993 0.282
212.5 12.5 2.535 0.504 0.379
212.5 37.5 1.423 0.476 0.129
212.5 62.5 1.309 0.357 0.102
215.0 85.0 2.120 0.509 0.287
225.0 0.0 1.711 0.551 0.195
225.0 25.0 2.415 0.720 0.352
225.0 50.0 2.040 0.576 0.269
225.0 75.0 0.754 0.312 -0.028
227.5 97.5 0.715 0.339 -0.038
237.5 12.5 1.756 0.453 0.205
237.5 37.5 2.237 0.547 0.313
237.5 62.5 1.362 0.461 0.114
237.5 87.5 1.403 0.397 0.124
240.0 110.0 0.742 0.263 -0.031
250.0 0.0 1.029 0.364 0.037
250.0 25.0 2.484 0.698 0.368
250.0 50.0 0.494 0.247 -0.091
250.0 75.0 2.262 0.785 0.319
250.0 100.0 0.913 0.382 0.009
262.5 12.5 1.787 0.487 0.212
262.5 37.5 1.832 0.680 0.222
262.5 62.5 0.549 0.246 -0.077
262.5 87.5 1.474 0.481 0.140
275.0 0.0 1.059 0.346 0.044
275.0 25.0 1.385 0.413 0.120
275.0 50.0 2.463 0.607 0.363
275.0 75.0 1.185 0.350 0.073
287.5 12.5 1.477 0.363 0.141
287.5 37.5 1.224 0.369 0.083
287.5 62.5 1.678 0.786 0.187
300.0 0.0 1.046 0.328 0.041
300.0 25.0 2.242 0.899 0.314
300.0 50.0 1.255 0.455 0.090
300.0 75.0 0.731 0.252 -0.034
300.0 100.0 1.154 0.330 0.066
312.5 12.5 1.663 0.460 0.184
312.5 37.5 1.120 0.339 0.058
325.0 0.0 0.951 0.275 0.019
325.0 25.0 1.148 0.313 0.065
325.0 50.0 0.817 0.213 -0.013
325.0 75.0 0.709 0.203 -0.039
325.0 100.0 0.872 0.247 -0.000
337.5 12.5 0.418 0.152 -0.109
350.0 0.0 0.741 0.203 -0.031
350.0 25.0 0.896 0.205 0.006
350.0 50.0 0.462 0.140 -0.098
350.0 75.0 0.551 0.188 -0.077
350.0 100.0 0.251 0.104 -0.150
375.0 0.0 0.655 0.163 -0.052
375.0 25.0 0.445 0.131 -0.102
375.0 50.0 0.439 0.124 -0.104
375.0 75.0 0.361 0.110 -0.123
400.0 0.0 0.731 0.307 -0.034
400.0 25.0 0.505 0.162 -0.088
400.0 50.0 0.823 0.499 -0.012
400.0 75.0 0.434 0.156 -0.105
400.0 100.0 0.274 0.147 -0.144
425.0 0.0 0.413 0.147 -0.110
425.0 25.0 0.137 0.083 -0.178
425.0 50.0 0.220 0.100 -0.157
425.0 75.0 0.312 0.123 -0.135
425.0 100.0 0.219 0.090 -0.157
450.0 0.0 0.315 0.133 -0.134
450.0 25.0 0.255 0.117 -0.149
450.0 50.0 0.246 0.099 -0.151
450.0 75.0 0.287 0.100 -0.141
450.0 100.0 0.141 0.074 -0.177
475.0 0.0 0.247 0.083 -0.151
475.0 25.0 0.253 0.094 -0.149
475.0 50.0 0.177 0.067 -0.168
475.0 75.0 0.322 0.096 -0.132
475.0 100.0 0.052 0.037 -0.199
500.0 0.0 0.101 0.053 -0.186
500.0 25.0 0.158 0.060 -0.173
500.0 50.0 0.197 0.072 -0.163
500.0 75.0 0.373 0.107 -0.120
525.0 0.0 0.106 0.043 -0.185
525.0 25.0 0.120 0.051 -0.182
525.0 50.0 0.115 0.048 -0.183
550.0 0.0 0.147 0.051 -0.175
550.0 25.0 0.183 0.060 -0.166
575.0 25.0 0.037 0.022 -0.202
#average significance: 0.477
