mC1:mN1:nSig:nSigErr:Zn
#Tag: SR_SS_emu_1_opt
#Zjets: 0.000000 +/- 0.000000 (0)
#multitop: 0.000000 +/- 0.000000 (0)
#Higgs: 0.005886 +/- 0.003512 (3)
#ttV: 0.044201 +/- 0.014975 (13)
#Wjets: 0.077344 +/- 0.062350 (3)
#singletop: 0.108358 +/- 0.108358 (1)
#Vgamma: 0.180392 +/- 0.155349 (3)
#VVV: 0.196424 +/- 0.049422 (23)
#ttbar: 0.252064 +/- 0.252064 (1)
#VV: 2.837618 +/- 0.390254 (466)
#Total BG: 3.702287 +/- 0.508209 (513)

150.0 0.0 2.896 0.661 0.949
152.5 22.5 4.982 0.857 1.659
162.5 12.5 3.684 0.662 1.229
175.0 0.0 5.003 0.958 1.666
175.0 25.0 3.888 0.847 1.299
177.5 47.5 1.685 0.457 0.488
187.5 12.5 3.266 0.620 1.082
187.5 37.5 2.151 0.509 0.671
190.0 60.0 2.821 0.582 0.922
200.0 0.0 3.558 0.739 1.185
200.0 25.0 4.260 0.799 1.424
200.0 50.0 2.045 0.520 0.630
202.5 72.5 2.070 0.505 0.639
212.5 12.5 3.044 0.640 1.003
212.5 37.5 3.764 0.753 1.256
212.5 62.5 2.503 0.527 0.804
215.0 85.0 1.798 0.401 0.533
225.0 0.0 2.042 0.532 0.629
225.0 25.0 3.493 1.300 1.162
225.0 50.0 2.194 0.537 0.687
225.0 75.0 2.124 0.649 0.660
227.5 97.5 1.616 0.441 0.460
237.5 12.5 2.601 0.564 0.841
237.5 37.5 2.812 0.742 0.919
237.5 62.5 1.729 0.463 0.505
237.5 87.5 0.960 0.327 0.188
240.0 110.0 1.052 0.320 0.227
250.0 0.0 2.387 0.696 0.761
250.0 25.0 2.980 0.876 0.980
250.0 50.0 2.276 0.722 0.719
250.0 75.0 2.029 0.532 0.623
250.0 100.0 0.501 0.252 -0.012
262.5 12.5 2.285 0.554 0.722
262.5 37.5 1.935 0.545 0.587
262.5 62.5 2.018 0.483 0.619
262.5 87.5 1.222 0.382 0.299
275.0 0.0 1.774 0.462 0.523
275.0 25.0 1.669 0.432 0.482
275.0 50.0 1.732 0.543 0.506
275.0 75.0 1.722 0.429 0.502
287.5 12.5 1.695 0.430 0.492
287.5 37.5 1.947 0.786 0.591
287.5 62.5 1.515 0.459 0.419
300.0 0.0 1.423 0.452 0.382
300.0 25.0 1.264 0.339 0.316
300.0 50.0 1.916 0.412 0.579
300.0 75.0 2.216 0.654 0.695
300.0 100.0 1.344 0.340 0.350
312.5 12.5 0.772 0.228 0.107
312.5 37.5 1.994 0.660 0.610
325.0 0.0 1.630 0.326 0.466
325.0 25.0 0.904 0.232 0.164
325.0 50.0 1.035 0.298 0.220
325.0 75.0 1.418 0.315 0.380
325.0 100.0 1.295 0.363 0.329
337.5 12.5 1.183 0.248 0.282
350.0 0.0 0.846 0.251 0.139
350.0 25.0 0.944 0.208 0.181
350.0 50.0 1.104 0.237 0.249
350.0 75.0 0.841 0.201 0.137
350.0 100.0 0.687 0.163 0.070
375.0 0.0 1.094 0.324 0.245
375.0 25.0 1.072 0.242 0.236
375.0 50.0 0.504 0.135 -0.011
375.0 75.0 0.716 0.171 0.083
400.0 0.0 0.219 0.100 -0.141
400.0 25.0 0.754 0.206 0.099
400.0 50.0 0.877 0.267 0.153
400.0 75.0 0.878 0.218 0.153
400.0 100.0 0.866 0.237 0.148
425.0 0.0 0.242 0.101 -0.130
425.0 25.0 0.831 0.227 0.133
425.0 50.0 0.224 0.105 -0.139
425.0 75.0 0.505 0.152 -0.011
425.0 100.0 0.314 0.112 -0.097
450.0 0.0 0.468 0.136 -0.027
450.0 25.0 0.352 0.147 -0.080
450.0 50.0 0.509 0.189 -0.009
450.0 75.0 0.261 0.107 -0.121
450.0 100.0 0.511 0.130 -0.008
475.0 0.0 0.143 0.059 -0.176
475.0 25.0 0.753 0.189 0.099
475.0 50.0 0.338 0.094 -0.086
475.0 75.0 0.155 0.064 -0.171
475.0 100.0 0.303 0.094 -0.102
500.0 0.0 0.419 0.121 -0.049
500.0 25.0 0.279 0.102 -0.113
500.0 50.0 0.677 0.233 0.066
500.0 75.0 0.215 0.075 -0.143
525.0 0.0 0.325 0.088 -0.092
525.0 25.0 0.293 0.072 -0.107
525.0 50.0 0.224 0.063 -0.139
550.0 0.0 0.288 0.069 -0.109
550.0 25.0 0.222 0.061 -0.139
575.0 25.0 0.401 0.131 -0.058
#average significance: 1.115
