mC1:mN1:nSig:nSigErr:Zn
#Tag: SR_SS_mumu_2_opt
#multitop: 0.000000 +/- 0.000000 (0)
#Vgamma: 0.000000 +/- 0.000000 (0)
#Zjets: 0.019154 +/- 0.019154 (1)
#singletop: 0.107799 +/- 0.107799 (1)
#VVV: 0.253196 +/- 0.070311 (30)
#ttbar: 0.264649 +/- 0.264649 (1)
#ttV: 0.295008 +/- 0.041835 (102)
#Higgs: 0.404907 +/- 0.392039 (14)
#Wjets: 0.859564 +/- 0.573223 (4)
#VV: 5.893077 +/- 0.411805 (1495)
#Total BG: 8.097352 +/- 0.860571 (1648)

150.0 0.0 6.159 1.028 1.306
152.5 22.5 6.317 0.960 1.340
162.5 12.5 7.063 0.980 1.498
175.0 0.0 6.534 1.462 1.387
175.0 25.0 5.213 0.991 1.099
177.5 47.5 3.927 1.182 0.806
187.5 12.5 6.552 0.937 1.391
187.5 37.5 3.700 0.603 0.752
190.0 60.0 2.644 0.517 0.497
200.0 0.0 4.365 0.792 0.907
200.0 25.0 2.794 0.633 0.534
200.0 50.0 4.360 1.261 0.906
202.5 72.5 2.922 0.678 0.565
212.5 12.5 2.870 0.608 0.552
212.5 37.5 4.395 0.814 0.914
212.5 62.5 3.497 0.674 0.704
215.0 85.0 1.685 0.471 0.254
225.0 0.0 3.584 1.037 0.725
225.0 25.0 2.716 0.623 0.514
225.0 50.0 3.062 0.706 0.599
225.0 75.0 3.400 0.907 0.681
227.5 97.5 1.801 0.588 0.284
237.5 12.5 2.599 0.651 0.485
237.5 37.5 4.195 0.847 0.868
237.5 62.5 2.574 0.596 0.479
237.5 87.5 1.288 0.366 0.150
240.0 110.0 3.005 0.998 0.585
250.0 0.0 3.891 0.886 0.797
250.0 25.0 2.709 0.706 0.513
250.0 50.0 2.333 0.609 0.419
250.0 75.0 1.685 0.533 0.254
250.0 100.0 1.287 0.413 0.150
262.5 12.5 1.976 0.547 0.329
262.5 37.5 2.286 0.689 0.407
262.5 62.5 2.216 0.576 0.390
262.5 87.5 1.443 0.459 0.191
275.0 0.0 1.372 0.355 0.172
275.0 25.0 1.672 0.411 0.250
275.0 50.0 1.810 0.499 0.286
275.0 75.0 1.221 0.354 0.132
287.5 12.5 1.889 0.484 0.306
287.5 37.5 1.943 0.489 0.320
287.5 62.5 2.469 0.474 0.453
300.0 0.0 1.747 0.413 0.270
300.0 25.0 2.361 0.622 0.426
300.0 50.0 1.841 0.374 0.294
300.0 75.0 1.224 0.291 0.133
300.0 100.0 1.815 0.408 0.287
312.5 12.5 1.639 0.473 0.242
312.5 37.5 1.356 0.339 0.168
325.0 0.0 1.217 0.526 0.131
325.0 25.0 1.331 0.524 0.161
325.0 50.0 1.307 0.403 0.155
325.0 75.0 1.034 0.256 0.082
325.0 100.0 1.354 0.365 0.167
337.5 12.5 1.453 0.289 0.193
350.0 0.0 1.177 0.427 0.120
350.0 25.0 0.578 0.164 -0.042
350.0 50.0 1.104 0.267 0.101
350.0 75.0 1.202 0.285 0.127
350.0 100.0 0.876 0.194 0.040
375.0 0.0 0.812 0.178 0.022
375.0 25.0 0.647 0.155 -0.023
375.0 50.0 0.750 0.175 0.005
375.0 75.0 0.949 0.393 0.059
400.0 0.0 0.369 0.119 -0.099
400.0 25.0 0.490 0.157 -0.066
400.0 50.0 0.773 0.222 0.012
400.0 75.0 0.942 0.256 0.058
400.0 100.0 0.729 0.292 -0.000
425.0 0.0 0.469 0.137 -0.072
425.0 25.0 0.462 0.134 -0.073
425.0 50.0 0.452 0.146 -0.076
425.0 75.0 0.531 0.149 -0.055
425.0 100.0 0.659 0.207 -0.019
450.0 0.0 0.559 0.137 -0.047
450.0 25.0 0.218 0.093 -0.141
450.0 50.0 0.418 0.152 -0.086
450.0 75.0 0.367 0.122 -0.100
450.0 100.0 0.355 0.146 -0.103
475.0 0.0 0.229 0.077 -0.138
475.0 25.0 0.359 0.126 -0.102
475.0 50.0 0.296 0.111 -0.120
475.0 75.0 0.358 0.102 -0.102
475.0 100.0 0.284 0.096 -0.123
500.0 0.0 0.159 0.074 -0.158
500.0 25.0 0.356 0.099 -0.103
500.0 50.0 0.250 0.073 -0.133
500.0 75.0 0.307 0.084 -0.117
525.0 0.0 0.242 0.070 -0.135
525.0 25.0 0.182 0.059 -0.152
525.0 50.0 0.260 0.071 -0.130
550.0 0.0 0.223 0.059 -0.140
550.0 25.0 0.172 0.053 -0.154
575.0 25.0 0.045 0.022 -0.190
#average significance: 1.098
