mC1:mN1:nSig:nSigErr:Zn
#Tag: SR_SS_emu_2_pre
#multitop: 0.000467 +/- 0.000331 (2)
#VVV: 4.061281 +/- 0.249332 (704)
#ttV: 5.438357 +/- 0.207079 (2215)
#singletop: 6.150918 +/- 1.180230 (39)
#Higgs: 19.294909 +/- 3.209993 (281)
#ttbar: 54.367650 +/- 4.265174 (192)
#Zjets: 85.169614 +/- 18.430313 (324)
#Wjets: 92.607535 +/- 67.064862 (544)
#Vgamma: 113.048907 +/- 8.909811 (485)
#VV: 362.437616 +/- 3.613566 (98488)
#Total BG: 742.577254 +/- 70.425908 (103274)

150.0 0.0 71.371 3.746 0.171
152.5 22.5 68.629 3.725 0.158
162.5 12.5 52.035 2.655 0.079
175.0 0.0 44.700 3.144 0.043
175.0 25.0 42.679 2.698 0.034
177.5 47.5 44.531 3.154 0.042
187.5 12.5 36.199 2.203 0.002
187.5 37.5 35.824 2.453 0.000
190.0 60.0 29.607 1.932 -0.030
200.0 0.0 25.720 2.085 -0.049
200.0 25.0 26.152 2.008 -0.047
200.0 50.0 26.084 1.967 -0.048
202.5 72.5 29.552 2.366 -0.031
212.5 12.5 24.027 1.743 -0.058
212.5 37.5 21.739 1.742 -0.069
212.5 62.5 24.963 1.904 -0.053
215.0 85.0 20.185 1.536 -0.077
225.0 0.0 18.726 1.860 -0.084
225.0 25.0 19.198 2.264 -0.082
225.0 50.0 18.762 1.785 -0.084
225.0 75.0 17.474 1.828 -0.090
227.5 97.5 17.914 1.929 -0.088
237.5 12.5 17.508 1.828 -0.090
237.5 37.5 16.206 1.553 -0.096
237.5 62.5 14.867 1.471 -0.103
237.5 87.5 13.607 1.355 -0.109
240.0 110.0 14.207 1.360 -0.106
250.0 0.0 16.452 2.113 -0.095
250.0 25.0 12.337 1.441 -0.116
250.0 50.0 12.000 1.736 -0.117
250.0 75.0 15.002 1.783 -0.102
250.0 100.0 11.975 1.395 -0.118
262.5 12.5 12.566 1.484 -0.115
262.5 37.5 13.311 1.332 -0.111
262.5 62.5 11.203 1.538 -0.121
262.5 87.5 8.724 1.151 -0.134
275.0 0.0 9.568 1.105 -0.130
275.0 25.0 9.141 1.178 -0.132
275.0 50.0 10.530 1.405 -0.125
275.0 75.0 7.686 1.055 -0.139
287.5 12.5 9.278 1.372 -0.131
287.5 37.5 9.137 1.041 -0.132
287.5 62.5 7.877 0.873 -0.138
300.0 0.0 7.850 1.096 -0.138
300.0 25.0 8.116 0.876 -0.137
300.0 50.0 8.391 0.931 -0.135
300.0 75.0 7.084 0.808 -0.142
300.0 100.0 8.966 1.125 -0.133
312.5 12.5 6.584 0.779 -0.144
312.5 37.5 6.437 0.878 -0.145
325.0 0.0 4.792 0.723 -0.153
325.0 25.0 5.657 0.672 -0.149
325.0 50.0 7.069 0.843 -0.142
325.0 75.0 5.581 0.683 -0.150
325.0 100.0 6.015 0.778 -0.147
337.5 12.5 5.000 0.554 -0.152
350.0 0.0 4.573 0.612 -0.155
350.0 25.0 3.939 0.439 -0.158
350.0 50.0 3.798 0.443 -0.158
350.0 75.0 3.788 0.549 -0.159
350.0 100.0 3.785 0.451 -0.159
375.0 0.0 3.146 0.407 -0.162
375.0 25.0 3.125 0.403 -0.162
375.0 50.0 2.933 0.401 -0.163
375.0 75.0 2.804 0.318 -0.163
400.0 0.0 3.009 0.507 -0.162
400.0 25.0 2.446 0.462 -0.165
400.0 50.0 2.994 0.425 -0.163
400.0 75.0 2.752 0.635 -0.164
400.0 100.0 2.493 0.374 -0.165
425.0 0.0 1.673 0.313 -0.169
425.0 25.0 2.154 0.329 -0.167
425.0 50.0 2.544 0.501 -0.165
425.0 75.0 1.434 0.290 -0.170
425.0 100.0 1.778 0.352 -0.169
450.0 0.0 1.271 0.206 -0.171
450.0 25.0 1.223 0.312 -0.171
450.0 50.0 2.097 0.443 -0.167
450.0 75.0 1.583 0.283 -0.170
450.0 100.0 1.238 0.220 -0.171
475.0 0.0 1.206 0.185 -0.172
475.0 25.0 1.315 0.198 -0.171
475.0 50.0 1.231 0.200 -0.171
475.0 75.0 1.415 0.232 -0.170
475.0 100.0 1.249 0.196 -0.171
500.0 0.0 1.059 0.183 -0.172
500.0 25.0 1.343 0.193 -0.171
500.0 50.0 1.287 0.195 -0.171
500.0 75.0 0.854 0.160 -0.173
525.0 0.0 1.036 0.154 -0.172
525.0 25.0 0.761 0.126 -0.174
525.0 50.0 0.876 0.135 -0.173
550.0 0.0 0.467 0.085 -0.175
550.0 25.0 0.716 0.151 -0.174
575.0 25.0 0.572 0.089 -0.175
#average significance: 0.045
