mC1:mN1:nSig:nSigErr:Zn
#Tag: SR_SS_jet123_opt
#Zjets: 0.000000 +/- 0.000000 (0)
#multitop: 0.000000 +/- 0.000000 (0)
#Higgs: 0.025263 +/- 0.007565 (18)
#ttV: 0.237147 +/- 0.038496 (110)
#Wjets: 0.401639 +/- 0.280944 (4)
#singletop: 0.416387 +/- 0.416387 (1)
#VVV: 0.437549 +/- 0.081683 (62)
#ttbar: 0.830376 +/- 0.484277 (3)
#Vgamma: 1.392538 +/- 0.927449 (9)
#VV: 6.143731 +/- 0.640048 (1202)
#Total BG: 9.884630 +/- 1.328483 (1409)

150.0 0.0 10.787 1.638 1.922
152.5 22.5 8.927 1.197 1.606
162.5 12.5 8.430 1.020 1.519
175.0 0.0 13.338 1.808 2.331
175.0 25.0 8.363 1.243 1.507
177.5 47.5 5.371 0.899 0.953
187.5 12.5 8.240 0.949 1.485
187.5 37.5 5.740 0.838 1.024
190.0 60.0 4.883 0.847 0.858
200.0 0.0 10.393 1.281 1.856
200.0 25.0 9.431 1.178 1.693
200.0 50.0 6.702 0.953 1.206
202.5 72.5 5.667 0.903 1.011
212.5 12.5 7.341 1.032 1.324
212.5 37.5 6.890 0.926 1.241
212.5 62.5 5.460 0.809 0.971
215.0 85.0 4.090 0.968 0.699
225.0 0.0 9.066 1.437 1.630
225.0 25.0 7.770 1.132 1.401
225.0 50.0 8.234 1.080 1.484
225.0 75.0 3.797 0.792 0.639
227.5 97.5 3.550 0.761 0.588
237.5 12.5 9.982 1.201 1.787
237.5 37.5 7.625 1.135 1.375
237.5 62.5 6.619 0.907 1.191
237.5 87.5 4.230 0.721 0.727
240.0 110.0 2.704 0.747 0.410
250.0 0.0 9.178 1.622 1.650
250.0 25.0 7.052 1.292 1.271
250.0 50.0 7.975 1.267 1.438
250.0 75.0 4.615 0.871 0.805
250.0 100.0 2.976 0.695 0.468
262.5 12.5 7.736 1.802 1.395
262.5 37.5 7.048 1.087 1.270
262.5 62.5 4.580 0.749 0.798
262.5 87.5 5.682 0.991 1.013
275.0 0.0 6.968 0.957 1.255
275.0 25.0 5.017 0.753 0.884
275.0 50.0 6.002 0.931 1.075
275.0 75.0 5.564 0.921 0.991
287.5 12.5 5.819 0.895 1.040
287.5 37.5 6.028 1.058 1.079
287.5 62.5 5.671 0.804 1.011
300.0 0.0 4.602 0.632 0.802
300.0 25.0 5.898 0.836 1.055
300.0 50.0 5.080 0.715 0.897
300.0 75.0 5.799 0.930 1.036
300.0 100.0 4.408 0.644 0.763
312.5 12.5 4.046 0.613 0.690
312.5 37.5 5.014 0.812 0.884
325.0 0.0 4.619 0.711 0.805
325.0 25.0 4.181 0.708 0.717
325.0 50.0 4.129 0.652 0.707
325.0 75.0 3.588 0.515 0.596
325.0 100.0 3.946 0.557 0.670
337.5 12.5 4.804 0.668 0.842
350.0 0.0 3.655 0.543 0.610
350.0 25.0 3.431 0.524 0.563
350.0 50.0 3.476 0.477 0.573
350.0 75.0 2.735 0.392 0.417
350.0 100.0 2.045 0.293 0.267
375.0 0.0 3.262 0.781 0.528
375.0 25.0 2.997 0.378 0.472
375.0 50.0 1.786 0.269 0.210
375.0 75.0 2.264 0.298 0.315
400.0 0.0 1.878 0.343 0.230
400.0 25.0 1.999 0.325 0.257
400.0 50.0 3.320 0.650 0.540
400.0 75.0 3.256 0.482 0.527
400.0 100.0 2.036 0.342 0.265
425.0 0.0 1.993 0.344 0.255
425.0 25.0 1.647 0.335 0.178
425.0 50.0 1.892 0.333 0.233
425.0 75.0 1.406 0.251 0.124
425.0 100.0 1.532 0.272 0.153
450.0 0.0 1.431 0.249 0.130
450.0 25.0 1.357 0.223 0.113
450.0 50.0 1.164 0.228 0.069
450.0 75.0 1.514 0.232 0.149
450.0 100.0 1.636 0.259 0.176
475.0 0.0 1.058 0.181 0.045
475.0 25.0 1.594 0.261 0.167
475.0 50.0 1.130 0.189 0.061
475.0 75.0 1.243 0.190 0.087
475.0 100.0 1.470 0.270 0.139
500.0 0.0 0.844 0.154 -0.004
500.0 25.0 1.177 0.178 0.072
500.0 50.0 1.349 0.265 0.111
500.0 75.0 1.271 0.192 0.094
525.0 0.0 0.805 0.132 -0.014
525.0 25.0 0.619 0.108 -0.057
525.0 50.0 1.059 0.150 0.045
550.0 0.0 0.806 0.114 -0.013
550.0 25.0 0.510 0.088 -0.083
575.0 25.0 0.656 0.113 -0.048
#average significance: 1.506
