mC1:mN1:nSig:nSigErr:Zn
#Tag: SR_SS_jet123_pre
#multitop: 0.003301 +/- 0.001999 (7)
#ttV: 18.639141 +/- 0.383393 (7374)
#VVV: 22.525591 +/- 0.563963 (4039)
#singletop: 37.194225 +/- 3.402275 (216)
#Higgs: 107.088592 +/- 8.002948 (1131)
#ttbar: 212.653917 +/- 9.902805 (674)
#Vgamma: 953.919363 +/- 27.350169 (3341)
#Wjets: 1145.605836 +/- 192.505365 (2407)
#VV: 2195.117831 +/- 12.205679 (443423)
#Zjets: 8675.537013 +/- 485.440128 (16458)
#Total BG: 13368.284810 +/- 523.241432 (479070)

150.0 0.0 369.097 8.601 -0.059
152.5 22.5 334.110 7.822 -0.069
162.5 12.5 275.209 6.148 -0.087
175.0 0.0 213.946 7.023 -0.105
175.0 25.0 212.772 6.591 -0.105
177.5 47.5 210.363 6.404 -0.106
187.5 12.5 171.121 5.344 -0.117
187.5 37.5 169.998 5.201 -0.118
190.0 60.0 154.812 4.950 -0.122
200.0 0.0 133.667 4.850 -0.128
200.0 25.0 129.172 4.626 -0.130
200.0 50.0 141.424 5.229 -0.126
202.5 72.5 134.242 4.895 -0.128
212.5 12.5 111.845 4.142 -0.135
212.5 37.5 109.486 4.085 -0.136
212.5 62.5 111.720 4.022 -0.135
215.0 85.0 102.547 3.664 -0.138
225.0 0.0 88.104 3.996 -0.142
225.0 25.0 89.565 4.398 -0.141
225.0 50.0 94.865 4.285 -0.140
225.0 75.0 85.447 4.126 -0.143
227.5 97.5 82.734 3.781 -0.144
237.5 12.5 83.676 4.455 -0.143
237.5 37.5 79.184 3.472 -0.145
237.5 62.5 71.634 3.346 -0.147
237.5 87.5 71.654 3.172 -0.147
240.0 110.0 73.377 3.402 -0.146
250.0 0.0 66.059 3.956 -0.148
250.0 25.0 62.350 3.686 -0.150
250.0 50.0 64.614 4.003 -0.149
250.0 75.0 63.227 3.524 -0.149
250.0 100.0 63.469 3.629 -0.149
262.5 12.5 53.560 3.298 -0.152
262.5 37.5 55.202 2.853 -0.152
262.5 62.5 52.537 2.963 -0.152
262.5 87.5 47.901 2.800 -0.154
275.0 0.0 49.438 2.720 -0.153
275.0 25.0 41.639 2.308 -0.156
275.0 50.0 44.929 2.606 -0.155
275.0 75.0 46.643 2.722 -0.154
287.5 12.5 43.192 2.578 -0.155
287.5 37.5 39.802 2.371 -0.156
287.5 62.5 42.702 2.646 -0.155
300.0 0.0 30.372 1.804 -0.159
300.0 25.0 37.521 2.240 -0.157
300.0 50.0 36.495 2.108 -0.157
300.0 75.0 35.679 2.149 -0.157
300.0 100.0 35.797 2.121 -0.157
312.5 12.5 29.330 1.689 -0.159
312.5 37.5 29.923 1.848 -0.159
325.0 0.0 24.915 1.518 -0.161
325.0 25.0 25.583 1.594 -0.160
325.0 50.0 27.492 1.563 -0.160
325.0 75.0 24.280 1.314 -0.161
325.0 100.0 24.237 1.410 -0.161
337.5 12.5 22.534 1.419 -0.161
350.0 0.0 20.017 1.329 -0.162
350.0 25.0 17.955 1.059 -0.163
350.0 50.0 17.940 1.052 -0.163
350.0 75.0 18.070 1.234 -0.163
350.0 100.0 18.523 1.065 -0.163
375.0 0.0 14.630 1.323 -0.164
375.0 25.0 14.868 0.877 -0.164
375.0 50.0 12.657 0.791 -0.164
375.0 75.0 14.757 0.902 -0.164
400.0 0.0 9.797 0.831 -0.165
400.0 25.0 11.689 0.933 -0.165
400.0 50.0 12.086 1.034 -0.165
400.0 75.0 13.082 1.049 -0.164
400.0 100.0 10.890 0.884 -0.165
425.0 0.0 8.641 0.801 -0.166
425.0 25.0 8.472 0.701 -0.166
425.0 50.0 10.446 0.892 -0.165
425.0 75.0 8.818 1.069 -0.165
425.0 100.0 8.302 0.807 -0.166
450.0 0.0 6.320 0.533 -0.166
450.0 25.0 6.160 0.604 -0.166
450.0 50.0 7.039 0.592 -0.166
450.0 75.0 6.474 0.540 -0.166
450.0 100.0 7.009 0.709 -0.166
475.0 0.0 5.220 0.415 -0.167
475.0 25.0 5.616 0.522 -0.166
475.0 50.0 5.561 0.460 -0.166
475.0 75.0 5.489 0.424 -0.166
475.0 100.0 5.366 0.450 -0.167
500.0 0.0 4.103 0.377 -0.167
500.0 25.0 4.713 0.360 -0.167
500.0 50.0 5.064 0.415 -0.167
500.0 75.0 4.131 0.369 -0.167
525.0 0.0 3.551 0.301 -0.167
525.0 25.0 3.790 0.333 -0.167
525.0 50.0 3.746 0.290 -0.167
550.0 0.0 2.924 0.247 -0.167
550.0 25.0 3.083 0.325 -0.167
575.0 25.0 2.239 0.209 -0.167
#average significance: -0.102
