mC1:mN1:nSig:nSigErr:Zn
#Tag: SR_SS_ee_1_opt
#Zjets: 0.000000 +/- 0.000000 (0)
#multitop: 0.000000 +/- 0.000000 (0)
#Higgs: 0.016142 +/- 0.004915 (11)
#singletop: 0.204645 +/- 0.204645 (1)
#ttV: 0.251325 +/- 0.036674 (90)
#VVV: 0.256053 +/- 0.067498 (37)
#ttbar: 0.313580 +/- 0.313580 (1)
#Wjets: 1.193126 +/- 0.636543 (11)
#Vgamma: 1.474529 +/- 0.936542 (8)
#VV: 5.301147 +/- 0.936735 (1335)
#Total BG: 9.010547 +/- 1.518521 (1494)

150.0 0.0 5.524 1.008 1.009
152.5 22.5 4.455 0.809 0.794
162.5 12.5 4.683 0.767 0.840
175.0 0.0 7.450 2.330 1.377
175.0 25.0 2.555 0.597 0.387
177.5 47.5 3.499 0.905 0.593
187.5 12.5 2.407 0.507 0.355
187.5 37.5 3.565 0.630 0.607
190.0 60.0 2.031 0.532 0.270
200.0 0.0 4.080 0.933 0.716
200.0 25.0 3.117 0.744 0.511
200.0 50.0 2.962 0.599 0.477
202.5 72.5 2.099 0.672 0.285
212.5 12.5 3.646 0.757 0.624
212.5 37.5 3.246 0.761 0.539
212.5 62.5 3.462 0.691 0.585
215.0 85.0 3.015 0.922 0.489
225.0 0.0 3.475 0.747 0.588
225.0 25.0 3.085 0.745 0.504
225.0 50.0 1.924 0.524 0.245
225.0 75.0 1.441 0.449 0.133
227.5 97.5 2.097 0.692 0.285
237.5 12.5 2.705 0.609 0.421
237.5 37.5 2.729 0.594 0.426
237.5 62.5 2.307 0.593 0.332
237.5 87.5 1.917 0.452 0.244
240.0 110.0 0.972 0.309 0.022
250.0 0.0 2.189 0.716 0.306
250.0 25.0 1.854 0.521 0.229
250.0 50.0 3.073 1.009 0.501
250.0 75.0 1.562 0.616 0.162
250.0 100.0 1.425 0.497 0.130
262.5 12.5 2.495 0.602 0.374
262.5 37.5 1.837 0.638 0.225
262.5 62.5 1.927 0.503 0.246
262.5 87.5 1.709 0.513 0.196
275.0 0.0 2.668 0.615 0.413
275.0 25.0 1.600 0.436 0.171
275.0 50.0 2.924 0.670 0.469
275.0 75.0 2.471 0.635 0.369
287.5 12.5 2.071 0.662 0.279
287.5 37.5 1.758 0.434 0.207
287.5 62.5 1.192 0.337 0.075
300.0 0.0 1.845 0.418 0.227
300.0 25.0 0.978 0.288 0.024
300.0 50.0 2.444 0.552 0.363
300.0 75.0 2.154 0.441 0.298
300.0 100.0 1.708 0.394 0.196
312.5 12.5 2.855 0.542 0.454
312.5 37.5 1.809 0.387 0.219
325.0 0.0 2.411 0.436 0.355
325.0 25.0 1.608 0.348 0.172
325.0 50.0 1.928 0.376 0.246
325.0 75.0 1.225 0.304 0.083
325.0 100.0 1.997 0.375 0.262
337.5 12.5 1.700 0.535 0.194
350.0 0.0 1.491 0.323 0.145
350.0 25.0 1.684 0.397 0.190
350.0 50.0 1.188 0.323 0.074
350.0 75.0 1.157 0.273 0.067
350.0 100.0 0.972 0.221 0.023
375.0 0.0 1.182 0.293 0.073
375.0 25.0 1.023 0.211 0.035
375.0 50.0 1.056 0.199 0.043
375.0 75.0 0.987 0.204 0.026
400.0 0.0 0.951 0.285 0.017
400.0 25.0 1.099 0.278 0.053
400.0 50.0 1.810 0.577 0.219
400.0 75.0 1.102 0.313 0.053
400.0 100.0 0.361 0.137 -0.126
425.0 0.0 0.794 0.232 -0.020
425.0 25.0 0.867 0.273 -0.003
425.0 50.0 0.801 0.211 -0.019
425.0 75.0 0.526 0.156 -0.086
425.0 100.0 0.336 0.112 -0.132
450.0 0.0 0.399 0.154 -0.117
450.0 25.0 0.597 0.147 -0.068
450.0 50.0 0.607 0.190 -0.066
450.0 75.0 0.723 0.163 -0.038
450.0 100.0 0.556 0.138 -0.078
475.0 0.0 0.496 0.124 -0.093
475.0 25.0 0.346 0.097 -0.130
475.0 50.0 0.352 0.108 -0.128
475.0 75.0 0.735 0.164 -0.035
475.0 100.0 0.473 0.112 -0.099
500.0 0.0 0.286 0.085 -0.145
500.0 25.0 0.411 0.102 -0.114
500.0 50.0 0.314 0.089 -0.138
500.0 75.0 0.536 0.128 -0.083
525.0 0.0 0.231 0.065 -0.159
525.0 25.0 0.343 0.085 -0.131
525.0 50.0 0.360 0.084 -0.127
550.0 0.0 0.364 0.078 -0.126
550.0 25.0 0.323 0.094 -0.136
575.0 25.0 0.124 0.040 -0.185
#average significance: 0.695
