mC1:mN1:nSig:nSigErr:Zn
#Tag: SR_SS_emu_2_opt
#Zjets: 0.000000 +/- 0.000000 (0)
#multitop: 0.000000 +/- 0.000000 (0)
#Higgs: 0.022494 +/- 0.009113 (22)
#Vgamma: 0.176068 +/- 0.079507 (6)
#ttV: 0.202032 +/- 0.072344 (111)
#ttbar: 0.263278 +/- 0.263278 (1)
#singletop: 0.416387 +/- 0.416387 (1)
#VVV: 0.484755 +/- 0.105107 (62)
#Wjets: 0.931457 +/- 0.931457 (1)
#VV: 5.368763 +/- 0.764700 (968)
#Total BG: 7.865234 +/- 1.310633 (1172)

150.0 0.0 7.997 1.541 1.623
152.5 22.5 6.196 0.991 1.260
162.5 12.5 5.814 0.846 1.180
175.0 0.0 8.693 1.213 1.758
175.0 25.0 6.433 0.994 1.309
177.5 47.5 4.610 1.273 0.920
187.5 12.5 7.378 0.924 1.501
187.5 37.5 4.374 0.852 0.867
190.0 60.0 2.484 0.705 0.427
200.0 0.0 5.603 0.899 1.135
200.0 25.0 6.485 0.954 1.320
200.0 50.0 4.111 0.772 0.808
202.5 72.5 4.586 0.934 0.914
212.5 12.5 5.463 0.897 1.105
212.5 37.5 7.295 1.328 1.484
212.5 62.5 4.448 0.717 0.884
215.0 85.0 2.256 0.470 0.371
225.0 0.0 5.521 1.113 1.118
225.0 25.0 4.066 0.777 0.798
225.0 50.0 4.862 0.820 0.975
225.0 75.0 3.494 0.758 0.667
227.5 97.5 1.820 0.562 0.262
237.5 12.5 6.277 0.903 1.277
237.5 37.5 5.481 1.045 1.109
237.5 62.5 3.570 0.623 0.684
237.5 87.5 2.660 0.573 0.469
240.0 110.0 1.648 0.404 0.219
250.0 0.0 5.448 1.026 1.102
250.0 25.0 4.187 0.753 0.825
250.0 50.0 4.618 0.962 0.921
250.0 75.0 4.052 0.794 0.795
250.0 100.0 2.181 0.527 0.352
262.5 12.5 6.126 1.728 1.245
262.5 37.5 4.311 0.784 0.853
262.5 62.5 4.275 0.764 0.845
262.5 87.5 3.593 0.723 0.690
275.0 0.0 3.683 0.638 0.710
275.0 25.0 3.780 0.669 0.733
275.0 50.0 2.840 0.646 0.513
275.0 75.0 3.016 0.657 0.555
287.5 12.5 4.186 0.678 0.825
287.5 37.5 4.056 0.980 0.796
287.5 62.5 3.133 0.616 0.582
300.0 0.0 3.049 0.583 0.562
300.0 25.0 3.681 0.611 0.710
300.0 50.0 2.915 0.489 0.530
300.0 75.0 3.139 0.510 0.584
300.0 100.0 2.996 0.744 0.550
312.5 12.5 2.465 0.427 0.422
312.5 37.5 3.641 0.742 0.701
325.0 0.0 2.491 0.422 0.428
325.0 25.0 2.309 0.454 0.384
325.0 50.0 2.730 0.526 0.486
325.0 75.0 2.362 0.445 0.397
325.0 100.0 2.361 0.392 0.397
337.5 12.5 2.662 0.401 0.470
350.0 0.0 2.069 0.453 0.325
350.0 25.0 2.690 0.365 0.476
350.0 50.0 2.170 0.320 0.350
350.0 75.0 1.649 0.297 0.219
350.0 100.0 1.684 0.303 0.228
375.0 0.0 2.406 0.731 0.408
375.0 25.0 1.940 0.303 0.293
375.0 50.0 1.150 0.217 0.091
375.0 75.0 1.865 0.366 0.274
400.0 0.0 1.339 0.270 0.140
400.0 25.0 1.659 0.296 0.222
400.0 50.0 2.158 0.385 0.347
400.0 75.0 1.629 0.294 0.214
400.0 100.0 1.887 0.332 0.279
425.0 0.0 1.048 0.246 0.064
425.0 25.0 1.261 0.288 0.120
425.0 50.0 1.395 0.459 0.154
425.0 75.0 0.914 0.198 0.029
425.0 100.0 0.809 0.178 0.001
450.0 0.0 0.959 0.191 0.041
450.0 25.0 0.795 0.179 -0.003
450.0 50.0 1.040 0.224 0.062
450.0 75.0 0.940 0.228 0.036
450.0 100.0 1.109 0.214 0.080
475.0 0.0 0.686 0.137 -0.032
475.0 25.0 1.115 0.217 0.082
475.0 50.0 0.644 0.128 -0.043
475.0 75.0 0.835 0.173 0.008
475.0 100.0 0.870 0.157 0.017
500.0 0.0 0.710 0.144 -0.025
500.0 25.0 0.617 0.132 -0.050
500.0 50.0 1.139 0.254 0.088
500.0 75.0 0.639 0.139 -0.044
525.0 0.0 0.575 0.116 -0.062
525.0 25.0 0.486 0.096 -0.086
525.0 50.0 0.570 0.106 -0.063
550.0 0.0 0.458 0.083 -0.093
550.0 25.0 0.420 0.081 -0.104
575.0 25.0 0.581 0.111 -0.060
#average significance: 1.198
