mC1:mN1:nSig:nSigErr:Zn
#Tag: SR_SS_mumu_1_pre
#multitop: 0.032549 +/- 0.007302 (43)
#Vgamma: 0.405003 +/- 0.384676 (4)
#VVV: 10.306450 +/- 0.381503 (1788)
#ttV: 13.510175 +/- 0.340442 (6937)
#singletop: 14.572267 +/- 2.317355 (77)
#Wjets: 19.126249 +/- 169.929609 (620)
#Higgs: 48.025056 +/- 7.902671 (886)
#Zjets: 49.752780 +/- 20.120566 (282)
#ttbar: 100.907441 +/- 5.824079 (356)
#VV: 975.572968 +/- 7.533540 (183924)
#Total BG: 1232.210937 +/- 171.580346 (194917)

150.0 0.0 143.200 5.479 0.204
152.5 22.5 131.454 4.993 0.173
162.5 12.5 108.216 3.852 0.110
175.0 0.0 88.667 4.448 0.057
175.0 25.0 81.351 3.901 0.037
177.5 47.5 83.251 4.138 0.042
187.5 12.5 68.707 3.842 0.003
187.5 37.5 65.895 3.065 -0.005
190.0 60.0 64.631 3.241 -0.009
200.0 0.0 50.842 3.086 -0.047
200.0 25.0 55.562 3.556 -0.034
200.0 50.0 58.790 3.808 -0.025
202.5 72.5 54.350 2.970 -0.037
212.5 12.5 47.364 2.870 -0.056
212.5 37.5 44.421 2.660 -0.065
212.5 62.5 42.165 2.421 -0.071
215.0 85.0 39.427 2.419 -0.079
225.0 0.0 36.513 2.744 -0.087
225.0 25.0 36.633 2.748 -0.086
225.0 50.0 40.232 2.789 -0.076
225.0 75.0 35.962 2.870 -0.088
227.5 97.5 31.683 2.415 -0.100
237.5 12.5 31.258 2.762 -0.101
237.5 37.5 30.859 2.153 -0.103
237.5 62.5 30.027 2.050 -0.105
237.5 87.5 28.924 1.971 -0.108
240.0 110.0 32.944 2.368 -0.097
250.0 0.0 26.381 2.559 -0.115
250.0 25.0 25.758 2.803 -0.117
250.0 50.0 24.270 2.176 -0.121
250.0 75.0 25.394 2.443 -0.118
250.0 100.0 28.585 2.455 -0.109
262.5 12.5 18.458 1.660 -0.138
262.5 37.5 19.620 1.726 -0.134
262.5 62.5 20.504 1.767 -0.132
262.5 87.5 18.833 1.814 -0.136
275.0 0.0 18.295 1.794 -0.138
275.0 25.0 12.382 1.254 -0.155
275.0 50.0 17.697 1.533 -0.140
275.0 75.0 18.327 1.718 -0.138
287.5 12.5 15.920 1.620 -0.145
287.5 37.5 15.353 1.462 -0.146
287.5 62.5 18.040 1.809 -0.139
300.0 0.0 10.617 1.074 -0.160
300.0 25.0 13.937 1.286 -0.150
300.0 50.0 13.191 1.115 -0.152
300.0 75.0 15.967 1.645 -0.145
300.0 100.0 13.116 1.116 -0.153
312.5 12.5 10.170 1.015 -0.161
312.5 37.5 11.979 1.060 -0.156
325.0 0.0 9.714 0.948 -0.162
325.0 25.0 10.123 1.014 -0.161
325.0 50.0 10.992 0.982 -0.159
325.0 75.0 9.365 0.758 -0.163
325.0 100.0 9.068 0.929 -0.164
337.5 12.5 7.940 0.872 -0.167
350.0 0.0 7.057 0.725 -0.170
350.0 25.0 7.050 0.692 -0.170
350.0 50.0 6.955 0.687 -0.170
350.0 75.0 8.032 0.872 -0.167
350.0 100.0 7.613 0.675 -0.168
375.0 0.0 5.252 0.726 -0.175
375.0 25.0 5.350 0.549 -0.175
375.0 50.0 4.323 0.418 -0.178
375.0 75.0 5.607 0.601 -0.174
400.0 0.0 2.952 0.457 -0.182
400.0 25.0 3.911 0.490 -0.179
400.0 50.0 4.621 0.621 -0.177
400.0 75.0 6.450 0.718 -0.172
400.0 100.0 4.572 0.574 -0.177
425.0 0.0 3.598 0.581 -0.180
425.0 25.0 3.009 0.390 -0.181
425.0 50.0 3.579 0.445 -0.180
425.0 75.0 4.627 0.966 -0.177
425.0 100.0 3.781 0.625 -0.179
450.0 0.0 3.218 0.396 -0.181
450.0 25.0 2.196 0.284 -0.184
450.0 50.0 2.596 0.341 -0.183
450.0 75.0 3.033 0.417 -0.181
450.0 100.0 2.971 0.434 -0.181
475.0 0.0 2.193 0.283 -0.184
475.0 25.0 1.985 0.328 -0.184
475.0 50.0 2.125 0.275 -0.184
475.0 75.0 2.357 0.281 -0.183
475.0 100.0 2.292 0.312 -0.183
500.0 0.0 1.555 0.236 -0.185
500.0 25.0 1.740 0.218 -0.185
500.0 50.0 1.743 0.207 -0.185
500.0 75.0 1.796 0.244 -0.185
525.0 0.0 1.533 0.204 -0.186
525.0 25.0 1.389 0.169 -0.186
525.0 50.0 1.382 0.197 -0.186
550.0 0.0 1.044 0.147 -0.187
550.0 25.0 1.384 0.251 -0.186
575.0 25.0 0.573 0.088 -0.188
#average significance: 0.057
