mC1:mN1:nSig:nSigErr:Zn
#Tag: SR_SS_mumu_2_opt
#Zjets: 0.000000 +/- 0.000000 (0)
#Wjets: 0.000000 +/- 0.000000 (0)
#multitop: 0.000000 +/- 0.000000 (0)
#Vgamma: 0.000000 +/- 0.000000 (0)
#Higgs: 0.005329 +/- 0.003210 (3)
#ttV: 0.103421 +/- 0.024920 (46)
#singletop: 0.109258 +/- 0.109258 (1)
#VVV: 0.191622 +/- 0.066213 (22)
#ttbar: 0.268577 +/- 0.268577 (1)
#VV: 3.638855 +/- 0.435484 (702)
#Total BG: 4.317062 +/- 0.527952 (775)

150.0 0.0 3.470 0.693 1.063
152.5 22.5 4.161 0.822 1.286
162.5 12.5 4.184 0.729 1.293
175.0 0.0 6.010 1.427 1.842
175.0 25.0 3.702 0.826 1.139
177.5 47.5 2.407 0.643 0.702
187.5 12.5 3.603 0.609 1.107
187.5 37.5 3.699 0.734 1.138
190.0 60.0 2.285 0.553 0.659
200.0 0.0 3.025 0.615 0.915
200.0 25.0 4.139 0.793 1.279
200.0 50.0 2.082 0.495 0.586
202.5 72.5 1.817 0.556 0.489
212.5 12.5 3.446 0.692 1.056
212.5 37.5 2.499 0.498 0.734
212.5 62.5 1.775 0.436 0.474
215.0 85.0 1.903 0.465 0.521
225.0 0.0 3.217 0.945 0.980
225.0 25.0 3.655 0.718 1.124
225.0 50.0 2.437 0.574 0.712
225.0 75.0 1.244 0.429 0.274
227.5 97.5 1.659 0.659 0.431
237.5 12.5 4.285 0.805 1.325
237.5 37.5 3.406 0.734 1.042
237.5 62.5 3.164 0.610 0.962
237.5 87.5 1.035 0.366 0.193
240.0 110.0 1.845 0.690 0.500
250.0 0.0 5.302 1.329 1.635
250.0 25.0 2.774 1.010 0.830
250.0 50.0 3.616 0.822 1.111
250.0 75.0 1.851 0.579 0.502
250.0 100.0 1.336 0.427 0.309
262.5 12.5 2.176 0.578 0.620
262.5 37.5 2.893 0.702 0.870
262.5 62.5 1.456 0.428 0.355
262.5 87.5 2.118 0.617 0.599
275.0 0.0 2.066 0.534 0.580
275.0 25.0 1.970 0.483 0.546
275.0 50.0 2.408 0.517 0.702
275.0 75.0 1.462 0.384 0.357
287.5 12.5 1.700 0.439 0.446
287.5 37.5 2.733 0.614 0.816
287.5 62.5 2.692 0.529 0.801
300.0 0.0 1.580 0.370 0.401
300.0 25.0 3.140 0.665 0.954
300.0 50.0 2.130 0.408 0.603
300.0 75.0 2.693 0.820 0.802
300.0 100.0 1.924 0.451 0.529
312.5 12.5 1.388 0.303 0.329
312.5 37.5 1.726 0.395 0.456
325.0 0.0 1.621 0.535 0.417
325.0 25.0 1.754 0.584 0.466
325.0 50.0 2.033 0.532 0.568
325.0 75.0 1.185 0.255 0.251
325.0 100.0 1.693 0.402 0.444
337.5 12.5 1.412 0.298 0.338
350.0 0.0 1.483 0.450 0.365
350.0 25.0 1.302 0.315 0.296
350.0 50.0 1.314 0.295 0.301
350.0 75.0 0.860 0.217 0.124
350.0 100.0 0.797 0.179 0.099
375.0 0.0 1.238 0.427 0.272
375.0 25.0 1.019 0.273 0.187
375.0 50.0 0.711 0.179 0.064
375.0 75.0 0.877 0.203 0.131
400.0 0.0 0.367 0.139 -0.076
400.0 25.0 0.423 0.142 -0.053
400.0 50.0 0.840 0.205 0.116
400.0 75.0 1.215 0.294 0.263
400.0 100.0 0.893 0.303 0.137
425.0 0.0 0.498 0.190 -0.022
425.0 25.0 0.556 0.150 0.002
425.0 50.0 0.569 0.161 0.007
425.0 75.0 0.505 0.141 -0.019
425.0 100.0 0.792 0.211 0.097
450.0 0.0 0.661 0.155 0.044
450.0 25.0 0.655 0.151 0.042
450.0 50.0 0.440 0.130 -0.046
450.0 75.0 0.636 0.154 0.034
450.0 100.0 0.420 0.136 -0.054
475.0 0.0 0.368 0.109 -0.076
475.0 25.0 0.493 0.145 -0.024
475.0 50.0 0.375 0.113 -0.073
475.0 75.0 0.542 0.129 -0.004
475.0 100.0 0.443 0.170 -0.045
500.0 0.0 0.396 0.109 -0.064
500.0 25.0 0.515 0.113 -0.015
500.0 50.0 0.321 0.086 -0.095
500.0 75.0 0.468 0.110 -0.034
525.0 0.0 0.312 0.080 -0.099
525.0 25.0 0.279 0.073 -0.113
525.0 50.0 0.469 0.109 -0.034
550.0 0.0 0.318 0.072 -0.096
550.0 25.0 0.422 0.154 -0.053
575.0 25.0 0.099 0.036 -0.189
#average significance: 1.114
