mC1:mN1:nSig:nSigErr:Zn
#Tag: SR_SS_ee_1_opt
#Zjets: -0.189831 +/- 0.216714 (2)
#multitop: 0.000000 +/- 0.000000 (0)
#Higgs: 0.001582 +/- 0.002644 (3)
#ttV: 0.051286 +/- 0.018906 (15)
#VVV: 0.166192 +/- 0.045264 (20)
#Wjets: 0.200959 +/- 1.050905 (8)
#ttbar: 0.203811 +/- 0.203811 (1)
#singletop: 0.204645 +/- 0.204645 (1)
#Vgamma: 1.143647 +/- 0.899092 (8)
#VV: 2.281356 +/- 0.500096 (430)
#Total BG: 4.253477 +/- 1.515144 (488)

150.0 0.0 4.184 0.871 0.987
152.5 22.5 2.381 0.561 0.483
162.5 12.5 3.084 0.641 0.687
175.0 0.0 2.196 0.627 0.427
175.0 25.0 2.450 0.593 0.503
177.5 47.5 2.007 0.523 0.369
187.5 12.5 1.810 0.502 0.308
187.5 37.5 1.803 0.447 0.306
190.0 60.0 1.505 0.469 0.211
200.0 0.0 1.955 0.533 0.353
200.0 25.0 1.510 0.422 0.213
200.0 50.0 2.175 0.589 0.421
202.5 72.5 0.303 0.175 -0.200
212.5 12.5 1.346 0.377 0.159
212.5 37.5 2.033 0.510 0.377
212.5 62.5 1.189 0.390 0.108
215.0 85.0 1.063 0.328 0.066
225.0 0.0 2.036 0.565 0.378
225.0 25.0 1.345 0.436 0.159
225.0 50.0 1.562 0.452 0.229
225.0 75.0 1.875 0.506 0.328
227.5 97.5 0.713 0.294 -0.054
237.5 12.5 1.427 0.443 0.186
237.5 37.5 0.925 0.330 0.019
237.5 62.5 1.348 0.425 0.160
237.5 87.5 0.730 0.285 -0.048
240.0 110.0 0.424 0.214 -0.156
250.0 0.0 2.316 0.746 0.463
250.0 25.0 1.149 0.455 0.095
250.0 50.0 2.228 0.776 0.437
250.0 75.0 0.316 0.228 -0.195
250.0 100.0 0.912 0.389 0.015
262.5 12.5 0.683 0.318 -0.064
262.5 37.5 1.214 0.409 0.116
262.5 62.5 1.289 0.453 0.141
262.5 87.5 0.646 0.264 -0.077
275.0 0.0 1.790 0.529 0.302
275.0 25.0 0.794 0.283 -0.026
275.0 50.0 0.656 0.282 -0.074
275.0 75.0 1.432 0.538 0.188
287.5 12.5 0.492 0.201 -0.131
287.5 37.5 1.595 0.822 0.240
287.5 62.5 0.934 0.567 0.022
300.0 0.0 0.801 0.281 -0.023
300.0 25.0 0.597 0.229 -0.095
300.0 50.0 1.320 0.349 0.151
300.0 75.0 1.332 0.410 0.155
300.0 100.0 0.715 0.244 -0.053
312.5 12.5 0.662 0.207 -0.071
312.5 37.5 1.020 0.337 0.051
325.0 0.0 0.655 0.200 -0.074
325.0 25.0 0.657 0.199 -0.073
325.0 50.0 0.791 0.223 -0.027
325.0 75.0 0.421 0.149 -0.157
325.0 100.0 0.446 0.158 -0.148
337.5 12.5 1.215 0.532 0.116
350.0 0.0 0.467 0.172 -0.140
350.0 25.0 0.844 0.346 -0.009
350.0 50.0 0.658 0.274 -0.073
350.0 75.0 0.528 0.174 -0.119
350.0 100.0 0.897 0.345 0.010
375.0 0.0 0.206 0.120 -0.235
375.0 25.0 0.241 0.088 -0.222
375.0 50.0 0.458 0.128 -0.144
375.0 75.0 0.360 0.110 -0.179
400.0 0.0 0.420 0.179 -0.157
400.0 25.0 0.353 0.134 -0.181
400.0 50.0 0.535 0.209 -0.116
400.0 75.0 0.503 0.203 -0.128
400.0 100.0 0.199 0.099 -0.238
425.0 0.0 0.417 0.172 -0.159
425.0 25.0 0.430 0.207 -0.154
425.0 50.0 0.431 0.150 -0.153
425.0 75.0 0.260 0.124 -0.215
425.0 100.0 0.086 0.061 -0.279
450.0 0.0 0.030 0.030 -0.300
450.0 25.0 0.175 0.078 -0.246
450.0 50.0 0.139 0.108 -0.260
450.0 75.0 0.152 0.068 -0.255
450.0 100.0 0.667 0.448 -0.070
475.0 0.0 0.164 0.077 -0.250
475.0 25.0 0.159 0.065 -0.252
475.0 50.0 0.190 0.101 -0.241
475.0 75.0 0.216 0.077 -0.231
475.0 100.0 0.315 0.091 -0.195
500.0 0.0 0.087 0.043 -0.279
500.0 25.0 0.220 0.088 -0.230
500.0 50.0 0.118 0.053 -0.268
500.0 75.0 0.058 0.034 -0.290
525.0 0.0 0.071 0.045 -0.285
525.0 25.0 0.176 0.064 -0.246
525.0 50.0 0.209 0.064 -0.234
550.0 0.0 0.161 0.049 -0.252
550.0 25.0 0.079 0.036 -0.282
575.0 25.0 0.024 0.017 -0.303
