mC1:mN1:nSig:nSigErr:Zn
#Tag: SR_SS_ee_2_opt
#multitop: 0.000000 +/- 0.000000 (0)
#Higgs: 0.030064 +/- 0.016125 (15)
#Wjets: 0.067484 +/- 0.067484 (1)
#singletop: 0.135149 +/- 0.135149 (1)
#VVV: 0.176774 +/- 0.047877 (23)
#ttV: 0.198671 +/- 0.040446 (66)
#Zjets: 0.252490 +/- 0.236230 (2)
#ttbar: 0.356850 +/- 0.356850 (1)
#Vgamma: 0.667383 +/- 0.329260 (6)
#VV: 2.264144 +/- 0.360171 (511)
#Total BG: 4.149010 +/- 0.669544 (626)

150.0 0.0 2.556 0.604 0.747
152.5 22.5 2.813 0.704 0.835
162.5 12.5 2.949 0.630 0.882
175.0 0.0 1.805 0.490 0.478
175.0 25.0 0.896 0.342 0.130
177.5 47.5 1.742 0.451 0.455
187.5 12.5 1.195 0.430 0.248
187.5 37.5 1.452 0.400 0.346
190.0 60.0 1.073 0.353 0.200
200.0 0.0 3.122 0.925 0.940
200.0 25.0 3.096 0.772 0.931
200.0 50.0 1.944 0.520 0.529
202.5 72.5 0.865 0.311 0.118
212.5 12.5 2.586 0.673 0.757
212.5 37.5 1.717 0.493 0.445
212.5 62.5 1.173 0.350 0.239
215.0 85.0 0.654 0.233 0.033
225.0 0.0 1.630 0.510 0.413
225.0 25.0 2.097 0.699 0.584
225.0 50.0 1.240 0.424 0.265
225.0 75.0 0.597 0.267 0.009
227.5 97.5 0.750 0.354 0.072
237.5 12.5 1.548 0.429 0.382
237.5 37.5 1.393 0.459 0.324
237.5 62.5 1.641 0.511 0.417
237.5 87.5 1.048 0.337 0.190
240.0 110.0 0.183 0.129 -0.164
250.0 0.0 0.954 0.363 0.153
250.0 25.0 1.721 0.504 0.447
250.0 50.0 0.902 0.392 0.132
250.0 75.0 1.270 0.572 0.277
250.0 100.0 0.625 0.322 0.021
262.5 12.5 1.009 0.361 0.175
262.5 37.5 1.947 0.673 0.530
262.5 62.5 0.695 0.286 0.049
262.5 87.5 1.555 0.489 0.385
275.0 0.0 0.894 0.326 0.129
275.0 25.0 1.084 0.373 0.204
275.0 50.0 1.716 0.511 0.445
275.0 75.0 0.935 0.298 0.146
287.5 12.5 0.937 0.285 0.146
287.5 37.5 0.856 0.317 0.114
287.5 62.5 1.553 0.782 0.384
300.0 0.0 0.746 0.253 0.070
300.0 25.0 1.081 0.293 0.203
300.0 50.0 1.171 0.451 0.238
300.0 75.0 0.852 0.266 0.113
300.0 100.0 1.111 0.325 0.215
312.5 12.5 1.722 0.470 0.447
312.5 37.5 1.225 0.412 0.259
325.0 0.0 0.980 0.276 0.163
325.0 25.0 0.865 0.271 0.118
325.0 50.0 0.698 0.195 0.051
325.0 75.0 0.916 0.242 0.138
325.0 100.0 0.938 0.252 0.147
337.5 12.5 0.588 0.173 0.006
350.0 0.0 0.642 0.177 0.028
350.0 25.0 0.759 0.181 0.075
350.0 50.0 0.371 0.124 -0.084
350.0 75.0 0.573 0.177 -0.000
350.0 100.0 0.344 0.123 -0.096
375.0 0.0 0.464 0.178 -0.045
375.0 25.0 0.498 0.137 -0.031
375.0 50.0 0.603 0.307 0.012
375.0 75.0 0.424 0.132 -0.062
400.0 0.0 0.865 0.269 0.118
400.0 25.0 0.525 0.168 -0.020
400.0 50.0 0.943 0.515 0.149
400.0 75.0 0.368 0.140 -0.085
400.0 100.0 0.355 0.185 -0.091
425.0 0.0 0.289 0.129 -0.118
425.0 25.0 0.373 0.172 -0.083
425.0 50.0 0.352 0.162 -0.092
425.0 75.0 0.272 0.116 -0.126
425.0 100.0 0.257 0.097 -0.132
450.0 0.0 0.317 0.135 -0.107
450.0 25.0 0.364 0.117 -0.087
450.0 50.0 0.279 0.099 -0.123
450.0 75.0 0.251 0.090 -0.135
450.0 100.0 0.371 0.115 -0.084
475.0 0.0 0.316 0.098 -0.107
475.0 25.0 0.230 0.084 -0.144
475.0 50.0 0.100 0.050 -0.199
475.0 75.0 0.231 0.078 -0.143
475.0 100.0 0.096 0.048 -0.201
500.0 0.0 0.078 0.048 -0.209
500.0 25.0 0.194 0.071 -0.159
500.0 50.0 0.288 0.086 -0.119
500.0 75.0 0.394 0.109 -0.074
525.0 0.0 0.087 0.039 -0.205
525.0 25.0 0.157 0.062 -0.175
525.0 50.0 0.123 0.047 -0.189
550.0 0.0 0.173 0.057 -0.168
550.0 25.0 0.165 0.061 -0.171
575.0 25.0 0.065 0.029 -0.214
