mC1:mN1:nSig:nSigErr:Zn
#Tag: SR_SS_emu_1_opt
#Zjets: 0.000000 +/- 0.000000 (0)
#multitop: 0.000000 +/- 0.000000 (0)
#ttV: 0.003323 +/- 0.014319 (14)
#singletop: 0.129181 +/- 0.129181 (1)
#Wjets: 0.132382 +/- 0.088657 (3)
#VVV: 0.238850 +/- 0.051946 (31)
#Vgamma: 0.384447 +/- 0.202975 (5)
#ttbar: 0.427347 +/- 0.427347 (1)
#Higgs: 0.691988 +/- 0.688233 (5)
#VV: 3.369948 +/- 0.459450 (577)
#Total BG: 5.377466 +/- 0.967489 (637)

150.0 0.0 4.511 0.823 1.158
152.5 22.5 5.718 0.924 1.473
162.5 12.5 4.989 0.819 1.285
175.0 0.0 4.039 0.795 1.029
175.0 25.0 4.155 0.861 1.061
177.5 47.5 2.292 0.547 0.523
187.5 12.5 2.873 0.575 0.697
187.5 37.5 2.017 0.447 0.438
190.0 60.0 2.072 0.459 0.455
200.0 0.0 3.651 0.678 0.921
200.0 25.0 3.833 0.807 0.972
200.0 50.0 1.665 0.456 0.328
202.5 72.5 2.189 0.513 0.491
212.5 12.5 2.958 0.673 0.722
212.5 37.5 2.327 0.564 0.533
212.5 62.5 2.090 0.495 0.461
215.0 85.0 1.501 0.359 0.275
225.0 0.0 1.987 0.579 0.429
225.0 25.0 2.192 0.558 0.492
225.0 50.0 3.618 1.260 0.911
225.0 75.0 2.179 0.812 0.488
227.5 97.5 1.260 0.387 0.197
237.5 12.5 2.476 0.568 0.579
237.5 37.5 2.671 0.776 0.637
237.5 62.5 1.843 0.483 0.384
237.5 87.5 1.281 0.435 0.204
240.0 110.0 1.259 0.412 0.197
250.0 0.0 1.744 0.637 0.353
250.0 25.0 2.139 0.544 0.476
250.0 50.0 1.882 0.681 0.396
250.0 75.0 1.994 0.560 0.431
250.0 100.0 0.953 0.627 0.096
262.5 12.5 1.567 0.496 0.296
262.5 37.5 1.400 0.444 0.243
262.5 62.5 1.622 0.424 0.314
262.5 87.5 0.965 0.354 0.100
275.0 0.0 0.993 0.317 0.109
275.0 25.0 2.048 0.492 0.448
275.0 50.0 1.516 0.532 0.280
275.0 75.0 1.592 0.431 0.305
287.5 12.5 1.092 0.330 0.142
287.5 37.5 1.500 0.759 0.275
287.5 62.5 1.312 0.415 0.214
300.0 0.0 1.255 0.389 0.195
300.0 25.0 1.353 0.368 0.227
300.0 50.0 1.518 0.374 0.281
300.0 75.0 1.297 0.324 0.209
300.0 100.0 0.945 0.298 0.093
312.5 12.5 0.796 0.239 0.043
312.5 37.5 0.662 0.203 -0.003
325.0 0.0 1.090 0.270 0.141
325.0 25.0 0.810 0.226 0.047
325.0 50.0 0.669 0.228 -0.001
325.0 75.0 0.815 0.222 0.049
325.0 100.0 0.642 0.215 -0.010
337.5 12.5 0.918 0.215 0.084
350.0 0.0 0.770 0.220 0.034
350.0 25.0 0.846 0.197 0.060
350.0 50.0 0.968 0.227 0.101
350.0 75.0 0.939 0.220 0.091
350.0 100.0 0.573 0.149 -0.033
375.0 0.0 0.511 0.177 -0.055
375.0 25.0 0.752 0.214 0.028
375.0 50.0 0.338 0.110 -0.115
375.0 75.0 0.693 0.163 0.008
400.0 0.0 0.279 0.125 -0.136
400.0 25.0 0.650 0.192 -0.007
400.0 50.0 0.588 0.216 -0.028
400.0 75.0 0.565 0.174 -0.036
400.0 100.0 0.708 0.218 0.013
425.0 0.0 0.074 0.053 -0.209
425.0 25.0 0.395 0.125 -0.095
425.0 50.0 0.389 0.193 -0.097
425.0 75.0 0.355 0.125 -0.109
425.0 100.0 0.279 0.106 -0.136
450.0 0.0 0.325 0.115 -0.120
450.0 25.0 0.276 0.109 -0.137
450.0 50.0 0.289 0.119 -0.132
450.0 75.0 0.108 0.055 -0.197
450.0 100.0 0.257 0.093 -0.144
475.0 0.0 0.143 0.067 -0.184
475.0 25.0 0.598 0.176 -0.025
475.0 50.0 0.129 0.058 -0.189
475.0 75.0 0.097 0.049 -0.201
475.0 100.0 0.192 0.074 -0.167
500.0 0.0 0.181 0.067 -0.171
500.0 25.0 0.267 0.098 -0.140
500.0 50.0 0.524 0.225 -0.051
500.0 75.0 0.139 0.065 -0.186
525.0 0.0 0.200 0.061 -0.164
525.0 25.0 0.178 0.057 -0.172
525.0 50.0 0.120 0.046 -0.192
550.0 0.0 0.189 0.057 -0.168
550.0 25.0 0.149 0.050 -0.182
575.0 25.0 0.206 0.081 -0.162
