393822 MGPy8EG_A14N23LO_C1N2_Wh_hall_162p5_12p5_2L7 162.5 12.5 3.7867 1.0816E-01 59385
393831 MGPy8EG_A14N23LO_C1N2_Wh_hall_200p0_50p0_2L7 200.0 50.0 1.7217 1.1253E-01 24293
393832 MGPy8EG_A14N23LO_C1N2_Wh_hall_202p5_72p5_2L7 202.5 72.5 1.6413 1.1031E-01 24390
393833 MGPy8EG_A14N23LO_C1N2_Wh_hall_212p5_12p5_2L7 212.5 12.5 1.3632 1.1842E-01 24408
393839 MGPy8EG_A14N23LO_C1N2_Wh_hall_225p0_50p0_2L7 225.0 50.0 1.093 1.1794E-01 14700
393842 MGPy8EG_A14N23LO_C1N2_Wh_hall_237p5_12p5_2L7 237.5 12.5 0.8849 1.2238E-01 14964
393844 MGPy8EG_A14N23LO_C1N2_Wh_hall_237p5_62p5_2L7 237.5 62.5 0.88533 1.1997E-01 14841
393845 MGPy8EG_A14N23LO_C1N2_Wh_hall_237p5_87p5_2L7 237.5 87.5 0.88487 1.1401E-01 14754
393846 MGPy8EG_A14N23LO_C1N2_Wh_hall_240p0_110p0_2L7 240.0 110.0 0.85007 1.1273E-01 14686
393847 MGPy8EG_A14N23LO_C1N2_Wh_hall_250p0_0p0_2L7 250.0 0.0 0.7237 1.2732E-01 10018
393848 MGPy8EG_A14N23LO_C1N2_Wh_hall_250p0_25p0_2L7 250.0 25.0 0.72368 1.2395E-01 9916
393853 MGPy8EG_A14N23LO_C1N2_Wh_hall_262p5_37p5_2L7 262.5 37.5 0.59688 1.2603E-01 10124
393854 MGPy8EG_A14N23LO_C1N2_Wh_hall_262p5_62p5_2L7 262.5 62.5 0.5971 1.2457E-01 9973
393855 MGPy8EG_A14N23LO_C1N2_Wh_hall_262p5_87p5_2L7 262.5 87.5 0.59668 1.2131E-01 9991
393861 MGPy8EG_A14N23LO_C1N2_Wh_hall_287p5_37p5_2L7 287.5 37.5 0.41453 1.2975E-01 10049
393862 MGPy8EG_A14N23LO_C1N2_Wh_hall_287p5_62p5_2L7 287.5 62.5 0.41433 1.2952E-01 10109
393864 MGPy8EG_A14N23LO_C1N2_Wh_hall_300p0_25p0_2L7 300.0 25.0 0.34888 1.3473E-01 10043
393866 MGPy8EG_A14N23LO_C1N2_Wh_hall_300p0_75p0_2L7 300.0 75.0 0.34878 1.2999E-01 10129
393868 MGPy8EG_A14N23LO_C1N2_Wh_hall_312p5_12p5_2L7 312.5 12.5 0.29563 1.3550E-01 10111
393869 MGPy8EG_A14N23LO_C1N2_Wh_hall_312p5_37p5_2L7 312.5 37.5 0.29565 1.3478E-01 10117
393870 MGPy8EG_A14N23LO_C1N2_Wh_hall_325p0_0p0_2L7 325.0 0.0 0.25148 1.3702E-01 10225
393872 MGPy8EG_A14N23LO_C1N2_Wh_hall_325p0_50p0_2L7 325.0 50.0 0.2514 1.3644E-01 10050
393873 MGPy8EG_A14N23LO_C1N2_Wh_hall_325p0_75p0_2L7 325.0 75.0 0.2516 1.3477E-01 10250
393877 MGPy8EG_A14N23LO_C1N2_Wh_hall_350p0_25p0_2L7 350.0 25.0 0.18493 1.4240E-01 10122
393878 MGPy8EG_A14N23LO_C1N2_Wh_hall_350p0_50p0_2L7 350.0 50.0 0.18493 1.4057E-01 10145
393880 MGPy8EG_A14N23LO_C1N2_Wh_hall_350p0_100p0_2L7 350.0 100.0 0.18475 1.3746E-01 10262
393883 MGPy8EG_A14N23LO_C1N2_Wh_hall_375p0_50p0_2L7 375.0 50.0 0.1382 1.4322E-01 10159
393887 MGPy8EG_A14N23LO_C1N2_Wh_hall_400p0_50p0_2L7 400.0 50.0 0.10475 1.4735E-01 5138
393888 MGPy8EG_A14N23LO_C1N2_Wh_hall_400p0_75p0_2L7 400.0 75.0 0.1047 1.4707E-01 5090
393893 MGPy8EG_A14N23LO_C1N2_Wh_hall_425p0_75p0_2L7 425.0 75.0 0.08053 1.5161E-01 5150
393894 MGPy8EG_A14N23LO_C1N2_Wh_hall_425p0_100p0_2L7 425.0 100.0 0.0806 1.4988E-01 5060
393895 MGPy8EG_A14N23LO_C1N2_Wh_hall_450p0_0p0_2L7 450.0 0.0 0.06265 1.5549E-01 5038
393898 MGPy8EG_A14N23LO_C1N2_Wh_hall_450p0_75p0_2L7 450.0 75.0 0.062645 1.5568E-01 5199
393900 MGPy8EG_A14N23LO_C1N2_Wh_hall_475p0_0p0_2L7 475.0 0.0 0.04915 1.6055E-01 5072
393901 MGPy8EG_A14N23LO_C1N2_Wh_hall_475p0_25p0_2L7 475.0 25.0 0.049155 1.6178E-01 5038
393902 MGPy8EG_A14N23LO_C1N2_Wh_hall_475p0_50p0_2L7 475.0 50.0 0.04919 1.6086E-01 5155
393903 MGPy8EG_A14N23LO_C1N2_Wh_hall_475p0_75p0_2L7 475.0 75.0 0.049145 1.5701E-01 4980
393904 MGPy8EG_A14N23LO_C1N2_Wh_hall_475p0_100p0_2L7 475.0 100.0 0.049185 1.6078E-01 5024
393907 MGPy8EG_A14N23LO_C1N2_Wh_hall_500p0_50p0_2L7 500.0 50.0 0.038905 1.6591E-01 5099
393908 MGPy8EG_A14N23LO_C1N2_Wh_hall_500p0_75p0_2L7 500.0 75.0 0.0389 1.6130E-01 4986
393911 MGPy8EG_A14N23LO_C1N2_Wh_hall_525p0_50p0_2L7 525.0 50.0 0.031065 1.6592E-01 4933
393912 MGPy8EG_A14N23LO_C1N2_Wh_hall_550p0_0p0_2L7 550.0 0.0 0.025025 1.7007E-01 5100
393913 MGPy8EG_A14N23LO_C1N2_Wh_hall_550p0_25p0_2L7 550.0 25.0 0.02503 1.6650E-01 5084
