393820 MGPy8EG_A14N23LO_C1N2_Wh_hall_150p0_0p0_2L7 150.0 0.0 5.1196 1.0619E-01
393821 MGPy8EG_A14N23LO_C1N2_Wh_hall_152p5_22p5_2L7 152.5 22.5 4.8108 1.0559E-01
393822 MGPy8EG_A14N23LO_C1N2_Wh_hall_162p5_12p5_2L7 162.5 12.5 3.7867 1.0816E-01
393823 MGPy8EG_A14N23LO_C1N2_Wh_hall_175p0_0p0_2L7 175.0 0.0 2.8633 1.1018E-01
393824 MGPy8EG_A14N23LO_C1N2_Wh_hall_175p0_25p0_2L7 175.0 25.0 2.8639 1.0959E-01
393825 MGPy8EG_A14N23LO_C1N2_Wh_hall_177p5_47p5_2L7 177.5 47.5 2.713 1.0879E-01
393826 MGPy8EG_A14N23LO_C1N2_Wh_hall_187p5_12p5_2L7 187.5 12.5 2.2033 1.1370E-01
393827 MGPy8EG_A14N23LO_C1N2_Wh_hall_187p5_37p5_2L7 187.5 37.5 2.203 1.1098E-01
393828 MGPy8EG_A14N23LO_C1N2_Wh_hall_190p0_60p0_2L7 190.0 60.0 2.0954 1.0982E-01
393829 MGPy8EG_A14N23LO_C1N2_Wh_hall_200p0_0p0_2L7 200.0 0.0 1.721 1.1534E-01
393830 MGPy8EG_A14N23LO_C1N2_Wh_hall_200p0_25p0_2L7 200.0 25.0 1.722 1.1434E-01
393831 MGPy8EG_A14N23LO_C1N2_Wh_hall_200p0_50p0_2L7 200.0 50.0 1.7217 1.1253E-01
393832 MGPy8EG_A14N23LO_C1N2_Wh_hall_202p5_72p5_2L7 202.5 72.5 1.6413 1.1031E-01
393833 MGPy8EG_A14N23LO_C1N2_Wh_hall_212p5_12p5_2L7 212.5 12.5 1.3632 1.1842E-01
393834 MGPy8EG_A14N23LO_C1N2_Wh_hall_212p5_37p5_2L7 212.5 37.5 1.3635 1.1662E-01
393835 MGPy8EG_A14N23LO_C1N2_Wh_hall_212p5_62p5_2L7 212.5 62.5 1.3642 1.1380E-01
393836 MGPy8EG_A14N23LO_C1N2_Wh_hall_215p0_85p0_2L7 215.0 85.0 1.3032 1.1159E-01
393837 MGPy8EG_A14N23LO_C1N2_Wh_hall_225p0_0p0_2L7 225.0 0.0 1.0933 1.2090E-01
393838 MGPy8EG_A14N23LO_C1N2_Wh_hall_225p0_25p0_2L7 225.0 25.0 1.0933 1.1996E-01
393839 MGPy8EG_A14N23LO_C1N2_Wh_hall_225p0_50p0_2L7 225.0 50.0 1.093 1.1794E-01
393840 MGPy8EG_A14N23LO_C1N2_Wh_hall_225p0_75p0_2L7 225.0 75.0 1.0933 1.1487E-01
393841 MGPy8EG_A14N23LO_C1N2_Wh_hall_227p5_97p5_2L7 227.5 97.5 1.0465 1.1211E-01
393842 MGPy8EG_A14N23LO_C1N2_Wh_hall_237p5_12p5_2L7 237.5 12.5 0.8849 1.2238E-01
393843 MGPy8EG_A14N23LO_C1N2_Wh_hall_237p5_37p5_2L7 237.5 37.5 0.8842 1.2171E-01
393844 MGPy8EG_A14N23LO_C1N2_Wh_hall_237p5_62p5_2L7 237.5 62.5 0.88533 1.1997E-01
393845 MGPy8EG_A14N23LO_C1N2_Wh_hall_237p5_87p5_2L7 237.5 87.5 0.88487 1.1401E-01
393846 MGPy8EG_A14N23LO_C1N2_Wh_hall_240p0_110p0_2L7 240.0 110.0 0.85007 1.1273E-01
393847 MGPy8EG_A14N23LO_C1N2_Wh_hall_250p0_0p0_2L7 250.0 0.0 0.7237 1.2732E-01
393848 MGPy8EG_A14N23LO_C1N2_Wh_hall_250p0_25p0_2L7 250.0 25.0 0.72368 1.2395E-01
393849 MGPy8EG_A14N23LO_C1N2_Wh_hall_250p0_50p0_2L7 250.0 50.0 0.72395 1.2211E-01
393850 MGPy8EG_A14N23LO_C1N2_Wh_hall_250p0_75p0_2L7 250.0 75.0 0.7232 1.2087E-01
393851 MGPy8EG_A14N23LO_C1N2_Wh_hall_250p0_100p0_2L7 250.0 100.0 0.72373 1.1736E-01
393852 MGPy8EG_A14N23LO_C1N2_Wh_hall_262p5_12p5_2L7 262.5 12.5 0.59675 1.2647E-01
393853 MGPy8EG_A14N23LO_C1N2_Wh_hall_262p5_37p5_2L7 262.5 37.5 0.59688 1.2603E-01
393854 MGPy8EG_A14N23LO_C1N2_Wh_hall_262p5_62p5_2L7 262.5 62.5 0.5971 1.2457E-01
393855 MGPy8EG_A14N23LO_C1N2_Wh_hall_262p5_87p5_2L7 262.5 87.5 0.59668 1.2131E-01
393856 MGPy8EG_A14N23LO_C1N2_Wh_hall_275p0_0p0_2L7 275.0 0.0 0.49573 1.2896E-01
393857 MGPy8EG_A14N23LO_C1N2_Wh_hall_275p0_25p0_2L7 275.0 25.0 0.4957 1.2850E-01
393858 MGPy8EG_A14N23LO_C1N2_Wh_hall_275p0_50p0_2L7 275.0 50.0 0.49583 1.2794E-01
393859 MGPy8EG_A14N23LO_C1N2_Wh_hall_275p0_75p0_2L7 275.0 75.0 0.4956 1.2526E-01
393860 MGPy8EG_A14N23LO_C1N2_Wh_hall_287p5_12p5_2L7 287.5 12.5 0.41453 1.3264E-01
393861 MGPy8EG_A14N23LO_C1N2_Wh_hall_287p5_37p5_2L7 287.5 37.5 0.41453 1.2975E-01
393862 MGPy8EG_A14N23LO_C1N2_Wh_hall_287p5_62p5_2L7 287.5 62.5 0.41433 1.2952E-01
393863 MGPy8EG_A14N23LO_C1N2_Wh_hall_300p0_0p0_2L7 300.0 0.0 0.3487 1.3283E-01
393864 MGPy8EG_A14N23LO_C1N2_Wh_hall_300p0_25p0_2L7 300.0 25.0 0.34888 1.3473E-01
393865 MGPy8EG_A14N23LO_C1N2_Wh_hall_300p0_50p0_2L7 300.0 50.0 0.349 1.3213E-01
393866 MGPy8EG_A14N23LO_C1N2_Wh_hall_300p0_75p0_2L7 300.0 75.0 0.34878 1.2999E-01
393867 MGPy8EG_A14N23LO_C1N2_Wh_hall_300p0_100p0_2L7 300.0 100.0 0.3489 1.2741E-01
393868 MGPy8EG_A14N23LO_C1N2_Wh_hall_312p5_12p5_2L7 312.5 12.5 0.29563 1.3550E-01
393869 MGPy8EG_A14N23LO_C1N2_Wh_hall_312p5_37p5_2L7 312.5 37.5 0.29565 1.3478E-01
393870 MGPy8EG_A14N23LO_C1N2_Wh_hall_325p0_0p0_2L7 325.0 0.0 0.25148 1.3702E-01
393871 MGPy8EG_A14N23LO_C1N2_Wh_hall_325p0_25p0_2L7 325.0 25.0 0.2516 1.3792E-01
393872 MGPy8EG_A14N23LO_C1N2_Wh_hall_325p0_50p0_2L7 325.0 50.0 0.2514 1.3644E-01
393873 MGPy8EG_A14N23LO_C1N2_Wh_hall_325p0_75p0_2L7 325.0 75.0 0.2516 1.3477E-01
393874 MGPy8EG_A14N23LO_C1N2_Wh_hall_325p0_100p0_2L7 325.0 100.0 0.25155 1.3162E-01
393875 MGPy8EG_A14N23LO_C1N2_Wh_hall_337p5_12p5_2L7 337.5 12.5 0.21505 1.4099E-01
393876 MGPy8EG_A14N23LO_C1N2_Wh_hall_350p0_0p0_2L7 350.0 0.0 0.18483 1.4094E-01
393877 MGPy8EG_A14N23LO_C1N2_Wh_hall_350p0_25p0_2L7 350.0 25.0 0.18493 1.4240E-01
393878 MGPy8EG_A14N23LO_C1N2_Wh_hall_350p0_50p0_2L7 350.0 50.0 0.18493 1.4057E-01
393879 MGPy8EG_A14N23LO_C1N2_Wh_hall_350p0_75p0_2L7 350.0 75.0 0.1848 1.4114E-01
393880 MGPy8EG_A14N23LO_C1N2_Wh_hall_350p0_100p0_2L7 350.0 100.0 0.18475 1.3746E-01
393881 MGPy8EG_A14N23LO_C1N2_Wh_hall_375p0_0p0_2L7 375.0 0.0 0.13805 1.4497E-01
393882 MGPy8EG_A14N23LO_C1N2_Wh_hall_375p0_25p0_2L7 375.0 25.0 0.13823 1.4609E-01
393883 MGPy8EG_A14N23LO_C1N2_Wh_hall_375p0_50p0_2L7 375.0 50.0 0.1382 1.4322E-01
393884 MGPy8EG_A14N23LO_C1N2_Wh_hall_375p0_75p0_2L7 375.0 75.0 0.1382 1.4262E-01
393885 MGPy8EG_A14N23LO_C1N2_Wh_hall_400p0_0p0_2L7 400.0 0.0 0.10485 1.5012E-01
393886 MGPy8EG_A14N23LO_C1N2_Wh_hall_400p0_25p0_2L7 400.0 25.0 0.1048 1.4731E-01
393887 MGPy8EG_A14N23LO_C1N2_Wh_hall_400p0_50p0_2L7 400.0 50.0 0.10475 1.4735E-01
393888 MGPy8EG_A14N23LO_C1N2_Wh_hall_400p0_75p0_2L7 400.0 75.0 0.1047 1.4707E-01
393889 MGPy8EG_A14N23LO_C1N2_Wh_hall_400p0_100p0_2L7 400.0 100.0 0.1047 1.4600E-01
393890 MGPy8EG_A14N23LO_C1N2_Wh_hall_425p0_0p0_2L7 425.0 0.0 0.080655 1.5456E-01
393891 MGPy8EG_A14N23LO_C1N2_Wh_hall_425p0_25p0_2L7 425.0 25.0 0.080595 1.5310E-01
393892 MGPy8EG_A14N23LO_C1N2_Wh_hall_425p0_50p0_2L7 425.0 50.0 0.080475 1.5361E-01
393893 MGPy8EG_A14N23LO_C1N2_Wh_hall_425p0_75p0_2L7 425.0 75.0 0.08053 1.5161E-01
393894 MGPy8EG_A14N23LO_C1N2_Wh_hall_425p0_100p0_2L7 425.0 100.0 0.0806 1.4988E-01
393895 MGPy8EG_A14N23LO_C1N2_Wh_hall_450p0_0p0_2L7 450.0 0.0 0.06265 1.5549E-01
393896 MGPy8EG_A14N23LO_C1N2_Wh_hall_450p0_25p0_2L7 450.0 25.0 0.06268 1.5494E-01
393897 MGPy8EG_A14N23LO_C1N2_Wh_hall_450p0_50p0_2L7 450.0 50.0 0.062605 1.5682E-01
393898 MGPy8EG_A14N23LO_C1N2_Wh_hall_450p0_75p0_2L7 450.0 75.0 0.062645 1.5568E-01
393899 MGPy8EG_A14N23LO_C1N2_Wh_hall_450p0_100p0_2L7 450.0 100.0 0.06262 1.5442E-01
393900 MGPy8EG_A14N23LO_C1N2_Wh_hall_475p0_0p0_2L7 475.0 0.0 0.04915 1.6055E-01
393901 MGPy8EG_A14N23LO_C1N2_Wh_hall_475p0_25p0_2L7 475.0 25.0 0.049155 1.6178E-01
393902 MGPy8EG_A14N23LO_C1N2_Wh_hall_475p0_50p0_2L7 475.0 50.0 0.04919 1.6086E-01
393903 MGPy8EG_A14N23LO_C1N2_Wh_hall_475p0_75p0_2L7 475.0 75.0 0.049145 1.5701E-01
393904 MGPy8EG_A14N23LO_C1N2_Wh_hall_475p0_100p0_2L7 475.0 100.0 0.049185 1.6078E-01
393905 MGPy8EG_A14N23LO_C1N2_Wh_hall_500p0_0p0_2L7 500.0 0.0 0.038905 1.6288E-01
393906 MGPy8EG_A14N23LO_C1N2_Wh_hall_500p0_25p0_2L7 500.0 25.0 0.038915 1.6494E-01
393907 MGPy8EG_A14N23LO_C1N2_Wh_hall_500p0_50p0_2L7 500.0 50.0 0.038905 1.6591E-01
393908 MGPy8EG_A14N23LO_C1N2_Wh_hall_500p0_75p0_2L7 500.0 75.0 0.0389 1.6130E-01
393909 MGPy8EG_A14N23LO_C1N2_Wh_hall_525p0_0p0_2L7 525.0 0.0 0.03107 1.6579E-01
393910 MGPy8EG_A14N23LO_C1N2_Wh_hall_525p0_25p0_2L7 525.0 25.0 0.03108 1.6455E-01
393911 MGPy8EG_A14N23LO_C1N2_Wh_hall_525p0_50p0_2L7 525.0 50.0 0.031065 1.6592E-01
393912 MGPy8EG_A14N23LO_C1N2_Wh_hall_550p0_0p0_2L7 550.0 0.0 0.025025 1.7007E-01
393913 MGPy8EG_A14N23LO_C1N2_Wh_hall_550p0_25p0_2L7 550.0 25.0 0.02503 1.6650E-01
393914 MGPy8EG_A14N23LO_C1N2_Wh_hall_575p0_25p0_2L7 575.0 25.0 0.02026 1.7201E-01
