mC1:mN1:nSig:nSigErr:Zn
#Tag: SR_SS_mumu_1_opt
#Zjets: 0.000000 +/- 0.000000 (0)
#multitop: 0.000000 +/- 0.000000 (0)
#Vgamma: 0.000000 +/- 0.000000 (0)
#ttV: 0.130678 +/- 0.028893 (37)
#singletop: 0.235893 +/- 0.235893 (1)
#ttbar: 0.268577 +/- 0.268577 (1)
#Wjets: 0.368136 +/- 0.312804 (2)
#VVV: 0.475139 +/- 0.073316 (68)
#Higgs: 0.736727 +/- 0.519455 (3)
#VV: 13.748868 +/- 0.998873 (2053)
#Total BG: 15.964017 +/- 1.224506 (2165)

150.0 0.0 11.004 1.302 1.484
152.5 22.5 10.950 1.469 1.477
162.5 12.5 7.877 1.140 1.055
175.0 0.0 6.133 0.978 0.802
175.0 25.0 6.304 0.945 0.827
177.5 47.5 6.818 1.075 0.902
187.5 12.5 4.770 0.759 0.597
187.5 37.5 7.284 1.086 0.970
190.0 60.0 4.511 0.977 0.557
200.0 0.0 3.360 0.647 0.377
200.0 25.0 5.575 0.887 0.719
200.0 50.0 5.049 0.978 0.639
202.5 72.5 4.225 0.930 0.513
212.5 12.5 4.531 0.762 0.560
212.5 37.5 2.866 0.577 0.298
212.5 62.5 2.965 0.620 0.314
215.0 85.0 2.383 0.496 0.220
225.0 0.0 4.933 0.932 0.622
225.0 25.0 3.745 0.733 0.438
225.0 50.0 3.978 0.757 0.475
225.0 75.0 2.539 0.590 0.245
227.5 97.5 1.528 0.451 0.079
237.5 12.5 4.433 1.210 0.545
237.5 37.5 3.327 0.705 0.372
237.5 62.5 3.068 0.588 0.331
237.5 87.5 2.914 0.757 0.306
240.0 110.0 2.540 0.833 0.245
250.0 0.0 2.723 0.977 0.275
250.0 25.0 2.830 1.025 0.292
250.0 50.0 2.483 0.699 0.236
250.0 75.0 1.940 0.534 0.147
250.0 100.0 3.117 0.685 0.338
262.5 12.5 2.142 0.571 0.180
262.5 37.5 3.355 0.654 0.376
262.5 62.5 2.281 0.554 0.203
262.5 87.5 1.888 0.541 0.138
275.0 0.0 1.484 0.449 0.071
275.0 25.0 0.576 0.237 -0.083
275.0 50.0 1.645 0.437 0.098
275.0 75.0 1.966 0.434 0.151
287.5 12.5 1.552 0.386 0.083
287.5 37.5 1.567 0.434 0.085
287.5 62.5 2.399 0.522 0.222
300.0 0.0 1.455 0.360 0.066
300.0 25.0 1.478 0.351 0.070
300.0 50.0 0.877 0.256 -0.031
300.0 75.0 2.332 0.502 0.212
300.0 100.0 1.495 0.392 0.073
312.5 12.5 1.049 0.283 -0.002
312.5 37.5 0.729 0.237 -0.057
325.0 0.0 1.552 0.325 0.083
325.0 25.0 1.286 0.301 0.038
325.0 50.0 1.250 0.375 0.032
325.0 75.0 0.894 0.226 -0.028
325.0 100.0 1.433 0.374 0.063
337.5 12.5 0.664 0.200 -0.068
350.0 0.0 0.951 0.253 -0.019
350.0 25.0 1.187 0.308 0.021
350.0 50.0 0.571 0.180 -0.084
350.0 75.0 0.648 0.237 -0.071
350.0 100.0 0.750 0.190 -0.053
375.0 0.0 0.784 0.267 -0.047
375.0 25.0 0.569 0.152 -0.084
375.0 50.0 0.366 0.120 -0.119
375.0 75.0 0.604 0.167 -0.078
400.0 0.0 0.348 0.171 -0.122
400.0 25.0 0.204 0.103 -0.147
400.0 50.0 0.446 0.150 -0.105
400.0 75.0 0.704 0.214 -0.061
400.0 100.0 0.426 0.142 -0.109
425.0 0.0 0.385 0.179 -0.116
425.0 25.0 0.459 0.140 -0.103
425.0 50.0 0.397 0.137 -0.114
425.0 75.0 0.418 0.138 -0.110
425.0 100.0 1.004 0.416 -0.010
450.0 0.0 0.195 0.091 -0.149
450.0 25.0 0.388 0.117 -0.116
450.0 50.0 0.356 0.127 -0.121
450.0 75.0 0.369 0.113 -0.119
450.0 100.0 0.260 0.124 -0.138
475.0 0.0 0.426 0.134 -0.109
475.0 25.0 0.391 0.159 -0.115
475.0 50.0 0.254 0.092 -0.139
475.0 75.0 0.332 0.100 -0.125
475.0 100.0 0.224 0.088 -0.144
500.0 0.0 0.146 0.055 -0.158
500.0 25.0 0.310 0.089 -0.129
500.0 50.0 0.174 0.060 -0.153
500.0 75.0 0.354 0.096 -0.121
525.0 0.0 0.156 0.056 -0.156
525.0 25.0 0.116 0.044 -0.163
525.0 50.0 0.231 0.082 -0.143
550.0 0.0 0.100 0.037 -0.166
550.0 25.0 0.241 0.138 -0.141
575.0 25.0 0.039 0.024 -0.176
#average significance: 0.905
