mC1:mN1:nSig:nSigErr:Zn
#Tag: SR_SS_emu_1_opt
#Zjets: 0.000000 +/- 0.000000 (0)
#multitop: 0.000000 +/- 0.000000 (0)
#ttV: 0.029876 +/- 0.018387 (20)
#singletop: 0.129181 +/- 0.129181 (1)
#VVV: 0.329297 +/- 0.059250 (44)
#ttbar: 0.427347 +/- 0.427347 (1)
#Vgamma: 0.563608 +/- 0.254711 (8)
#Wjets: 0.695577 +/- 0.502594 (5)
#Higgs: 1.003877 +/- 0.754074 (8)
#VV: 6.213731 +/- 0.577077 (956)
#Total BG: 9.392493 +/- 1.192597 (1043)

150.0 0.0 7.189 1.058 1.354
152.5 22.5 7.379 1.035 1.390
162.5 12.5 6.225 0.898 1.169
175.0 0.0 5.908 1.030 1.106
175.0 25.0 6.128 1.078 1.150
177.5 47.5 3.551 0.684 0.621
187.5 12.5 3.583 0.637 0.628
187.5 37.5 3.240 0.566 0.554
190.0 60.0 2.680 0.514 0.431
200.0 0.0 5.607 0.889 1.047
200.0 25.0 5.447 0.944 1.015
200.0 50.0 3.064 0.626 0.515
202.5 72.5 2.735 0.568 0.443
212.5 12.5 3.793 0.751 0.673
212.5 37.5 3.188 0.683 0.542
212.5 62.5 3.109 0.589 0.525
215.0 85.0 3.073 0.945 0.517
225.0 0.0 2.127 0.596 0.306
225.0 25.0 2.816 0.625 0.461
225.0 50.0 4.688 1.331 0.860
225.0 75.0 2.672 0.849 0.429
227.5 97.5 1.676 0.440 0.202
237.5 12.5 3.093 0.639 0.522
237.5 37.5 3.356 0.827 0.579
237.5 62.5 2.042 0.503 0.286
237.5 87.5 2.219 0.537 0.327
240.0 110.0 1.698 0.475 0.207
250.0 0.0 2.254 0.687 0.335
250.0 25.0 3.191 0.761 0.543
250.0 50.0 2.628 0.767 0.419
250.0 75.0 2.593 0.636 0.411
250.0 100.0 1.463 0.677 0.152
262.5 12.5 2.329 0.591 0.352
262.5 37.5 1.744 0.486 0.218
262.5 62.5 1.988 0.475 0.274
262.5 87.5 1.453 0.416 0.150
275.0 0.0 2.072 0.556 0.293
275.0 25.0 2.224 0.507 0.328
275.0 50.0 1.678 0.544 0.202
275.0 75.0 2.109 0.489 0.302
287.5 12.5 1.330 0.358 0.121
287.5 37.5 1.652 0.767 0.196
287.5 62.5 2.066 0.515 0.292
300.0 0.0 1.563 0.430 0.176
300.0 25.0 1.777 0.416 0.226
300.0 50.0 1.674 0.388 0.201
300.0 75.0 1.871 0.383 0.247
300.0 100.0 1.229 0.332 0.097
312.5 12.5 1.117 0.284 0.070
312.5 37.5 1.774 0.641 0.225
325.0 0.0 1.570 0.322 0.177
325.0 25.0 1.037 0.256 0.051
325.0 50.0 0.761 0.238 -0.015
325.0 75.0 1.475 0.312 0.155
325.0 100.0 0.912 0.258 0.021
337.5 12.5 1.148 0.239 0.078
350.0 0.0 1.175 0.283 0.084
350.0 25.0 1.138 0.242 0.075
350.0 50.0 1.296 0.257 0.113
350.0 75.0 1.224 0.262 0.096
350.0 100.0 0.612 0.154 -0.052
375.0 0.0 1.241 0.571 0.100
375.0 25.0 1.238 0.261 0.099
375.0 50.0 0.500 0.131 -0.079
375.0 75.0 0.786 0.178 -0.009
400.0 0.0 0.389 0.148 -0.107
400.0 25.0 0.928 0.278 0.025
400.0 50.0 0.960 0.270 0.033
400.0 75.0 0.923 0.222 0.024
400.0 100.0 0.805 0.229 -0.005
425.0 0.0 0.224 0.092 -0.148
425.0 25.0 0.629 0.200 -0.048
425.0 50.0 0.455 0.199 -0.090
425.0 75.0 0.670 0.174 -0.038
425.0 100.0 0.362 0.121 -0.113
450.0 0.0 0.446 0.136 -0.092
450.0 25.0 0.647 0.358 -0.043
450.0 50.0 0.354 0.127 -0.115
450.0 75.0 0.108 0.055 -0.177
450.0 100.0 0.382 0.112 -0.108
475.0 0.0 0.227 0.080 -0.147
475.0 25.0 0.648 0.179 -0.043
475.0 50.0 0.285 0.087 -0.132
475.0 75.0 0.172 0.065 -0.161
475.0 100.0 0.214 0.078 -0.150
500.0 0.0 0.181 0.067 -0.158
500.0 25.0 0.355 0.107 -0.115
500.0 50.0 0.612 0.230 -0.052
500.0 75.0 0.187 0.074 -0.157
525.0 0.0 0.283 0.083 -0.133
525.0 25.0 0.210 0.062 -0.151
525.0 50.0 0.223 0.062 -0.148
550.0 0.0 0.234 0.063 -0.145
550.0 25.0 0.187 0.055 -0.157
575.0 25.0 0.250 0.086 -0.141
#average significance: 0.945
