mC1:mN1:nSig:nSigErr:Zn
#Tag: SR_SS_ee_2_opt
#Wjets: -0.059982 +/- 0.059982 (1)
#Zjets: 0.000000 +/- 0.000000 (0)
#multitop: 0.000000 +/- 0.000000 (0)
#singletop: 0.135149 +/- 0.135149 (1)
#VVV: 0.183784 +/- 0.055045 (25)
#ttV: 0.228417 +/- 0.036431 (89)
#Vgamma: 0.671760 +/- 0.322464 (7)
#Higgs: 0.915257 +/- 0.647484 (12)
#ttbar: 1.404693 +/- 0.703949 (4)
#VV: 4.006700 +/- 0.420001 (843)
#Total BG: 7.545761 +/- 1.105163 (982)

150.0 0.0 4.805 0.960 1.017
152.5 22.5 3.435 0.738 0.695
162.5 12.5 3.926 0.676 0.813
175.0 0.0 3.083 0.901 0.609
175.0 25.0 1.602 0.449 0.230
177.5 47.5 2.893 0.841 0.562
187.5 12.5 2.191 0.461 0.384
187.5 37.5 1.262 0.357 0.139
190.0 60.0 1.508 0.404 0.205
200.0 0.0 2.319 0.791 0.417
200.0 25.0 2.959 0.691 0.578
200.0 50.0 2.289 0.560 0.409
202.5 72.5 1.571 0.434 0.222
212.5 12.5 2.344 0.652 0.423
212.5 37.5 0.825 0.285 0.020
212.5 62.5 1.492 0.379 0.201
215.0 85.0 1.229 0.371 0.130
225.0 0.0 1.703 0.531 0.257
225.0 25.0 2.251 0.675 0.400
225.0 50.0 1.423 0.462 0.183
225.0 75.0 1.134 0.379 0.105
227.5 97.5 0.855 0.367 0.028
237.5 12.5 1.021 0.358 0.074
237.5 37.5 1.993 0.514 0.333
237.5 62.5 1.357 0.458 0.165
237.5 87.5 1.015 0.324 0.072
240.0 110.0 0.453 0.203 -0.085
250.0 0.0 2.158 0.826 0.376
250.0 25.0 2.075 0.590 0.354
250.0 50.0 0.508 0.254 -0.069
250.0 75.0 1.081 0.543 0.090
250.0 100.0 1.071 0.420 0.088
262.5 12.5 1.299 0.415 0.149
262.5 37.5 1.549 0.607 0.216
262.5 62.5 0.657 0.269 -0.027
262.5 87.5 1.305 0.459 0.151
275.0 0.0 1.013 0.347 0.071
275.0 25.0 0.849 0.337 0.026
275.0 50.0 2.248 0.587 0.399
275.0 75.0 1.088 0.360 0.092
287.5 12.5 1.150 0.323 0.109
287.5 37.5 1.142 0.362 0.107
287.5 62.5 0.457 0.206 -0.084
300.0 0.0 0.668 0.241 -0.024
300.0 25.0 0.894 0.277 0.039
300.0 50.0 0.969 0.429 0.059
300.0 75.0 0.878 0.273 0.034
300.0 100.0 1.116 0.326 0.100
312.5 12.5 1.712 0.465 0.260
312.5 37.5 0.494 0.199 -0.073
325.0 0.0 0.658 0.227 -0.027
325.0 25.0 1.037 0.297 0.078
325.0 50.0 0.744 0.202 -0.003
325.0 75.0 0.778 0.216 0.007
325.0 100.0 0.966 0.261 0.059
337.5 12.5 0.582 0.171 -0.048
350.0 0.0 0.507 0.158 -0.069
350.0 25.0 0.812 0.188 0.016
350.0 50.0 0.379 0.127 -0.105
350.0 75.0 0.322 0.138 -0.122
350.0 100.0 0.325 0.116 -0.121
375.0 0.0 0.644 0.223 -0.031
375.0 25.0 0.463 0.137 -0.082
375.0 50.0 0.467 0.169 -0.080
375.0 75.0 0.387 0.126 -0.103
400.0 0.0 0.495 0.182 -0.073
400.0 25.0 0.412 0.148 -0.096
400.0 50.0 0.819 0.507 0.018
400.0 75.0 0.270 0.124 -0.137
400.0 100.0 0.251 0.128 -0.142
425.0 0.0 0.324 0.133 -0.121
425.0 25.0 0.247 0.156 -0.143
425.0 50.0 0.242 0.109 -0.145
425.0 75.0 0.312 0.123 -0.125
425.0 100.0 0.144 0.072 -0.173
450.0 0.0 0.284 0.131 -0.133
450.0 25.0 0.339 0.115 -0.117
450.0 50.0 0.304 0.101 -0.127
450.0 75.0 0.324 0.106 -0.121
450.0 100.0 0.249 0.097 -0.143
475.0 0.0 0.217 0.078 -0.152
475.0 25.0 0.126 0.059 -0.178
475.0 50.0 0.099 0.050 -0.186
475.0 75.0 0.214 0.078 -0.153
475.0 100.0 0.124 0.056 -0.179
500.0 0.0 0.100 0.053 -0.186
500.0 25.0 0.184 0.066 -0.161
500.0 50.0 0.119 0.055 -0.180
500.0 75.0 0.334 0.103 -0.118
525.0 0.0 0.068 0.034 -0.195
525.0 25.0 0.071 0.036 -0.194
525.0 50.0 0.083 0.037 -0.190
550.0 0.0 0.160 0.056 -0.168
550.0 25.0 0.107 0.050 -0.184
575.0 25.0 0.059 0.026 -0.198
#average significance: 0.507
