mC1:mN1:nSig:nSigErr:Zn
#Tag: SR_SS_ee_1_opt
#multitop: 0.000000 +/- 0.000000 (0)
#ttV: 0.062948 +/- 0.017983 (17)
#singletop: 0.204645 +/- 0.204645 (1)
#VVV: 0.226091 +/- 0.054638 (26)
#Zjets: 0.402923 +/- 0.277987 (3)
#ttbar: 0.458332 +/- 0.458332 (1)
#Wjets: 0.707763 +/- 0.540970 (6)
#Higgs: 0.729293 +/- 0.514849 (3)
#Vgamma: 1.191279 +/- 0.450955 (14)
#VV: 3.009412 +/- 0.686189 (472)
#Total BG: 6.992686 +/- 1.250787 (543)

150.0 0.0 3.884 0.776 0.815
152.5 22.5 2.973 0.662 0.590
162.5 12.5 3.298 0.641 0.672
175.0 0.0 3.193 0.724 0.646
175.0 25.0 2.865 0.627 0.563
177.5 47.5 1.952 0.484 0.325
187.5 12.5 2.863 0.672 0.562
187.5 37.5 2.517 0.556 0.474
190.0 60.0 2.514 0.668 0.473
200.0 0.0 2.483 0.557 0.465
200.0 25.0 1.454 0.465 0.191
200.0 50.0 2.164 0.521 0.382
202.5 72.5 1.267 0.603 0.139
212.5 12.5 1.640 0.405 0.241
212.5 37.5 2.349 0.525 0.430
212.5 62.5 1.821 0.453 0.291
215.0 85.0 1.191 0.338 0.118
225.0 0.0 2.288 0.587 0.414
225.0 25.0 1.613 0.475 0.234
225.0 50.0 1.379 0.446 0.170
225.0 75.0 2.116 0.565 0.369
227.5 97.5 0.998 0.333 0.064
237.5 12.5 1.455 0.452 0.191
237.5 37.5 1.207 0.440 0.123
237.5 62.5 1.213 0.404 0.124
237.5 87.5 0.876 0.319 0.029
240.0 110.0 0.391 0.197 -0.110
250.0 0.0 2.264 0.758 0.408
250.0 25.0 1.364 0.472 0.166
250.0 50.0 2.393 0.791 0.442
250.0 75.0 0.442 0.260 -0.095
250.0 100.0 1.057 0.445 0.081
262.5 12.5 0.552 0.289 -0.063
262.5 37.5 0.455 0.228 -0.092
262.5 62.5 1.500 0.453 0.203
262.5 87.5 0.641 0.262 -0.038
275.0 0.0 1.864 0.583 0.302
275.0 25.0 1.155 0.336 0.108
275.0 50.0 0.867 0.321 0.027
275.0 75.0 1.624 0.555 0.237
287.5 12.5 0.332 0.166 -0.128
287.5 37.5 1.978 0.854 0.332
287.5 62.5 1.115 0.573 0.097
300.0 0.0 0.694 0.260 -0.022
300.0 25.0 0.153 0.108 -0.180
300.0 50.0 1.079 0.302 0.087
300.0 75.0 1.482 0.424 0.199
300.0 100.0 0.560 0.235 -0.061
312.5 12.5 0.925 0.248 0.043
312.5 37.5 0.982 0.316 0.059
325.0 0.0 0.762 0.214 -0.003
325.0 25.0 0.516 0.173 -0.074
325.0 50.0 0.628 0.191 -0.041
325.0 75.0 0.383 0.146 -0.113
325.0 100.0 0.479 0.170 -0.085
337.5 12.5 1.058 0.520 0.081
350.0 0.0 0.648 0.195 -0.036
350.0 25.0 0.361 0.146 -0.119
350.0 50.0 0.718 0.281 -0.016
350.0 75.0 0.538 0.200 -0.068
350.0 100.0 0.572 0.154 -0.058
375.0 0.0 0.276 0.175 -0.144
375.0 25.0 0.220 0.086 -0.161
375.0 50.0 0.343 0.110 -0.124
375.0 75.0 0.263 0.094 -0.148
400.0 0.0 0.248 0.149 -0.152
400.0 25.0 0.413 0.148 -0.104
400.0 50.0 0.536 0.209 -0.068
400.0 75.0 0.455 0.197 -0.092
400.0 100.0 0.403 0.270 -0.107
425.0 0.0 0.494 0.189 -0.080
425.0 25.0 0.430 0.207 -0.099
425.0 50.0 0.261 0.105 -0.149
425.0 75.0 0.187 0.095 -0.170
425.0 100.0 0.197 0.089 -0.167
450.0 0.0 0.057 0.040 -0.209
450.0 25.0 0.176 0.079 -0.174
450.0 50.0 0.138 0.108 -0.185
450.0 75.0 0.185 0.076 -0.171
450.0 100.0 0.569 0.444 -0.059
475.0 0.0 0.157 0.074 -0.179
475.0 25.0 0.132 0.059 -0.187
475.0 50.0 0.100 0.050 -0.196
475.0 75.0 0.175 0.073 -0.174
475.0 100.0 0.262 0.083 -0.148
500.0 0.0 0.044 0.031 -0.213
500.0 25.0 0.177 0.082 -0.173
500.0 50.0 0.093 0.047 -0.199
500.0 75.0 0.056 0.043 -0.209
525.0 0.0 0.057 0.043 -0.209
525.0 25.0 0.165 0.059 -0.177
525.0 50.0 0.148 0.054 -0.182
550.0 0.0 0.132 0.044 -0.187
550.0 25.0 0.066 0.033 -0.207
575.0 25.0 0.013 0.013 -0.223
#average significance: 0.559
