mC1:mN1:nSig:nSigErr:Zn
#Tag: SR_SS_mumu_2_opt
#multitop: 0.000000 +/- 0.000000 (0)
#Vgamma: 0.000000 +/- 0.000000 (0)
#singletop: 0.169981 +/- 0.169981 (1)
#ttbar: 0.220604 +/- 0.220604 (1)
#Zjets: 0.355229 +/- 0.238732 (3)
#VVV: 0.402878 +/- 0.080854 (64)
#ttV: 0.631852 +/- 0.061944 (239)
#Higgs: 1.621948 +/- 0.775436 (36)
#Wjets: 2.358571 +/- 0.972065 (9)
#VV: 15.447165 +/- 1.931010 (4238)
#Total BG: 21.208228 +/- 2.328076 (4591)

150.0 0.0 11.584 1.317 1.211
152.5 22.5 11.295 1.355 1.180
162.5 12.5 11.990 1.247 1.254
175.0 0.0 7.796 1.513 0.789
175.0 25.0 8.495 1.230 0.869
177.5 47.5 9.399 1.516 0.971
187.5 12.5 8.493 1.067 0.869
187.5 37.5 6.870 0.891 0.682
190.0 60.0 7.082 0.881 0.706
200.0 0.0 6.279 0.936 0.612
200.0 25.0 6.046 0.934 0.584
200.0 50.0 5.422 1.052 0.509
202.5 72.5 4.428 0.781 0.388
212.5 12.5 4.415 0.772 0.386
212.5 37.5 5.816 0.923 0.557
212.5 62.5 5.160 0.779 0.478
215.0 85.0 4.272 0.781 0.369
225.0 0.0 5.312 1.069 0.496
225.0 25.0 4.206 0.797 0.360
225.0 50.0 5.549 0.927 0.525
225.0 75.0 3.878 0.784 0.320
227.5 97.5 3.093 0.770 0.221
237.5 12.5 5.202 0.888 0.483
237.5 37.5 5.114 0.928 0.472
237.5 62.5 3.619 0.693 0.287
237.5 87.5 3.515 0.635 0.274
240.0 110.0 4.358 1.115 0.379
250.0 0.0 6.205 1.155 0.603
250.0 25.0 3.149 0.728 0.228
250.0 50.0 4.296 1.140 0.372
250.0 75.0 3.027 0.701 0.212
250.0 100.0 2.516 0.628 0.147
262.5 12.5 2.973 0.637 0.206
262.5 37.5 2.843 0.748 0.189
262.5 62.5 3.210 0.785 0.236
262.5 87.5 1.868 0.504 0.063
275.0 0.0 3.245 0.684 0.240
275.0 25.0 2.527 0.532 0.148
275.0 50.0 3.177 0.667 0.232
275.0 75.0 2.465 0.521 0.141
287.5 12.5 1.568 0.368 0.024
287.5 37.5 2.516 0.557 0.147
287.5 62.5 3.045 0.529 0.215
300.0 0.0 2.334 0.467 0.124
300.0 25.0 3.446 0.752 0.265
300.0 50.0 2.071 0.403 0.089
300.0 75.0 2.363 0.725 0.127
300.0 100.0 2.222 0.458 0.109
312.5 12.5 1.875 0.485 0.064
312.5 37.5 2.180 0.456 0.104
325.0 0.0 1.841 0.574 0.059
325.0 25.0 1.805 0.585 0.055
325.0 50.0 1.988 0.516 0.079
325.0 75.0 2.113 0.360 0.095
325.0 100.0 1.767 0.411 0.050
337.5 12.5 1.718 0.309 0.043
350.0 0.0 0.892 0.226 -0.066
350.0 25.0 1.233 0.248 -0.021
350.0 50.0 1.339 0.293 -0.007
350.0 75.0 1.430 0.310 0.005
350.0 100.0 0.956 0.210 -0.058
375.0 0.0 0.752 0.233 -0.085
375.0 25.0 0.974 0.262 -0.055
375.0 50.0 0.848 0.195 -0.072
375.0 75.0 1.244 0.412 -0.019
400.0 0.0 0.753 0.221 -0.085
400.0 25.0 0.489 0.156 -0.120
400.0 50.0 1.009 0.300 -0.051
400.0 75.0 1.254 0.311 -0.018
400.0 100.0 0.579 0.198 -0.108
425.0 0.0 0.556 0.165 -0.111
425.0 25.0 0.416 0.126 -0.130
425.0 50.0 0.415 0.141 -0.130
425.0 75.0 0.501 0.149 -0.119
425.0 100.0 0.900 0.316 -0.065
450.0 0.0 0.767 0.181 -0.083
450.0 25.0 0.415 0.120 -0.130
450.0 50.0 0.507 0.140 -0.118
450.0 75.0 0.486 0.135 -0.121
450.0 100.0 0.534 0.174 -0.114
475.0 0.0 0.228 0.083 -0.156
475.0 25.0 0.493 0.141 -0.120
475.0 50.0 0.370 0.119 -0.136
475.0 75.0 0.356 0.102 -0.138
475.0 100.0 0.360 0.114 -0.138
500.0 0.0 0.240 0.094 -0.154
500.0 25.0 0.374 0.097 -0.136
500.0 50.0 0.321 0.084 -0.143
500.0 75.0 0.467 0.115 -0.123
525.0 0.0 0.227 0.065 -0.156
525.0 25.0 0.214 0.063 -0.158
525.0 50.0 0.348 0.094 -0.139
550.0 0.0 0.187 0.053 -0.161
550.0 25.0 0.079 0.032 -0.176
575.0 25.0 0.081 0.031 -0.176
#average significance: 0.914
