mC1:mN1:nSig:nSigErr:Zn
#Tag: SR_SS_mumu_2_opt
#Zjets: 0.000000 +/- 0.000000 (0)
#multitop: 0.000000 +/- 0.000000 (0)
#Vgamma: 0.000000 +/- 0.000000 (0)
#singletop: 0.122432 +/- 0.122432 (1)
#ttV: 0.183085 +/- 0.030574 (72)
#VVV: 0.193556 +/- 0.065171 (24)
#ttbar: 0.426465 +/- 0.301866 (2)
#Higgs: 1.053584 +/- 0.603776 (16)
#Wjets: 1.358007 +/- 1.603731 (4)
#VV: 9.608989 +/- 0.523784 (2130)
#Total BG: 12.946117 +/- 1.822675 (2249)

150.0 0.0 5.172 0.868 0.727
152.5 22.5 4.760 0.809 0.658
162.5 12.5 6.394 0.848 0.925
175.0 0.0 5.978 1.423 0.858
175.0 25.0 3.740 0.746 0.486
177.5 47.5 4.845 0.873 0.673
187.5 12.5 4.292 0.702 0.580
187.5 37.5 3.234 0.615 0.398
190.0 60.0 2.826 0.532 0.326
200.0 0.0 3.523 0.671 0.448
200.0 25.0 2.918 0.642 0.342
200.0 50.0 2.502 0.691 0.268
202.5 72.5 1.934 0.487 0.165
212.5 12.5 1.992 0.501 0.176
212.5 37.5 3.316 0.713 0.412
212.5 62.5 2.476 0.567 0.264
215.0 85.0 1.848 0.452 0.150
225.0 0.0 3.131 0.919 0.380
225.0 25.0 1.241 0.394 0.037
225.0 50.0 1.766 0.460 0.135
225.0 75.0 1.382 0.460 0.063
227.5 97.5 1.410 0.541 0.069
237.5 12.5 2.310 0.579 0.234
237.5 37.5 2.779 0.635 0.318
237.5 62.5 2.037 0.524 0.184
237.5 87.5 1.544 0.422 0.094
240.0 110.0 2.599 0.942 0.285
250.0 0.0 3.781 0.950 0.493
250.0 25.0 2.009 0.551 0.179
250.0 50.0 1.595 0.528 0.103
250.0 75.0 1.860 0.559 0.152
250.0 100.0 1.257 0.431 0.040
262.5 12.5 0.888 0.367 -0.030
262.5 37.5 1.757 0.616 0.133
262.5 62.5 1.232 0.375 0.035
262.5 87.5 0.734 0.316 -0.059
275.0 0.0 1.382 0.387 0.063
275.0 25.0 1.140 0.334 0.018
275.0 50.0 1.346 0.394 0.057
275.0 75.0 1.212 0.353 0.032
287.5 12.5 1.207 0.314 0.031
287.5 37.5 1.464 0.424 0.079
287.5 62.5 1.662 0.410 0.115
300.0 0.0 1.099 0.301 0.010
300.0 25.0 1.778 0.563 0.137
300.0 50.0 1.329 0.320 0.054
300.0 75.0 1.083 0.273 0.007
300.0 100.0 1.334 0.355 0.054
312.5 12.5 0.640 0.194 -0.077
312.5 37.5 1.052 0.310 0.001
325.0 0.0 0.792 0.484 -0.048
325.0 25.0 0.900 0.269 -0.027
325.0 50.0 1.256 0.398 0.040
325.0 75.0 0.877 0.214 -0.032
325.0 100.0 0.728 0.204 -0.060
337.5 12.5 0.719 0.214 -0.062
350.0 0.0 0.511 0.179 -0.102
350.0 25.0 0.438 0.142 -0.116
350.0 50.0 1.009 0.264 -0.007
350.0 75.0 0.949 0.262 -0.018
350.0 100.0 0.670 0.162 -0.071
375.0 0.0 0.542 0.182 -0.096
375.0 25.0 0.506 0.144 -0.103
375.0 50.0 0.255 0.085 -0.151
375.0 75.0 0.351 0.108 -0.133
400.0 0.0 0.373 0.141 -0.128
400.0 25.0 0.378 0.135 -0.127
400.0 50.0 0.382 0.136 -0.127
400.0 75.0 0.705 0.233 -0.064
400.0 100.0 0.261 0.118 -0.150
425.0 0.0 0.343 0.115 -0.134
425.0 25.0 0.262 0.100 -0.150
425.0 50.0 0.137 0.079 -0.174
425.0 75.0 0.198 0.090 -0.162
425.0 100.0 0.770 0.308 -0.052
450.0 0.0 0.318 0.101 -0.139
450.0 25.0 0.167 0.075 -0.168
450.0 50.0 0.230 0.099 -0.156
450.0 75.0 0.250 0.107 -0.152
450.0 100.0 0.270 0.119 -0.148
475.0 0.0 0.075 0.044 -0.186
475.0 25.0 0.334 0.126 -0.136
475.0 50.0 0.189 0.088 -0.164
475.0 75.0 0.264 0.091 -0.150
475.0 100.0 0.186 0.082 -0.165
500.0 0.0 0.060 0.034 -0.189
500.0 25.0 0.274 0.086 -0.147
500.0 50.0 0.193 0.065 -0.163
500.0 75.0 0.154 0.062 -0.171
525.0 0.0 0.130 0.051 -0.176
525.0 25.0 0.095 0.043 -0.183
525.0 50.0 0.182 0.062 -0.166
550.0 0.0 0.136 0.046 -0.174
550.0 25.0 0.055 0.027 -0.190
575.0 25.0 0.045 0.022 -0.192
