mC1:mN1:nSig:nSigErr:Zn
#Tag: SR_SS_emu_2_opt
#Zjets: 0.000000 +/- 0.000000 (0)
#multitop: 0.000000 +/- 0.000000 (0)
#Vgamma: 0.053265 +/- 0.053265 (1)
#Wjets: 0.093042 +/- 0.066154 (2)
#VVV: 0.117564 +/- 0.038548 (16)
#ttV: 0.152173 +/- 0.043266 (48)
#ttbar: 0.251770 +/- 0.251770 (1)
#singletop: 0.416387 +/- 0.416387 (1)
#Higgs: 0.437037 +/- 0.428627 (14)
#VV: 4.716115 +/- 0.363033 (1054)
#Total BG: 6.237352 +/- 0.750235 (1137)

150.0 0.0 6.247 1.351 1.548
152.5 22.5 4.666 0.733 1.153
162.5 12.5 7.357 1.196 1.811
175.0 0.0 5.600 0.860 1.390
175.0 25.0 4.657 1.028 1.151
177.5 47.5 4.166 1.257 1.022
187.5 12.5 4.788 0.785 1.185
187.5 37.5 4.159 1.063 1.020
190.0 60.0 2.502 0.493 0.563
200.0 0.0 2.837 0.565 0.659
200.0 25.0 2.615 0.643 0.596
200.0 50.0 2.671 0.587 0.612
202.5 72.5 3.142 0.620 0.744
212.5 12.5 3.279 0.620 0.782
212.5 37.5 3.735 0.711 0.907
212.5 62.5 2.001 0.442 0.417
215.0 85.0 1.987 0.431 0.413
225.0 0.0 2.521 0.665 0.569
225.0 25.0 3.534 0.711 0.853
225.0 50.0 3.201 0.698 0.761
225.0 75.0 2.270 0.672 0.496
227.5 97.5 1.115 0.349 0.147
237.5 12.5 3.183 0.655 0.756
237.5 37.5 2.955 0.758 0.692
237.5 62.5 0.917 0.292 0.085
237.5 87.5 1.638 0.458 0.308
240.0 110.0 1.863 0.490 0.376
250.0 0.0 4.078 0.904 0.999
250.0 25.0 1.962 0.518 0.405
250.0 50.0 1.249 0.397 0.189
250.0 75.0 1.922 0.582 0.394
250.0 100.0 1.383 0.420 0.230
262.5 12.5 2.900 0.897 0.677
262.5 37.5 2.595 0.610 0.590
262.5 62.5 1.388 0.475 0.232
262.5 87.5 2.278 0.670 0.498
275.0 0.0 1.901 0.444 0.387
275.0 25.0 1.843 0.450 0.370
275.0 50.0 0.805 0.292 0.050
275.0 75.0 1.859 0.457 0.375
287.5 12.5 1.498 0.376 0.266
287.5 37.5 1.895 0.455 0.385
287.5 62.5 1.967 0.449 0.407
300.0 0.0 2.548 0.649 0.576
300.0 25.0 1.916 0.417 0.392
300.0 50.0 1.191 0.310 0.171
300.0 75.0 1.116 0.323 0.148
300.0 100.0 1.487 0.344 0.262
312.5 12.5 1.636 0.421 0.308
312.5 37.5 1.480 0.341 0.260
325.0 0.0 1.108 0.293 0.145
325.0 25.0 1.380 0.288 0.229
325.0 50.0 1.692 0.497 0.324
325.0 75.0 1.053 0.347 0.128
325.0 100.0 1.166 0.270 0.163
337.5 12.5 1.760 0.343 0.345
350.0 0.0 1.497 0.444 0.265
350.0 25.0 0.918 0.211 0.085
350.0 50.0 0.811 0.178 0.051
350.0 75.0 0.903 0.256 0.081
350.0 100.0 0.862 0.193 0.068
375.0 0.0 0.938 0.425 0.092
375.0 25.0 0.745 0.170 0.030
375.0 50.0 0.562 0.145 -0.029
375.0 75.0 0.719 0.152 0.022
400.0 0.0 0.680 0.190 0.009
400.0 25.0 0.550 0.182 -0.033
400.0 50.0 0.514 0.156 -0.044
400.0 75.0 0.572 0.168 -0.025
400.0 100.0 0.540 0.164 -0.036
425.0 0.0 0.626 0.169 -0.008
425.0 25.0 0.398 0.137 -0.082
425.0 50.0 0.454 0.143 -0.064
425.0 75.0 0.129 0.075 -0.171
425.0 100.0 0.484 0.145 -0.054
450.0 0.0 0.404 0.116 -0.080
450.0 25.0 0.267 0.095 -0.126
450.0 50.0 0.206 0.082 -0.146
450.0 75.0 0.256 0.093 -0.129
450.0 100.0 0.304 0.098 -0.113
475.0 0.0 0.421 0.102 -0.075
475.0 25.0 0.304 0.095 -0.113
475.0 50.0 0.403 0.122 -0.081
475.0 75.0 0.547 0.159 -0.034
475.0 100.0 0.433 0.106 -0.071
500.0 0.0 0.206 0.070 -0.146
500.0 25.0 0.195 0.062 -0.149
500.0 50.0 0.327 0.086 -0.106
500.0 75.0 0.345 0.105 -0.100
525.0 0.0 0.219 0.066 -0.141
525.0 25.0 0.143 0.048 -0.167
525.0 50.0 0.279 0.073 -0.121
550.0 0.0 0.055 0.028 -0.196
550.0 25.0 0.112 0.045 -0.177
575.0 25.0 0.270 0.065 -0.124
