mC1:mN1:nSig:nSigErr:Zn
#Tag: SR_SS_ee_2_opt
#multitop: 0.000000 +/- 0.000000 (0)
#Zjets: 0.016864 +/- 0.016864 (1)
#Higgs: 0.019988 +/- 0.015322 (7)
#VVV: 0.087323 +/- 0.036777 (10)
#ttV: 0.107232 +/- 0.021958 (38)
#singletop: 0.135149 +/- 0.135149 (1)
#Wjets: 0.239200 +/- 0.239200 (1)
#Vgamma: 0.500499 +/- 0.288262 (5)
#ttbar: 0.786902 +/- 0.558826 (2)
#VV: 1.764449 +/- 0.286601 (351)
#Total BG: 3.657604 +/- 0.745223 (416)

150.0 0.0 1.953 0.540 0.555
152.5 22.5 2.167 0.616 0.635
162.5 12.5 2.595 0.590 0.792
175.0 0.0 1.110 0.396 0.222
175.0 25.0 0.532 0.267 -0.022
177.5 47.5 0.860 0.304 0.118
187.5 12.5 1.120 0.345 0.227
187.5 37.5 0.995 0.322 0.175
190.0 60.0 1.059 0.349 0.201
200.0 0.0 2.398 0.857 0.720
200.0 25.0 2.318 0.648 0.691
200.0 50.0 1.365 0.426 0.325
202.5 72.5 0.417 0.212 -0.072
212.5 12.5 1.677 0.411 0.449
212.5 37.5 1.063 0.331 0.203
212.5 62.5 0.759 0.279 0.076
215.0 85.0 0.589 0.224 0.003
225.0 0.0 1.100 0.435 0.218
225.0 25.0 1.647 0.618 0.437
225.0 50.0 0.871 0.366 0.123
225.0 75.0 0.381 0.221 -0.088
227.5 97.5 0.599 0.320 0.007
237.5 12.5 0.739 0.318 0.067
237.5 37.5 1.106 0.377 0.221
237.5 62.5 1.225 0.439 0.269
237.5 87.5 0.954 0.323 0.158
240.0 110.0 0.091 0.091 -0.219
250.0 0.0 0.529 0.265 -0.023
250.0 25.0 1.133 0.405 0.232
250.0 50.0 0.634 0.286 0.023
250.0 75.0 0.794 0.501 0.091
250.0 100.0 0.371 0.266 -0.093
262.5 12.5 0.897 0.343 0.134
262.5 37.5 1.370 0.595 0.328
262.5 62.5 0.566 0.255 -0.007
262.5 87.5 1.310 0.460 0.303
275.0 0.0 0.959 0.349 0.160
275.0 25.0 0.740 0.311 0.068
275.0 50.0 1.627 0.504 0.429
275.0 75.0 0.855 0.287 0.116
287.5 12.5 0.769 0.259 0.080
287.5 37.5 0.485 0.221 -0.043
287.5 62.5 0.610 0.233 0.012
300.0 0.0 0.670 0.242 0.038
300.0 25.0 0.866 0.266 0.121
300.0 50.0 0.903 0.431 0.137
300.0 75.0 0.737 0.254 0.067
300.0 100.0 0.990 0.313 0.173
312.5 12.5 1.265 0.407 0.285
312.5 37.5 0.536 0.215 -0.020
325.0 0.0 0.583 0.215 0.000
325.0 25.0 0.777 0.264 0.083
325.0 50.0 0.437 0.156 -0.063
325.0 75.0 0.508 0.161 -0.032
325.0 100.0 0.593 0.179 0.005
337.5 12.5 0.443 0.151 -0.061
350.0 0.0 0.538 0.161 -0.019
350.0 25.0 0.680 0.172 0.042
350.0 50.0 0.208 0.094 -0.166
350.0 75.0 0.298 0.114 -0.125
350.0 100.0 0.253 0.105 -0.145
375.0 0.0 0.402 0.167 -0.079
375.0 25.0 0.326 0.111 -0.113
375.0 50.0 0.515 0.303 -0.029
375.0 75.0 0.152 0.068 -0.191
400.0 0.0 0.592 0.204 0.004
400.0 25.0 0.318 0.132 -0.116
400.0 50.0 0.720 0.489 0.059
400.0 75.0 0.201 0.101 -0.169
400.0 100.0 0.240 0.145 -0.151
425.0 0.0 0.201 0.112 -0.169
425.0 25.0 0.108 0.078 -0.211
425.0 50.0 0.206 0.138 -0.167
425.0 75.0 0.198 0.103 -0.170
425.0 100.0 0.144 0.072 -0.195
450.0 0.0 0.284 0.131 -0.131
450.0 25.0 0.139 0.069 -0.197
450.0 50.0 0.139 0.069 -0.197
450.0 75.0 0.131 0.066 -0.201
450.0 100.0 0.205 0.086 -0.167
475.0 0.0 0.184 0.070 -0.176
475.0 25.0 0.087 0.051 -0.221
475.0 50.0 0.099 0.050 -0.215
475.0 75.0 0.163 0.069 -0.186
475.0 100.0 0.052 0.037 -0.237
500.0 0.0 0.078 0.048 -0.225
500.0 25.0 0.046 0.034 -0.239
500.0 50.0 0.160 0.062 -0.187
500.0 75.0 0.332 0.103 -0.110
525.0 0.0 0.084 0.038 -0.222
525.0 25.0 0.079 0.041 -0.225
525.0 50.0 0.067 0.034 -0.230
550.0 0.0 0.133 0.049 -0.200
550.0 25.0 0.124 0.053 -0.204
575.0 25.0 0.049 0.025 -0.238
