mC1:mN1:nSig:nSigErr:Zn
#Tag: SR_SS_ee_2_opt
#Zjets: 0.000000 +/- 0.000000 (0)
#multitop: 0.000000 +/- 0.000000 (0)
#Higgs: 0.016162 +/- 0.004922 (11)
#singletop: 0.204933 +/- 0.204933 (1)
#VVV: 0.248339 +/- 0.066456 (36)
#ttV: 0.249712 +/- 0.036522 (89)
#ttbar: 0.314590 +/- 0.314590 (1)
#Wjets: 1.188820 +/- 0.635211 (11)
#Vgamma: 1.478531 +/- 0.938359 (8)
#VV: 5.301331 +/- 0.933822 (1335)
#Total BG: 9.002419 +/- 1.517489 (1492)

150.0 0.0 5.454 0.987 0.996
152.5 22.5 4.444 0.808 0.792
162.5 12.5 4.670 0.762 0.838
175.0 0.0 7.457 2.331 1.379
175.0 25.0 2.553 0.597 0.387
177.5 47.5 3.488 0.899 0.591
187.5 12.5 2.407 0.506 0.355
187.5 37.5 3.574 0.631 0.610
190.0 60.0 2.030 0.534 0.270
200.0 0.0 4.101 0.963 0.721
200.0 25.0 3.102 0.741 0.508
200.0 50.0 2.961 0.599 0.477
202.5 72.5 2.092 0.666 0.284
212.5 12.5 3.639 0.752 0.624
212.5 37.5 3.322 0.800 0.556
212.5 62.5 3.461 0.688 0.586
215.0 85.0 3.075 0.984 0.502
225.0 0.0 3.466 0.764 0.587
225.0 25.0 3.094 0.749 0.506
225.0 50.0 1.921 0.524 0.245
225.0 75.0 1.459 0.467 0.138
227.5 97.5 2.102 0.695 0.286
237.5 12.5 2.711 0.610 0.422
237.5 37.5 2.732 0.595 0.427
237.5 62.5 2.316 0.597 0.334
237.5 87.5 1.916 0.452 0.244
240.0 110.0 0.976 0.310 0.024
250.0 0.0 2.188 0.718 0.306
250.0 25.0 1.730 0.507 0.201
250.0 50.0 3.100 1.026 0.508
250.0 75.0 1.483 0.585 0.144
250.0 100.0 1.420 0.496 0.129
262.5 12.5 2.498 0.603 0.375
262.5 37.5 1.873 0.663 0.234
262.5 62.5 1.926 0.503 0.246
262.5 87.5 1.706 0.511 0.195
275.0 0.0 2.673 0.618 0.414
275.0 25.0 1.599 0.436 0.171
275.0 50.0 2.930 0.672 0.471
275.0 75.0 2.514 0.657 0.379
287.5 12.5 2.072 0.661 0.279
287.5 37.5 1.755 0.433 0.207
287.5 62.5 1.191 0.337 0.075
300.0 0.0 1.860 0.433 0.231
300.0 25.0 0.980 0.288 0.025
300.0 50.0 2.440 0.548 0.362
300.0 75.0 2.158 0.442 0.299
300.0 100.0 1.713 0.396 0.197
312.5 12.5 2.849 0.540 0.453
312.5 37.5 1.809 0.387 0.219
325.0 0.0 2.414 0.436 0.356
325.0 25.0 1.614 0.345 0.174
325.0 50.0 1.932 0.378 0.247
325.0 75.0 1.228 0.306 0.084
325.0 100.0 2.047 0.395 0.273
337.5 12.5 1.699 0.536 0.194
350.0 0.0 1.452 0.316 0.136
350.0 25.0 1.680 0.396 0.189
350.0 50.0 1.186 0.321 0.074
350.0 75.0 1.159 0.273 0.067
350.0 100.0 0.973 0.221 0.023
375.0 0.0 1.095 0.206 0.052
375.0 25.0 1.022 0.211 0.035
375.0 50.0 1.057 0.199 0.043
375.0 75.0 0.991 0.205 0.027
400.0 0.0 1.253 0.445 0.090
400.0 25.0 1.097 0.279 0.053
400.0 50.0 1.808 0.578 0.219
400.0 75.0 1.103 0.314 0.054
400.0 100.0 0.362 0.138 -0.126
425.0 0.0 0.794 0.232 -0.020
425.0 25.0 0.869 0.273 -0.002
425.0 50.0 0.800 0.211 -0.019
425.0 75.0 0.528 0.157 -0.085
425.0 100.0 0.337 0.113 -0.132
450.0 0.0 0.397 0.153 -0.117
450.0 25.0 0.644 0.175 -0.057
450.0 50.0 0.763 0.291 -0.028
450.0 75.0 0.724 0.164 -0.037
450.0 100.0 0.555 0.137 -0.079
475.0 0.0 0.495 0.124 -0.093
475.0 25.0 0.347 0.098 -0.130
475.0 50.0 0.350 0.107 -0.129
475.0 75.0 0.739 0.167 -0.034
475.0 100.0 0.474 0.112 -0.098
500.0 0.0 0.285 0.085 -0.145
500.0 25.0 0.411 0.102 -0.114
500.0 50.0 0.314 0.089 -0.138
500.0 75.0 0.538 0.129 -0.083
525.0 0.0 0.230 0.064 -0.159
525.0 25.0 0.344 0.085 -0.130
525.0 50.0 0.359 0.084 -0.127
550.0 0.0 0.364 0.078 -0.126
550.0 25.0 0.320 0.093 -0.136
575.0 25.0 0.124 0.040 -0.185
#average significance: 0.694
