mC1:mN1:nSig:nSigErr:Zn
#Tag: SR_SS_emu_1_opt
#Zjets: 0.000000 +/- 0.000000 (0)
#multitop: 0.000000 +/- 0.000000 (0)
#Higgs: 0.020026 +/- 0.009271 (22)
#Vgamma: 0.135354 +/- 0.067922 (5)
#ttV: 0.204909 +/- 0.071943 (104)
#ttbar: 0.267901 +/- 0.267901 (1)
#singletop: 0.411730 +/- 0.411730 (1)
#VVV: 0.474284 +/- 0.105133 (57)
#Wjets: 0.947813 +/- 0.947813 (1)
#VV: 4.293186 +/- 0.743750 (853)
#Total BG: 6.755202 +/- 1.309096 (1044)

150.0 0.0 8.010 1.535 1.739
152.5 22.5 6.185 0.989 1.351
162.5 12.5 5.821 0.847 1.270
175.0 0.0 8.684 1.210 1.875
175.0 25.0 6.425 0.992 1.403
177.5 47.5 4.591 1.277 0.989
187.5 12.5 7.359 0.921 1.603
187.5 37.5 4.375 0.850 0.938
190.0 60.0 2.492 0.712 0.469
200.0 0.0 5.723 0.934 1.249
200.0 25.0 6.489 0.957 1.417
200.0 50.0 4.122 0.774 0.877
202.5 72.5 4.581 0.930 0.986
212.5 12.5 5.480 0.907 1.194
212.5 37.5 7.469 1.405 1.626
212.5 62.5 4.430 0.712 0.951
215.0 85.0 2.303 0.485 0.420
225.0 0.0 5.790 1.213 1.263
225.0 25.0 4.061 0.775 0.862
225.0 50.0 4.870 0.822 1.054
225.0 75.0 3.562 0.802 0.741
227.5 97.5 1.803 0.554 0.286
237.5 12.5 6.278 0.903 1.371
237.5 37.5 5.483 1.048 1.194
237.5 62.5 3.566 0.622 0.742
237.5 87.5 2.663 0.573 0.514
240.0 110.0 1.655 0.406 0.245
250.0 0.0 5.427 1.020 1.182
250.0 25.0 4.181 0.753 0.891
250.0 50.0 4.611 0.960 0.993
250.0 75.0 3.704 0.753 0.776
250.0 100.0 2.182 0.527 0.387
262.5 12.5 6.132 1.731 1.339
262.5 37.5 4.298 0.780 0.919
262.5 62.5 4.277 0.765 0.914
262.5 87.5 3.586 0.722 0.747
275.0 0.0 3.677 0.637 0.769
275.0 25.0 3.775 0.668 0.793
275.0 50.0 2.849 0.650 0.561
275.0 75.0 3.004 0.652 0.601
287.5 12.5 4.184 0.678 0.892
287.5 37.5 4.052 0.979 0.860
287.5 62.5 3.132 0.616 0.633
300.0 0.0 3.247 0.653 0.662
300.0 25.0 3.698 0.616 0.774
300.0 50.0 2.914 0.488 0.578
300.0 75.0 3.143 0.512 0.636
300.0 100.0 3.011 0.746 0.603
312.5 12.5 2.469 0.427 0.463
312.5 37.5 3.640 0.743 0.760
325.0 0.0 2.487 0.422 0.468
325.0 25.0 2.295 0.438 0.417
325.0 50.0 2.724 0.525 0.529
325.0 75.0 2.356 0.443 0.433
325.0 100.0 2.335 0.408 0.428
337.5 12.5 2.657 0.399 0.512
350.0 0.0 2.025 0.440 0.346
350.0 25.0 2.695 0.365 0.522
350.0 50.0 2.169 0.320 0.384
350.0 75.0 1.604 0.294 0.231
350.0 100.0 1.647 0.299 0.243
375.0 0.0 2.080 0.422 0.360
375.0 25.0 1.938 0.303 0.322
375.0 50.0 1.150 0.217 0.105
375.0 75.0 1.864 0.366 0.302
400.0 0.0 1.022 0.212 0.069
400.0 25.0 1.658 0.296 0.246
400.0 50.0 2.170 0.390 0.384
400.0 75.0 1.637 0.295 0.241
400.0 100.0 1.887 0.331 0.309
425.0 0.0 1.052 0.249 0.077
425.0 25.0 1.215 0.283 0.123
425.0 50.0 1.390 0.458 0.172
425.0 75.0 0.914 0.198 0.038
425.0 100.0 0.808 0.178 0.007
450.0 0.0 0.957 0.191 0.050
450.0 25.0 0.829 0.221 0.013
450.0 50.0 1.152 0.317 0.106
450.0 75.0 0.936 0.226 0.044
450.0 100.0 1.109 0.215 0.093
475.0 0.0 0.692 0.138 -0.026
475.0 25.0 1.119 0.220 0.096
475.0 50.0 0.642 0.128 -0.041
475.0 75.0 0.836 0.173 0.016
475.0 100.0 0.872 0.157 0.026
500.0 0.0 0.709 0.144 -0.021
500.0 25.0 0.622 0.134 -0.047
500.0 50.0 1.139 0.254 0.102
500.0 75.0 0.638 0.138 -0.042
525.0 0.0 0.576 0.116 -0.060
525.0 25.0 0.486 0.096 -0.086
525.0 50.0 0.553 0.105 -0.067
550.0 0.0 0.458 0.083 -0.095
550.0 25.0 0.419 0.081 -0.106
575.0 25.0 0.581 0.111 -0.059
#average significance: 1.289
