mC1:mN1:nSig:nSigErr:Zn
#Tag: SR_SS_mumu_1_opt
#Zjets: 0.000000 +/- 0.000000 (0)
#Wjets: 0.000000 +/- 0.000000 (0)
#multitop: 0.000000 +/- 0.000000 (0)
#Vgamma: 0.000000 +/- 0.000000 (0)
#Higgs: 0.002787 +/- 0.001971 (2)
#ttV: 0.099685 +/- 0.024641 (45)
#singletop: 0.107799 +/- 0.107799 (1)
#VVV: 0.191355 +/- 0.066060 (22)
#ttbar: 0.268954 +/- 0.268954 (1)
#VV: 3.196072 +/- 0.387722 (582)
#Total BG: 3.866652 +/- 0.489142 (653)

150.0 0.0 3.490 0.697 1.140
152.5 22.5 4.139 0.815 1.360
162.5 12.5 4.174 0.728 1.371
175.0 0.0 6.037 1.434 1.956
175.0 25.0 3.691 0.823 1.209
177.5 47.5 2.331 0.645 0.725
187.5 12.5 3.582 0.605 1.172
187.5 37.5 3.708 0.738 1.215
190.0 60.0 2.282 0.553 0.707
200.0 0.0 2.992 0.613 0.966
200.0 25.0 4.133 0.789 1.358
200.0 50.0 2.095 0.499 0.636
202.5 72.5 1.819 0.557 0.530
212.5 12.5 3.458 0.695 1.129
212.5 37.5 2.491 0.501 0.784
212.5 62.5 1.772 0.435 0.511
215.0 85.0 1.912 0.477 0.566
225.0 0.0 3.354 1.037 1.093
225.0 25.0 3.657 0.719 1.198
225.0 50.0 2.432 0.573 0.763
225.0 75.0 1.320 0.468 0.332
227.5 97.5 1.678 0.667 0.475
237.5 12.5 4.317 0.816 1.418
237.5 37.5 3.409 0.735 1.112
237.5 62.5 3.168 0.610 1.028
237.5 87.5 1.038 0.366 0.216
240.0 110.0 1.845 0.688 0.540
250.0 0.0 5.302 1.329 1.732
250.0 25.0 2.786 1.010 0.892
250.0 50.0 3.611 0.820 1.182
250.0 75.0 1.762 0.551 0.508
250.0 100.0 1.330 0.425 0.336
262.5 12.5 2.167 0.576 0.663
262.5 37.5 2.877 0.695 0.925
262.5 62.5 1.360 0.417 0.348
262.5 87.5 2.120 0.618 0.646
275.0 0.0 1.938 0.518 0.576
275.0 25.0 1.969 0.482 0.588
275.0 50.0 2.407 0.517 0.753
275.0 75.0 1.462 0.384 0.389
287.5 12.5 1.705 0.441 0.485
287.5 37.5 2.732 0.617 0.872
287.5 62.5 2.691 0.529 0.857
300.0 0.0 1.555 0.377 0.426
300.0 25.0 3.134 0.663 1.016
300.0 50.0 2.127 0.407 0.648
300.0 75.0 2.694 0.821 0.859
300.0 100.0 1.920 0.449 0.569
312.5 12.5 1.391 0.304 0.361
312.5 37.5 1.726 0.394 0.494
325.0 0.0 1.619 0.536 0.452
325.0 25.0 1.670 0.546 0.471
325.0 50.0 2.028 0.529 0.610
325.0 75.0 1.185 0.256 0.277
325.0 100.0 1.741 0.444 0.500
337.5 12.5 1.407 0.297 0.367
350.0 0.0 1.453 0.435 0.385
350.0 25.0 1.299 0.312 0.323
350.0 50.0 1.313 0.295 0.329
350.0 75.0 0.860 0.217 0.141
350.0 100.0 0.759 0.175 0.098
375.0 0.0 1.101 0.257 0.242
375.0 25.0 1.017 0.272 0.207
375.0 50.0 0.684 0.178 0.066
375.0 75.0 0.875 0.202 0.148
400.0 0.0 0.327 0.134 -0.090
400.0 25.0 0.423 0.142 -0.047
400.0 50.0 0.838 0.204 0.132
400.0 75.0 1.213 0.293 0.288
400.0 100.0 0.891 0.301 0.155
425.0 0.0 0.496 0.189 -0.015
425.0 25.0 0.556 0.150 0.011
425.0 50.0 0.570 0.161 0.017
425.0 75.0 0.503 0.141 -0.012
425.0 100.0 0.792 0.211 0.113
450.0 0.0 0.663 0.155 0.057
450.0 25.0 0.647 0.164 0.051
450.0 50.0 0.415 0.149 -0.051
450.0 75.0 0.634 0.154 0.045
450.0 100.0 0.419 0.136 -0.049
475.0 0.0 0.368 0.108 -0.072
475.0 25.0 0.490 0.143 -0.018
475.0 50.0 0.374 0.113 -0.069
475.0 75.0 0.539 0.128 0.004
475.0 100.0 0.442 0.169 -0.039
500.0 0.0 0.394 0.108 -0.060
500.0 25.0 0.515 0.113 -0.007
500.0 50.0 0.320 0.086 -0.093
500.0 75.0 0.467 0.109 -0.028
525.0 0.0 0.312 0.080 -0.097
525.0 25.0 0.255 0.069 -0.122
525.0 50.0 0.469 0.109 -0.027
550.0 0.0 0.319 0.072 -0.093
550.0 25.0 0.421 0.154 -0.048
575.0 25.0 0.099 0.036 -0.193
#average significance: 1.182
