mC1:mN1:nSig:nSigErr:Zn
#Tag: SR_SS_emu_1_pre
#multitop: 0.062245 +/- 0.011856 (93)
#VVV: 15.756593 +/- 0.494073 (2561)
#ttV: 22.262343 +/- 0.434992 (11441)
#singletop: 25.151513 +/- 2.805798 (144)
#Higgs: 58.120116 +/- 5.322581 (1599)
#ttbar: 158.321277 +/- 8.615611 (525)
#Zjets: 552.852141 +/- 75.568246 (1042)
#Vgamma: 661.874022 +/- 22.593197 (2158)
#Wjets: 695.525532 +/- 169.323173 (1616)
#VV: 1469.149017 +/- 9.203067 (285771)
#Total BG: 3659.074799 +/- 187.315003 (306950)

150.0 0.0 218.733 6.384 0.062
152.5 22.5 197.992 5.925 0.040
162.5 12.5 162.541 4.816 0.003
175.0 0.0 121.456 5.161 -0.040
175.0 25.0 126.374 4.902 -0.035
177.5 47.5 120.617 4.790 -0.041
187.5 12.5 103.873 3.880 -0.059
187.5 37.5 100.495 4.130 -0.062
190.0 60.0 92.995 3.749 -0.070
200.0 0.0 80.960 3.844 -0.083
200.0 25.0 76.884 3.468 -0.087
200.0 50.0 78.535 3.464 -0.085
202.5 72.5 76.825 3.562 -0.087
212.5 12.5 62.242 2.918 -0.103
212.5 37.5 63.159 3.133 -0.102
212.5 62.5 69.117 3.212 -0.095
215.0 85.0 61.944 2.937 -0.103
225.0 0.0 50.464 3.145 -0.115
225.0 25.0 51.779 3.444 -0.114
225.0 50.0 56.814 3.308 -0.109
225.0 75.0 53.130 3.570 -0.113
227.5 97.5 51.405 3.068 -0.114
237.5 12.5 49.054 3.257 -0.117
237.5 37.5 44.880 2.629 -0.121
237.5 62.5 39.732 2.402 -0.127
237.5 87.5 38.481 2.279 -0.128
240.0 110.0 40.916 2.396 -0.126
250.0 0.0 37.766 2.888 -0.129
250.0 25.0 35.600 2.586 -0.131
250.0 50.0 34.158 2.712 -0.133
250.0 75.0 38.266 2.744 -0.128
250.0 100.0 34.521 2.541 -0.132
262.5 12.5 35.482 2.891 -0.131
262.5 37.5 31.929 2.117 -0.135
262.5 62.5 30.699 2.319 -0.137
262.5 87.5 27.762 2.261 -0.140
275.0 0.0 27.489 1.860 -0.140
275.0 25.0 25.953 1.822 -0.142
275.0 50.0 26.432 2.343 -0.141
275.0 75.0 24.790 1.862 -0.143
287.5 12.5 25.624 2.047 -0.142
287.5 37.5 21.440 1.670 -0.146
287.5 62.5 24.644 1.872 -0.143
300.0 0.0 18.510 1.550 -0.150
300.0 25.0 21.813 1.671 -0.146
300.0 50.0 22.612 1.828 -0.145
300.0 75.0 19.075 1.431 -0.149
300.0 100.0 21.518 1.764 -0.146
312.5 12.5 15.625 1.204 -0.153
312.5 37.5 16.738 1.475 -0.152
325.0 0.0 13.457 1.067 -0.155
325.0 25.0 12.547 1.042 -0.156
325.0 50.0 14.349 1.097 -0.154
325.0 75.0 14.945 1.111 -0.153
325.0 100.0 15.016 1.160 -0.153
337.5 12.5 14.124 1.013 -0.154
350.0 0.0 12.304 1.012 -0.156
350.0 25.0 10.110 0.716 -0.159
350.0 50.0 9.876 0.717 -0.159
350.0 75.0 11.447 1.028 -0.157
350.0 100.0 9.785 0.728 -0.159
375.0 0.0 7.466 0.644 -0.161
375.0 25.0 8.640 0.662 -0.160
375.0 50.0 7.849 0.602 -0.161
375.0 75.0 8.593 0.660 -0.160
400.0 0.0 6.150 0.791 -0.163
400.0 25.0 6.626 0.707 -0.162
400.0 50.0 6.921 0.674 -0.162
400.0 75.0 6.330 0.782 -0.163
400.0 100.0 6.423 0.637 -0.163
425.0 0.0 4.252 0.480 -0.165
425.0 25.0 5.316 0.566 -0.164
425.0 50.0 6.217 0.714 -0.163
425.0 75.0 4.116 0.468 -0.165
425.0 100.0 4.812 0.640 -0.164
450.0 0.0 3.217 0.338 -0.166
450.0 25.0 3.832 0.807 -0.165
450.0 50.0 4.216 0.622 -0.165
450.0 75.0 3.822 0.449 -0.165
450.0 100.0 3.876 0.412 -0.165
475.0 0.0 2.954 0.298 -0.166
475.0 25.0 3.371 0.418 -0.166
475.0 50.0 2.861 0.303 -0.166
475.0 75.0 3.120 0.330 -0.166
475.0 100.0 2.836 0.430 -0.166
500.0 0.0 2.661 0.287 -0.167
500.0 25.0 2.813 0.278 -0.166
500.0 50.0 3.198 0.360 -0.166
500.0 75.0 2.078 0.272 -0.167
525.0 0.0 2.138 0.222 -0.167
525.0 25.0 2.323 0.265 -0.167
525.0 50.0 2.212 0.220 -0.167
550.0 0.0 1.546 0.174 -0.168
550.0 25.0 1.580 0.191 -0.168
575.0 25.0 1.604 0.187 -0.168
#average significance: -0.028
