mC1:mN1:nSig:nSigErr:Zn
#Tag: SR_SS_ee_2_pre
#multitop: 0.019880 +/- 0.004822 (34)
#VVV: 6.389729 +/- 0.301764 (1165)
#ttV: 10.033213 +/- 0.284642 (5004)
#singletop: 10.733747 +/- 1.680507 (63)
#Higgs: 32.513210 +/- 4.126757 (841)
#ttbar: 81.140700 +/- 6.755490 (234)
#Wjets: 394.274008 +/- 237.230809 (1043)
#VV: 723.972294 +/- 8.059425 (138451)
#Vgamma: 728.746000 +/- 22.731448 (2516)
#Zjets: 3376.984396 +/- 267.995960 (4360)
#Total BG: 5364.807177 +/- 358.814196 (153711)

150.0 0.0 94.574 4.588 -0.104
152.5 22.5 84.979 4.328 -0.111
162.5 12.5 73.758 3.313 -0.119
175.0 0.0 57.329 3.937 -0.130
175.0 25.0 57.932 4.641 -0.130
177.5 47.5 53.473 3.181 -0.133
187.5 12.5 40.684 2.456 -0.142
187.5 37.5 45.710 2.680 -0.139
190.0 60.0 41.199 2.957 -0.142
200.0 0.0 34.840 2.605 -0.147
200.0 25.0 37.091 2.670 -0.145
200.0 50.0 35.952 2.437 -0.146
202.5 72.5 34.826 2.653 -0.147
212.5 12.5 25.828 1.961 -0.153
212.5 37.5 28.908 2.183 -0.151
212.5 62.5 26.108 1.856 -0.153
215.0 85.0 27.326 2.066 -0.152
225.0 0.0 21.044 2.014 -0.157
225.0 25.0 27.204 2.471 -0.152
225.0 50.0 22.311 2.008 -0.156
225.0 75.0 20.563 1.823 -0.157
227.5 97.5 20.212 1.749 -0.157
237.5 12.5 21.398 2.196 -0.156
237.5 37.5 20.349 1.761 -0.157
237.5 62.5 18.162 1.625 -0.159
237.5 87.5 20.253 1.821 -0.157
240.0 110.0 17.493 1.627 -0.159
250.0 0.0 19.476 2.032 -0.158
250.0 25.0 18.315 2.152 -0.159
250.0 50.0 20.715 2.848 -0.157
250.0 75.0 14.014 1.678 -0.162
250.0 100.0 15.844 1.773 -0.160
262.5 12.5 14.804 1.664 -0.161
262.5 37.5 16.349 1.804 -0.160
262.5 62.5 11.099 1.328 -0.164
262.5 87.5 13.015 1.324 -0.162
275.0 0.0 13.599 1.430 -0.162
275.0 25.0 12.532 1.349 -0.163
275.0 50.0 13.077 1.435 -0.162
275.0 75.0 14.331 1.601 -0.162
287.5 12.5 11.097 1.272 -0.164
287.5 37.5 10.629 1.307 -0.164
287.5 62.5 12.623 1.480 -0.163
300.0 0.0 10.403 1.250 -0.164
300.0 25.0 9.205 1.258 -0.165
300.0 50.0 9.691 1.085 -0.165
300.0 75.0 8.838 0.936 -0.165
300.0 100.0 8.954 1.049 -0.165
312.5 12.5 9.179 0.957 -0.165
312.5 37.5 8.752 0.991 -0.166
325.0 0.0 7.466 0.878 -0.166
325.0 25.0 7.734 0.836 -0.166
325.0 50.0 8.284 0.855 -0.166
325.0 75.0 6.593 0.658 -0.167
325.0 100.0 6.637 0.722 -0.167
337.5 12.5 5.817 0.764 -0.168
350.0 0.0 6.523 0.711 -0.167
350.0 25.0 5.539 0.660 -0.168
350.0 50.0 4.948 0.633 -0.168
350.0 75.0 5.347 0.724 -0.168
350.0 100.0 5.730 0.649 -0.168
375.0 0.0 5.021 0.603 -0.168
375.0 25.0 3.876 0.405 -0.169
375.0 50.0 3.928 0.488 -0.169
375.0 75.0 3.941 0.409 -0.169
400.0 0.0 3.567 0.703 -0.169
400.0 25.0 3.467 0.512 -0.169
400.0 50.0 3.642 0.667 -0.169
400.0 75.0 3.691 0.511 -0.169
400.0 100.0 2.875 0.493 -0.170
425.0 0.0 2.512 0.407 -0.170
425.0 25.0 2.327 0.395 -0.170
425.0 50.0 3.382 0.495 -0.169
425.0 75.0 2.393 0.335 -0.170
425.0 100.0 1.772 0.288 -0.171
450.0 0.0 1.761 0.302 -0.171
450.0 25.0 2.289 0.783 -0.170
450.0 50.0 2.126 0.408 -0.170
450.0 75.0 1.983 0.292 -0.170
450.0 100.0 2.307 0.516 -0.170
475.0 0.0 1.438 0.217 -0.171
475.0 25.0 1.207 0.191 -0.171
475.0 50.0 1.755 0.290 -0.171
475.0 75.0 1.861 0.249 -0.171
475.0 100.0 1.770 0.260 -0.171
500.0 0.0 1.229 0.200 -0.171
500.0 25.0 1.423 0.198 -0.171
500.0 50.0 1.147 0.255 -0.171
500.0 75.0 1.121 0.187 -0.171
525.0 0.0 0.950 0.166 -0.171
525.0 25.0 1.138 0.187 -0.171
525.0 50.0 0.968 0.138 -0.171
550.0 0.0 0.934 0.153 -0.171
550.0 25.0 0.933 0.142 -0.171
575.0 25.0 0.678 0.104 -0.171
#average significance: -0.130
