mC1:mN1:nSig:nSigErr:Zn
#Tag: SR_SS_ee_1_opt
#Zjets: -0.189831 +/- 0.216714 (2)
#multitop: 0.000000 +/- 0.000000 (0)
#Higgs: 0.001582 +/- 0.002644 (3)
#ttV: 0.051286 +/- 0.018906 (15)
#VVV: 0.129283 +/- 0.040251 (17)
#ttbar: 0.203811 +/- 0.203811 (1)
#singletop: 0.204645 +/- 0.204645 (1)
#Wjets: 1.273669 +/- 0.662792 (8)
#Vgamma: 2.054382 +/- 1.279767 (9)
#VV: 2.222125 +/- 0.515004 (466)
#Total BG: 6.140783 +/- 1.573116 (522)

150.0 0.0 4.799 0.926 1.017
152.5 22.5 2.974 0.626 0.575
162.5 12.5 3.088 0.641 0.604
175.0 0.0 2.677 0.672 0.499
175.0 25.0 2.207 0.567 0.376
177.5 47.5 1.902 0.512 0.294
187.5 12.5 2.146 0.576 0.359
187.5 37.5 1.701 0.436 0.239
190.0 60.0 1.285 0.438 0.123
200.0 0.0 2.091 0.517 0.345
200.0 25.0 1.731 0.450 0.247
200.0 50.0 2.156 0.584 0.362
202.5 72.5 0.540 0.244 -0.093
212.5 12.5 1.350 0.375 0.141
212.5 37.5 2.126 0.518 0.354
212.5 62.5 1.119 0.384 0.076
215.0 85.0 1.423 0.390 0.162
225.0 0.0 1.945 0.557 0.305
225.0 25.0 1.492 0.460 0.181
225.0 50.0 1.707 0.475 0.240
225.0 75.0 1.875 0.506 0.286
227.5 97.5 0.946 0.374 0.026
237.5 12.5 1.462 0.452 0.173
237.5 37.5 0.925 0.330 0.020
237.5 62.5 1.245 0.413 0.112
237.5 87.5 0.817 0.298 -0.011
240.0 110.0 0.634 0.261 -0.065
250.0 0.0 2.178 0.734 0.368
250.0 25.0 1.149 0.455 0.084
250.0 50.0 2.482 0.816 0.448
250.0 75.0 0.316 0.228 -0.161
250.0 100.0 1.108 0.438 0.073
262.5 12.5 0.794 0.337 -0.018
262.5 37.5 0.949 0.363 0.027
262.5 62.5 1.289 0.453 0.124
262.5 87.5 0.646 0.264 -0.062
275.0 0.0 2.050 0.560 0.334
275.0 25.0 0.886 0.298 0.009
275.0 50.0 0.656 0.282 -0.059
275.0 75.0 1.432 0.538 0.164
287.5 12.5 0.334 0.167 -0.155
287.5 37.5 1.686 0.836 0.235
287.5 62.5 1.014 0.573 0.046
300.0 0.0 0.964 0.304 0.031
300.0 25.0 0.557 0.212 -0.088
300.0 50.0 1.329 0.351 0.135
300.0 75.0 1.575 0.445 0.204
300.0 100.0 0.646 0.233 -0.062
312.5 12.5 0.662 0.207 -0.057
312.5 37.5 0.960 0.311 0.030
325.0 0.0 0.655 0.200 -0.059
325.0 25.0 0.703 0.205 -0.045
325.0 50.0 0.735 0.216 -0.035
325.0 75.0 0.370 0.140 -0.144
325.0 100.0 0.515 0.172 -0.101
337.5 12.5 1.215 0.532 0.103
350.0 0.0 0.550 0.181 -0.090
350.0 25.0 0.846 0.347 -0.003
350.0 50.0 0.658 0.274 -0.058
350.0 75.0 0.462 0.161 -0.117
350.0 100.0 0.844 0.341 -0.004
375.0 0.0 0.062 0.062 -0.238
375.0 25.0 0.251 0.092 -0.180
375.0 50.0 0.428 0.125 -0.127
375.0 75.0 0.294 0.099 -0.167
400.0 0.0 0.363 0.169 -0.147
400.0 25.0 0.305 0.125 -0.164
400.0 50.0 0.588 0.216 -0.079
400.0 75.0 0.454 0.197 -0.119
400.0 100.0 0.199 0.099 -0.196
425.0 0.0 0.417 0.172 -0.130
425.0 25.0 0.430 0.207 -0.126
425.0 50.0 0.431 0.150 -0.126
425.0 75.0 0.226 0.103 -0.188
425.0 100.0 0.086 0.061 -0.231
450.0 0.0 0.030 0.030 -0.248
450.0 25.0 0.140 0.070 -0.214
450.0 50.0 0.139 0.108 -0.215
450.0 75.0 0.152 0.068 -0.211
450.0 100.0 0.667 0.448 -0.056
475.0 0.0 0.190 0.081 -0.199
475.0 25.0 0.159 0.065 -0.209
475.0 50.0 0.214 0.104 -0.192
475.0 75.0 0.216 0.077 -0.191
475.0 100.0 0.315 0.091 -0.161
500.0 0.0 0.087 0.043 -0.231
500.0 25.0 0.220 0.088 -0.190
500.0 50.0 0.118 0.053 -0.221
500.0 75.0 0.058 0.034 -0.240
525.0 0.0 0.071 0.045 -0.236
525.0 25.0 0.193 0.066 -0.198
525.0 50.0 0.191 0.062 -0.199
550.0 0.0 0.149 0.048 -0.211
550.0 25.0 0.079 0.036 -0.233
575.0 25.0 0.024 0.017 -0.250
#average significance: 0.443
