mC1:mN1:nSig:nSigErr:Zn
#Tag: SR_SS_mumu_2_opt
#multitop: 0.000000 +/- 0.000000 (0)
#Vgamma: 0.000000 +/- 0.000000 (0)
#singletop: 0.369690 +/- 0.221387 (3)
#Zjets: 0.560745 +/- 0.294266 (8)
#VVV: 0.647712 +/- 0.104155 (110)
#ttV: 0.793241 +/- 0.078818 (352)
#Wjets: 2.873494 +/- 1.229349 (18)
#ttbar: 5.430022 +/- 1.253545 (20)
#Higgs: 6.938123 +/- 3.744843 (48)
#VV: 38.809323 +/- 2.112142 (9917)
#Total BG: 56.422351 +/- 4.660508 (10476)

150.0 0.0 17.998 1.740 0.826
152.5 22.5 16.022 1.574 0.724
162.5 12.5 16.234 1.360 0.735
175.0 0.0 12.791 1.755 0.553
175.0 25.0 12.833 1.500 0.555
177.5 47.5 14.241 1.965 0.630
187.5 12.5 10.806 1.217 0.445
187.5 37.5 8.700 0.980 0.329
190.0 60.0 9.424 1.115 0.369
200.0 0.0 7.687 1.029 0.273
200.0 25.0 7.604 1.502 0.268
200.0 50.0 8.251 1.221 0.304
202.5 72.5 6.805 0.942 0.223
212.5 12.5 5.586 0.855 0.153
212.5 37.5 7.612 1.209 0.268
212.5 62.5 7.699 1.208 0.273
215.0 85.0 4.980 0.748 0.118
225.0 0.0 6.242 1.124 0.191
225.0 25.0 4.511 0.806 0.091
225.0 50.0 5.230 0.928 0.133
225.0 75.0 4.990 0.961 0.119
227.5 97.5 5.286 0.950 0.136
237.5 12.5 5.234 0.895 0.133
237.5 37.5 6.269 1.028 0.192
237.5 62.5 4.220 0.745 0.074
237.5 87.5 3.937 0.676 0.058
240.0 110.0 5.218 1.158 0.132
250.0 0.0 6.649 1.171 0.214
250.0 25.0 3.964 0.853 0.060
250.0 50.0 4.320 1.133 0.080
250.0 75.0 4.125 0.833 0.069
250.0 100.0 3.789 0.736 0.049
262.5 12.5 2.850 0.638 -0.006
262.5 37.5 3.364 0.795 0.025
262.5 62.5 3.357 0.736 0.024
262.5 87.5 1.776 0.496 -0.069
275.0 0.0 2.670 0.560 -0.016
275.0 25.0 2.584 0.521 -0.021
275.0 50.0 3.718 0.725 0.045
275.0 75.0 2.969 0.644 0.001
287.5 12.5 2.067 0.442 -0.052
287.5 37.5 2.556 0.564 -0.023
287.5 62.5 3.330 0.602 0.023
300.0 0.0 2.112 0.457 -0.049
300.0 25.0 3.326 0.724 0.022
300.0 50.0 2.400 0.444 -0.032
300.0 75.0 2.420 0.727 -0.031
300.0 100.0 2.371 0.470 -0.034
312.5 12.5 1.956 0.487 -0.059
312.5 37.5 2.056 0.439 -0.053
325.0 0.0 1.594 0.547 -0.080
325.0 25.0 1.856 0.587 -0.064
325.0 50.0 1.634 0.420 -0.078
325.0 75.0 2.045 0.354 -0.053
325.0 100.0 1.942 0.432 -0.059
337.5 12.5 1.783 0.312 -0.069
350.0 0.0 0.842 0.220 -0.125
350.0 25.0 1.081 0.236 -0.111
350.0 50.0 1.507 0.310 -0.085
350.0 75.0 1.434 0.309 -0.090
350.0 100.0 0.964 0.200 -0.118
375.0 0.0 0.807 0.239 -0.127
375.0 25.0 1.009 0.267 -0.115
375.0 50.0 0.805 0.188 -0.127
375.0 75.0 0.780 0.180 -0.129
400.0 0.0 0.648 0.208 -0.137
400.0 25.0 0.429 0.144 -0.150
400.0 50.0 0.914 0.268 -0.121
400.0 75.0 1.277 0.292 -0.099
400.0 100.0 0.880 0.235 -0.123
425.0 0.0 0.342 0.115 -0.155
425.0 25.0 0.340 0.114 -0.155
425.0 50.0 0.477 0.154 -0.147
425.0 75.0 0.384 0.123 -0.153
425.0 100.0 0.971 0.325 -0.117
450.0 0.0 0.575 0.137 -0.141
450.0 25.0 0.310 0.104 -0.157
450.0 50.0 0.455 0.130 -0.149
450.0 75.0 0.442 0.127 -0.149
450.0 100.0 0.411 0.157 -0.151
475.0 0.0 0.195 0.076 -0.164
475.0 25.0 0.442 0.137 -0.149
475.0 50.0 0.312 0.104 -0.157
475.0 75.0 0.409 0.115 -0.151
475.0 100.0 0.352 0.112 -0.155
500.0 0.0 0.249 0.098 -0.161
500.0 25.0 0.311 0.089 -0.157
500.0 50.0 0.317 0.083 -0.157
500.0 75.0 0.342 0.088 -0.155
525.0 0.0 0.227 0.065 -0.162
525.0 25.0 0.183 0.059 -0.165
525.0 50.0 0.223 0.066 -0.162
550.0 0.0 0.171 0.050 -0.166
550.0 25.0 0.054 0.027 -0.173
575.0 25.0 0.055 0.025 -0.173
#average significance: 0.544
