mC1:mN1:nSig:nSigErr:Zn
#Tag: SR_SS_ee_2_opt
#Zjets: 0.000000 +/- 0.000000 (0)
#multitop: 0.000000 +/- 0.000000 (0)
#singletop: 0.161341 +/- 0.161341 (1)
#VVV: 0.200280 +/- 0.057464 (26)
#ttV: 0.261936 +/- 0.038683 (100)
#Wjets: 0.409407 +/- 0.337345 (3)
#Higgs: 0.535943 +/- 0.523084 (13)
#Vgamma: 0.705586 +/- 0.324233 (8)
#ttbar: 1.618308 +/- 0.735647 (5)
#VV: 4.395167 +/- 1.016054 (1066)
#Total BG: 8.287968 +/- 1.448074 (1222)

150.0 0.0 5.483 1.032 1.057
152.5 22.5 3.562 0.749 0.645
162.5 12.5 4.759 0.904 0.905
175.0 0.0 2.960 0.893 0.509
175.0 25.0 1.865 0.486 0.252
177.5 47.5 3.081 0.861 0.537
187.5 12.5 2.382 0.480 0.375
187.5 37.5 1.429 0.376 0.146
190.0 60.0 1.418 0.394 0.143
200.0 0.0 2.319 0.791 0.360
200.0 25.0 3.061 0.699 0.532
200.0 50.0 2.647 0.619 0.437
202.5 72.5 2.303 1.001 0.357
212.5 12.5 2.546 0.668 0.414
212.5 37.5 0.996 0.310 0.038
212.5 62.5 1.573 0.387 0.181
215.0 85.0 1.347 0.389 0.126
225.0 0.0 1.832 0.547 0.244
225.0 25.0 2.261 0.676 0.347
225.0 50.0 1.423 0.462 0.144
225.0 75.0 1.139 0.380 0.074
227.5 97.5 0.962 0.383 0.029
237.5 12.5 1.246 0.421 0.101
237.5 37.5 2.145 0.536 0.319
237.5 62.5 1.357 0.458 0.128
237.5 87.5 1.015 0.324 0.043
240.0 110.0 0.453 0.203 -0.101
250.0 0.0 2.297 0.838 0.355
250.0 25.0 1.821 0.533 0.241
250.0 50.0 0.508 0.254 -0.087
250.0 75.0 0.952 0.527 0.027
250.0 100.0 1.375 0.472 0.132
262.5 12.5 1.410 0.430 0.141
262.5 37.5 1.549 0.607 0.175
262.5 62.5 0.657 0.269 -0.048
262.5 87.5 1.412 0.471 0.142
275.0 0.0 1.013 0.347 0.042
275.0 25.0 0.767 0.327 -0.020
275.0 50.0 2.406 0.608 0.381
275.0 75.0 1.193 0.375 0.087
287.5 12.5 1.473 0.362 0.157
287.5 37.5 1.462 0.413 0.154
287.5 62.5 0.546 0.224 -0.077
300.0 0.0 0.668 0.241 -0.046
300.0 25.0 0.981 0.290 0.034
300.0 50.0 0.899 0.423 0.013
300.0 75.0 0.878 0.273 0.008
300.0 100.0 0.994 0.302 0.037
312.5 12.5 1.773 0.469 0.230
312.5 37.5 0.665 0.262 -0.046
325.0 0.0 0.725 0.237 -0.031
325.0 25.0 1.081 0.300 0.059
325.0 50.0 0.864 0.230 0.004
325.0 75.0 0.827 0.222 -0.005
325.0 100.0 0.966 0.261 0.030
337.5 12.5 0.582 0.171 -0.068
350.0 0.0 0.592 0.169 -0.065
350.0 25.0 0.812 0.188 -0.009
350.0 50.0 0.419 0.134 -0.110
350.0 75.0 0.379 0.149 -0.120
350.0 100.0 0.291 0.111 -0.144
375.0 0.0 0.644 0.223 -0.052
375.0 25.0 0.463 0.137 -0.099
375.0 50.0 0.528 0.175 -0.082
375.0 75.0 0.387 0.126 -0.118
400.0 0.0 0.567 0.196 -0.071
400.0 25.0 0.412 0.148 -0.112
400.0 50.0 0.961 0.517 0.029
400.0 75.0 0.331 0.138 -0.133
400.0 100.0 0.251 0.128 -0.154
425.0 0.0 0.324 0.133 -0.135
425.0 25.0 0.247 0.156 -0.155
425.0 50.0 0.242 0.109 -0.156
425.0 75.0 0.312 0.123 -0.138
425.0 100.0 0.144 0.072 -0.182
450.0 0.0 0.284 0.131 -0.145
450.0 25.0 0.339 0.115 -0.131
450.0 50.0 0.304 0.101 -0.140
450.0 75.0 0.324 0.106 -0.135
450.0 100.0 0.270 0.099 -0.149
475.0 0.0 0.217 0.078 -0.163
475.0 25.0 0.109 0.056 -0.191
475.0 50.0 0.099 0.050 -0.194
475.0 75.0 0.274 0.089 -0.148
475.0 100.0 0.124 0.056 -0.187
500.0 0.0 0.100 0.053 -0.194
500.0 25.0 0.184 0.066 -0.171
500.0 50.0 0.171 0.067 -0.175
500.0 75.0 0.334 0.103 -0.132
525.0 0.0 0.068 0.034 -0.202
525.0 25.0 0.071 0.036 -0.202
525.0 50.0 0.083 0.037 -0.198
550.0 0.0 0.160 0.056 -0.178
550.0 25.0 0.124 0.053 -0.187
575.0 25.0 0.059 0.026 -0.205
#average significance: 0.493
