mC1:mN1:nSig:nSigErr:Zn
#Tag: SR_SS_mumu_1_opt
#multitop: 0.000000 +/- 0.000000 (0)
#Vgamma: 0.000000 +/- 0.000000 (0)
#Zjets: 0.035047 +/- 0.024881 (2)
#Wjets: 0.038318 +/- 0.607959 (3)
#ttV: 0.180254 +/- 0.033593 (73)
#singletop: 0.235893 +/- 0.235893 (1)
#ttbar: 0.268577 +/- 0.268577 (1)
#VVV: 0.487344 +/- 0.095244 (54)
#Higgs: 1.556313 +/- 0.773119 (15)
#VV: 10.801336 +/- 0.832116 (2013)
#Total BG: 13.603081 +/- 1.341022 (2162)

150.0 0.0 10.776 1.255 1.601
152.5 22.5 9.874 1.268 1.470
162.5 12.5 9.577 1.127 1.426
175.0 0.0 9.598 1.630 1.429
175.0 25.0 8.810 1.275 1.312
177.5 47.5 8.268 1.414 1.230
187.5 12.5 7.587 1.042 1.125
187.5 37.5 8.179 1.135 1.216
190.0 60.0 6.354 1.063 0.930
200.0 0.0 5.859 0.850 0.850
200.0 25.0 7.128 0.995 1.053
200.0 50.0 4.901 0.950 0.693
202.5 72.5 3.951 0.698 0.532
212.5 12.5 5.874 0.860 0.853
212.5 37.5 4.989 0.786 0.707
212.5 62.5 4.403 0.756 0.609
215.0 85.0 2.724 0.539 0.318
225.0 0.0 7.013 1.256 1.035
225.0 25.0 5.091 0.858 0.724
225.0 50.0 5.905 0.965 0.858
225.0 75.0 4.029 0.873 0.546
227.5 97.5 2.559 0.593 0.288
237.5 12.5 6.290 1.330 0.920
237.5 37.5 5.947 1.004 0.865
237.5 62.5 4.995 0.750 0.708
237.5 87.5 3.321 0.782 0.423
240.0 110.0 4.381 1.258 0.605
250.0 0.0 4.821 0.918 0.679
250.0 25.0 4.116 1.128 0.560
250.0 50.0 4.282 0.885 0.589
250.0 75.0 3.367 0.741 0.431
250.0 100.0 2.793 0.643 0.330
262.5 12.5 2.952 0.674 0.358
262.5 37.5 4.548 0.885 0.634
262.5 62.5 2.667 0.579 0.308
262.5 87.5 2.415 0.593 0.263
275.0 0.0 3.106 0.619 0.385
275.0 25.0 1.988 0.469 0.185
275.0 50.0 2.935 0.593 0.355
275.0 75.0 2.294 0.485 0.241
287.5 12.5 2.576 0.503 0.292
287.5 37.5 3.031 0.626 0.372
287.5 62.5 3.355 0.594 0.429
300.0 0.0 2.532 0.476 0.284
300.0 25.0 3.428 0.702 0.442
300.0 50.0 2.069 0.418 0.200
300.0 75.0 3.157 0.787 0.395
300.0 100.0 2.355 0.486 0.252
312.5 12.5 2.010 0.502 0.189
312.5 37.5 1.680 0.358 0.129
325.0 0.0 2.096 0.563 0.205
325.0 25.0 1.735 0.341 0.139
325.0 50.0 2.352 0.553 0.251
325.0 75.0 1.589 0.320 0.112
325.0 100.0 2.061 0.461 0.199
337.5 12.5 1.760 0.328 0.144
350.0 0.0 1.222 0.283 0.044
350.0 25.0 1.553 0.340 0.105
350.0 50.0 1.497 0.286 0.095
350.0 75.0 1.319 0.320 0.062
350.0 100.0 1.083 0.211 0.018
375.0 0.0 1.377 0.345 0.073
375.0 25.0 1.234 0.287 0.046
375.0 50.0 0.626 0.149 -0.069
375.0 75.0 1.024 0.212 0.007
400.0 0.0 0.628 0.182 -0.068
400.0 25.0 0.536 0.163 -0.086
400.0 50.0 0.922 0.212 -0.013
400.0 75.0 1.249 0.302 0.049
400.0 100.0 0.919 0.230 -0.013
425.0 0.0 0.640 0.203 -0.066
425.0 25.0 0.851 0.188 -0.026
425.0 50.0 0.528 0.147 -0.088
425.0 75.0 0.532 0.153 -0.087
425.0 100.0 1.331 0.436 0.064
450.0 0.0 0.604 0.146 -0.073
450.0 25.0 0.550 0.138 -0.083
450.0 50.0 0.529 0.141 -0.087
450.0 75.0 0.594 0.142 -0.075
450.0 100.0 0.542 0.165 -0.085
475.0 0.0 0.414 0.124 -0.109
475.0 25.0 0.661 0.199 -0.062
475.0 50.0 0.488 0.132 -0.095
475.0 75.0 0.562 0.131 -0.081
475.0 100.0 0.414 0.122 -0.109
500.0 0.0 0.206 0.065 -0.150
500.0 25.0 0.629 0.128 -0.068
500.0 50.0 0.379 0.091 -0.116
500.0 75.0 0.515 0.111 -0.090
525.0 0.0 0.355 0.084 -0.121
525.0 25.0 0.231 0.065 -0.145
525.0 50.0 0.362 0.096 -0.120
550.0 0.0 0.255 0.060 -0.140
550.0 25.0 0.269 0.138 -0.137
575.0 25.0 0.110 0.037 -0.168
#average significance: 1.259
