mC1:mN1:nSig:nSigErr:Zn
#Tag: SR_SS_emu_2_pre
#multitop: 0.062406 +/- 0.011855 (94)
#VVV: 16.413896 +/- 0.504015 (2762)
#ttV: 22.615793 +/- 0.437337 (11725)
#singletop: 25.032323 +/- 2.762161 (144)
#Higgs: 58.873459 +/- 5.357901 (1641)
#ttbar: 159.439229 +/- 8.632149 (530)
#Zjets: 560.023627 +/- 79.240568 (1127)
#Wjets: 693.280379 +/- 169.998374 (1617)
#Vgamma: 696.661682 +/- 22.947352 (2281)
#VV: 1554.202698 +/- 9.429965 (300572)
#Total BG: 3786.605492 +/- 189.486981 (322493)

150.0 0.0 220.279 6.447 0.056
152.5 22.5 199.331 5.945 0.035
162.5 12.5 163.243 4.825 -0.002
175.0 0.0 121.587 5.160 -0.044
175.0 25.0 126.393 4.899 -0.039
177.5 47.5 121.443 4.813 -0.044
187.5 12.5 104.874 3.944 -0.061
187.5 37.5 101.284 4.158 -0.065
190.0 60.0 93.172 3.723 -0.073
200.0 0.0 80.182 3.707 -0.086
200.0 25.0 77.199 3.484 -0.089
200.0 50.0 78.644 3.467 -0.088
202.5 72.5 77.341 3.576 -0.089
212.5 12.5 62.460 2.921 -0.105
212.5 37.5 62.703 3.030 -0.104
212.5 62.5 69.181 3.205 -0.098
215.0 85.0 61.841 2.845 -0.105
225.0 0.0 49.808 3.002 -0.118
225.0 25.0 51.901 3.444 -0.115
225.0 50.0 56.856 3.316 -0.110
225.0 75.0 51.890 3.339 -0.116
227.5 97.5 51.714 3.072 -0.116
237.5 12.5 49.228 3.256 -0.118
237.5 37.5 45.258 2.638 -0.122
237.5 62.5 39.778 2.405 -0.128
237.5 87.5 38.754 2.288 -0.129
240.0 110.0 40.991 2.406 -0.127
250.0 0.0 37.932 2.895 -0.130
250.0 25.0 35.582 2.583 -0.132
250.0 50.0 34.337 2.718 -0.134
250.0 75.0 38.936 2.804 -0.129
250.0 100.0 34.758 2.548 -0.133
262.5 12.5 35.461 2.886 -0.133
262.5 37.5 32.032 2.121 -0.136
262.5 62.5 30.672 2.316 -0.137
262.5 87.5 27.769 2.260 -0.140
275.0 0.0 27.578 1.861 -0.141
275.0 25.0 26.146 1.829 -0.142
275.0 50.0 26.588 2.345 -0.142
275.0 75.0 24.809 1.869 -0.144
287.5 12.5 25.610 2.044 -0.143
287.5 37.5 21.524 1.673 -0.147
287.5 62.5 24.693 1.875 -0.144
300.0 0.0 17.854 1.418 -0.151
300.0 25.0 21.770 1.670 -0.147
300.0 50.0 22.602 1.825 -0.146
300.0 75.0 19.154 1.434 -0.149
300.0 100.0 21.600 1.764 -0.147
312.5 12.5 15.607 1.203 -0.153
312.5 37.5 16.734 1.473 -0.152
325.0 0.0 13.510 1.067 -0.155
325.0 25.0 12.915 1.093 -0.156
325.0 50.0 14.372 1.101 -0.154
325.0 75.0 14.952 1.112 -0.154
325.0 100.0 14.641 1.071 -0.154
337.5 12.5 14.168 1.015 -0.155
350.0 0.0 12.438 1.036 -0.156
350.0 25.0 10.097 0.715 -0.159
350.0 50.0 9.953 0.721 -0.159
350.0 75.0 11.581 1.027 -0.157
350.0 100.0 9.825 0.731 -0.159
375.0 0.0 7.532 0.961 -0.162
375.0 25.0 8.649 0.664 -0.160
375.0 50.0 7.840 0.600 -0.161
375.0 75.0 8.590 0.660 -0.160
400.0 0.0 5.949 0.648 -0.163
400.0 25.0 6.681 0.708 -0.162
400.0 50.0 6.986 0.676 -0.162
400.0 75.0 6.326 0.782 -0.163
400.0 100.0 6.412 0.636 -0.163
425.0 0.0 4.246 0.478 -0.165
425.0 25.0 5.369 0.571 -0.164
425.0 50.0 6.239 0.718 -0.163
425.0 75.0 4.126 0.471 -0.165
425.0 100.0 4.962 0.646 -0.164
450.0 0.0 3.262 0.342 -0.166
450.0 25.0 3.558 0.518 -0.166
450.0 50.0 3.931 0.445 -0.165
450.0 75.0 3.828 0.451 -0.165
450.0 100.0 3.944 0.418 -0.165
475.0 0.0 2.947 0.297 -0.166
475.0 25.0 3.368 0.417 -0.166
475.0 50.0 2.915 0.306 -0.166
475.0 75.0 3.144 0.331 -0.166
475.0 100.0 2.833 0.429 -0.166
500.0 0.0 2.665 0.288 -0.167
500.0 25.0 2.807 0.277 -0.166
500.0 50.0 3.198 0.359 -0.166
500.0 75.0 2.079 0.273 -0.167
525.0 0.0 2.138 0.222 -0.167
525.0 25.0 2.323 0.265 -0.167
525.0 50.0 2.230 0.221 -0.167
550.0 0.0 1.541 0.173 -0.168
550.0 25.0 1.586 0.192 -0.168
575.0 25.0 1.618 0.188 -0.168
#average significance: -0.032
