mC1:mN1:nSig:nSigErr:Zn
#Tag: SR_SS_ee_1_opt
#Zjets: 0.000000 +/- 0.000000 (0)
#multitop: 0.000000 +/- 0.000000 (0)
#Higgs: 0.016142 +/- 0.004915 (11)
#singletop: 0.204645 +/- 0.204645 (1)
#VVV: 0.256012 +/- 0.067498 (36)
#ttV: 0.260088 +/- 0.039582 (89)
#ttbar: 0.313580 +/- 0.313580 (1)
#Wjets: 1.193126 +/- 0.636543 (11)
#Vgamma: 1.474529 +/- 0.936542 (8)
#VV: 5.428006 +/- 0.933306 (1355)
#Total BG: 9.146129 +/- 1.516482 (1512)

150.0 0.0 5.637 1.015 1.023
152.5 22.5 4.197 0.788 0.734
162.5 12.5 4.604 0.767 0.817
175.0 0.0 7.251 2.322 1.331
175.0 25.0 2.677 0.609 0.411
177.5 47.5 3.509 0.906 0.590
187.5 12.5 2.421 0.509 0.354
187.5 37.5 3.520 0.632 0.593
190.0 60.0 1.882 0.510 0.233
200.0 0.0 4.080 0.933 0.710
200.0 25.0 3.244 0.755 0.534
200.0 50.0 3.056 0.606 0.493
202.5 72.5 1.464 0.396 0.137
212.5 12.5 3.653 0.758 0.621
212.5 37.5 3.163 0.756 0.516
212.5 62.5 3.303 0.682 0.546
215.0 85.0 3.015 0.922 0.484
225.0 0.0 3.741 0.793 0.639
225.0 25.0 3.187 0.752 0.522
225.0 50.0 1.924 0.524 0.243
225.0 75.0 1.441 0.449 0.132
227.5 97.5 2.097 0.692 0.282
237.5 12.5 2.705 0.609 0.417
237.5 37.5 2.729 0.594 0.422
237.5 62.5 2.483 0.619 0.368
237.5 87.5 1.817 0.440 0.218
240.0 110.0 1.147 0.333 0.063
250.0 0.0 2.189 0.716 0.303
250.0 25.0 2.187 0.572 0.302
250.0 50.0 3.073 1.009 0.497
250.0 75.0 1.562 0.616 0.160
250.0 100.0 1.425 0.497 0.128
262.5 12.5 2.394 0.593 0.348
262.5 37.5 1.837 0.638 0.223
262.5 62.5 1.814 0.490 0.218
262.5 87.5 1.973 0.547 0.254
275.0 0.0 2.879 0.634 0.455
275.0 25.0 1.600 0.436 0.169
275.0 50.0 3.135 0.687 0.510
275.0 75.0 2.471 0.635 0.365
287.5 12.5 2.176 0.670 0.300
287.5 37.5 1.768 0.434 0.207
287.5 62.5 1.192 0.337 0.074
300.0 0.0 1.919 0.424 0.242
300.0 25.0 0.978 0.288 0.023
300.0 50.0 2.514 0.556 0.375
300.0 75.0 2.086 0.436 0.279
300.0 100.0 1.664 0.384 0.183
312.5 12.5 2.638 0.527 0.402
312.5 37.5 1.809 0.387 0.217
325.0 0.0 2.411 0.436 0.352
325.0 25.0 1.681 0.355 0.187
325.0 50.0 1.928 0.376 0.244
325.0 75.0 1.225 0.304 0.081
325.0 100.0 1.941 0.370 0.247
337.5 12.5 1.700 0.535 0.192
350.0 0.0 1.387 0.315 0.119
350.0 25.0 1.684 0.397 0.188
350.0 50.0 1.188 0.323 0.073
350.0 75.0 1.157 0.273 0.065
350.0 100.0 1.036 0.230 0.037
375.0 0.0 1.182 0.293 0.071
375.0 25.0 1.023 0.211 0.034
375.0 50.0 1.056 0.199 0.042
375.0 75.0 1.032 0.209 0.036
400.0 0.0 0.951 0.285 0.017
400.0 25.0 1.185 0.291 0.072
400.0 50.0 1.864 0.580 0.229
400.0 75.0 1.102 0.313 0.052
400.0 100.0 0.361 0.137 -0.126
425.0 0.0 0.847 0.238 -0.008
425.0 25.0 0.867 0.273 -0.003
425.0 50.0 0.801 0.211 -0.019
425.0 75.0 0.526 0.156 -0.086
425.0 100.0 0.336 0.112 -0.132
450.0 0.0 0.399 0.154 -0.117
450.0 25.0 0.651 0.156 -0.055
450.0 50.0 0.607 0.190 -0.066
450.0 75.0 0.723 0.163 -0.038
450.0 100.0 0.556 0.138 -0.078
475.0 0.0 0.496 0.124 -0.093
475.0 25.0 0.346 0.097 -0.129
475.0 50.0 0.352 0.108 -0.128
475.0 75.0 0.757 0.166 -0.030
475.0 100.0 0.473 0.112 -0.098
500.0 0.0 0.286 0.085 -0.144
500.0 25.0 0.433 0.104 -0.108
500.0 50.0 0.314 0.089 -0.137
500.0 75.0 0.536 0.128 -0.083
525.0 0.0 0.231 0.065 -0.158
525.0 25.0 0.343 0.085 -0.130
525.0 50.0 0.360 0.084 -0.126
550.0 0.0 0.380 0.080 -0.121
550.0 25.0 0.336 0.095 -0.132
575.0 25.0 0.156 0.046 -0.176
#average significance: 0.680
