mC1:mN1:nSig:nSigErr:Zn
#Tag: SR_SS_ee_1_pre
#multitop: 0.019777 +/- 0.004789 (34)
#VVV: 6.499825 +/- 0.302936 (1191)
#ttV: 10.143596 +/- 0.286806 (5053)
#singletop: 10.752929 +/- 1.683567 (63)
#Higgs: 32.596609 +/- 4.151549 (858)
#ttbar: 81.624729 +/- 6.749959 (236)
#Wjets: 391.518390 +/- 237.503462 (1044)
#VV: 724.071045 +/- 8.082813 (138526)
#Vgamma: 728.530094 +/- 22.710582 (2517)
#Zjets: 3379.490404 +/- 268.149635 (4364)
#Total BG: 5365.247399 +/- 359.108659 (153886)

150.0 0.0 95.085 4.619 -0.103
152.5 22.5 85.089 4.330 -0.110
162.5 12.5 73.963 3.320 -0.118
175.0 0.0 57.609 3.951 -0.130
175.0 25.0 57.924 4.633 -0.130
177.5 47.5 53.460 3.185 -0.133
187.5 12.5 41.345 2.477 -0.142
187.5 37.5 45.760 2.680 -0.139
190.0 60.0 41.162 2.904 -0.142
200.0 0.0 34.433 2.507 -0.147
200.0 25.0 37.141 2.676 -0.145
200.0 50.0 36.035 2.436 -0.146
202.5 72.5 34.923 2.656 -0.147
212.5 12.5 25.831 1.965 -0.153
212.5 37.5 28.441 2.103 -0.151
212.5 62.5 26.136 1.863 -0.153
215.0 85.0 27.193 1.999 -0.152
225.0 0.0 21.279 1.961 -0.156
225.0 25.0 27.202 2.471 -0.152
225.0 50.0 22.315 2.012 -0.156
225.0 75.0 20.328 1.749 -0.157
227.5 97.5 20.238 1.750 -0.157
237.5 12.5 21.477 2.196 -0.156
237.5 37.5 20.330 1.759 -0.157
237.5 62.5 18.157 1.623 -0.159
237.5 87.5 20.219 1.817 -0.157
240.0 110.0 17.513 1.634 -0.159
250.0 0.0 19.562 2.034 -0.158
250.0 25.0 18.401 2.149 -0.159
250.0 50.0 20.663 2.832 -0.157
250.0 75.0 13.872 1.675 -0.162
250.0 100.0 15.966 1.772 -0.160
262.5 12.5 14.816 1.669 -0.161
262.5 37.5 16.351 1.803 -0.160
262.5 62.5 11.116 1.332 -0.164
262.5 87.5 13.031 1.328 -0.162
275.0 0.0 13.590 1.427 -0.162
275.0 25.0 12.542 1.351 -0.163
275.0 50.0 13.052 1.433 -0.162
275.0 75.0 14.308 1.594 -0.162
287.5 12.5 11.120 1.276 -0.164
287.5 37.5 10.632 1.304 -0.164
287.5 62.5 12.696 1.481 -0.163
300.0 0.0 10.051 1.138 -0.165
300.0 25.0 9.263 1.256 -0.165
300.0 50.0 9.723 1.094 -0.165
300.0 75.0 8.838 0.938 -0.166
300.0 100.0 8.954 1.050 -0.165
312.5 12.5 9.189 0.959 -0.165
312.5 37.5 8.759 0.993 -0.166
325.0 0.0 7.468 0.878 -0.166
325.0 25.0 8.008 0.871 -0.166
325.0 50.0 8.284 0.856 -0.166
325.0 75.0 6.592 0.658 -0.167
325.0 100.0 6.560 0.688 -0.167
337.5 12.5 5.825 0.764 -0.168
350.0 0.0 6.654 0.730 -0.167
350.0 25.0 5.537 0.660 -0.168
350.0 50.0 4.953 0.635 -0.168
350.0 75.0 5.344 0.723 -0.168
350.0 100.0 5.740 0.652 -0.168
375.0 0.0 5.672 0.955 -0.168
375.0 25.0 3.881 0.406 -0.169
375.0 50.0 3.927 0.487 -0.169
375.0 75.0 3.943 0.410 -0.169
400.0 0.0 3.180 0.498 -0.170
400.0 25.0 3.468 0.512 -0.169
400.0 50.0 3.644 0.667 -0.169
400.0 75.0 3.687 0.511 -0.169
400.0 100.0 2.880 0.496 -0.170
425.0 0.0 2.510 0.406 -0.170
425.0 25.0 2.366 0.397 -0.170
425.0 50.0 3.373 0.494 -0.169
425.0 75.0 2.392 0.335 -0.170
425.0 100.0 1.773 0.288 -0.171
450.0 0.0 1.766 0.304 -0.171
450.0 25.0 1.901 0.461 -0.171
450.0 50.0 1.849 0.295 -0.171
450.0 75.0 1.984 0.292 -0.170
450.0 100.0 2.313 0.515 -0.170
475.0 0.0 1.443 0.217 -0.171
475.0 25.0 1.208 0.192 -0.171
475.0 50.0 1.751 0.289 -0.171
475.0 75.0 1.856 0.248 -0.171
475.0 100.0 1.775 0.261 -0.171
500.0 0.0 1.223 0.196 -0.171
500.0 25.0 1.424 0.198 -0.171
500.0 50.0 1.147 0.255 -0.171
500.0 75.0 1.118 0.185 -0.171
525.0 0.0 0.954 0.168 -0.171
525.0 25.0 1.139 0.188 -0.171
525.0 50.0 0.969 0.138 -0.171
550.0 0.0 0.937 0.154 -0.171
550.0 25.0 0.935 0.142 -0.171
575.0 25.0 0.677 0.104 -0.171
#average significance: -0.130
