mC1:mN1:nSig:nSigErr:Zn
#Tag: SR_SS_emu_2_opt
#Zjets: 0.000000 +/- 0.000000 (0)
#multitop: 0.000000 +/- 0.000000 (0)
#Higgs: 0.017988 +/- 0.008729 (19)
#Vgamma: 0.093051 +/- 0.053622 (4)
#ttV: 0.162192 +/- 0.070451 (90)
#ttbar: 0.263278 +/- 0.263278 (1)
#VVV: 0.412001 +/- 0.101250 (50)
#singletop: 0.416387 +/- 0.416387 (1)
#Wjets: 0.931457 +/- 0.931457 (1)
#VV: 4.424577 +/- 0.408601 (732)
#Total BG: 6.720930 +/- 1.138168 (898)

150.0 0.0 7.233 1.452 1.627
152.5 22.5 5.350 0.933 1.204
162.5 12.5 5.311 0.820 1.195
175.0 0.0 7.988 1.169 1.788
175.0 25.0 5.459 0.927 1.229
177.5 47.5 4.143 1.251 0.915
187.5 12.5 7.108 0.911 1.599
187.5 37.5 4.285 0.849 0.950
190.0 60.0 1.591 0.381 0.245
200.0 0.0 5.242 0.857 1.179
200.0 25.0 5.999 0.922 1.353
200.0 50.0 3.613 0.708 0.783
202.5 72.5 4.034 0.865 0.888
212.5 12.5 4.746 0.850 1.061
212.5 37.5 6.622 1.299 1.493
212.5 62.5 4.045 0.688 0.891
215.0 85.0 2.006 0.447 0.361
225.0 0.0 4.937 1.073 1.107
225.0 25.0 3.861 0.763 0.845
225.0 50.0 4.378 0.783 0.972
225.0 75.0 3.378 0.749 0.723
227.5 97.5 1.820 0.562 0.309
237.5 12.5 5.657 0.866 1.275
237.5 37.5 5.246 1.031 1.180
237.5 62.5 3.023 0.570 0.632
237.5 87.5 2.456 0.554 0.483
240.0 110.0 1.344 0.364 0.175
250.0 0.0 4.659 0.949 1.040
250.0 25.0 3.347 0.683 0.715
250.0 50.0 3.854 0.873 0.843
250.0 75.0 3.533 0.731 0.763
250.0 100.0 1.792 0.474 0.302
262.5 12.5 5.568 1.700 1.255
262.5 37.5 3.933 0.750 0.863
262.5 62.5 3.142 0.607 0.663
262.5 87.5 2.941 0.655 0.611
275.0 0.0 3.106 0.593 0.654
275.0 25.0 3.459 0.642 0.744
275.0 50.0 2.611 0.624 0.524
275.0 75.0 2.687 0.635 0.544
287.5 12.5 3.340 0.610 0.714
287.5 37.5 3.639 0.955 0.790
287.5 62.5 2.947 0.601 0.612
300.0 0.0 2.761 0.556 0.564
300.0 25.0 3.356 0.594 0.718
300.0 50.0 2.454 0.450 0.482
300.0 75.0 2.799 0.479 0.573
300.0 100.0 2.579 0.722 0.515
312.5 12.5 1.977 0.384 0.353
312.5 37.5 2.742 0.691 0.558
325.0 0.0 2.336 0.406 0.450
325.0 25.0 1.970 0.429 0.351
325.0 50.0 2.382 0.488 0.463
325.0 75.0 2.047 0.426 0.372
325.0 100.0 1.976 0.354 0.352
337.5 12.5 2.206 0.341 0.415
350.0 0.0 1.909 0.446 0.334
350.0 25.0 2.239 0.335 0.424
350.0 50.0 1.886 0.295 0.327
350.0 75.0 1.649 0.297 0.262
350.0 100.0 1.409 0.284 0.194
375.0 0.0 2.200 0.721 0.413
375.0 25.0 1.638 0.286 0.259
375.0 50.0 0.918 0.196 0.052
375.0 75.0 1.596 0.353 0.247
400.0 0.0 1.235 0.259 0.144
400.0 25.0 1.247 0.260 0.148
400.0 50.0 1.896 0.354 0.330
400.0 75.0 1.396 0.274 0.190
400.0 100.0 1.694 0.317 0.274
425.0 0.0 1.013 0.244 0.080
425.0 25.0 0.917 0.225 0.052
425.0 50.0 1.366 0.458 0.182
425.0 75.0 0.746 0.179 0.002
425.0 100.0 0.809 0.178 0.020
450.0 0.0 0.905 0.188 0.049
450.0 25.0 0.691 0.169 -0.015
450.0 50.0 0.877 0.195 0.040
450.0 75.0 0.816 0.219 0.022
450.0 100.0 0.971 0.202 0.068
475.0 0.0 0.567 0.126 -0.052
475.0 25.0 1.038 0.213 0.087
475.0 50.0 0.525 0.117 -0.064
475.0 75.0 0.609 0.132 -0.039
475.0 100.0 0.783 0.148 0.013
500.0 0.0 0.531 0.122 -0.062
500.0 25.0 0.575 0.129 -0.049
500.0 50.0 0.975 0.247 0.069
500.0 75.0 0.504 0.124 -0.070
525.0 0.0 0.530 0.112 -0.063
525.0 25.0 0.400 0.088 -0.102
525.0 50.0 0.468 0.097 -0.081
550.0 0.0 0.412 0.079 -0.098
550.0 25.0 0.386 0.078 -0.106
575.0 25.0 0.559 0.110 -0.054
#average significance: 1.193
