mC1:mN1:nSig:nSigErr:Zn
#Tag: SR_SS_ee_1_opt
#Zjets: -0.189831 +/- 0.216714 (2)
#multitop: 0.000000 +/- 0.000000 (0)
#Higgs: 0.001582 +/- 0.002644 (3)
#ttV: 0.048637 +/- 0.018720 (14)
#VVV: 0.128968 +/- 0.040250 (16)
#ttbar: 0.203811 +/- 0.203811 (1)
#singletop: 0.204645 +/- 0.204645 (1)
#Wjets: 1.047327 +/- 0.622946 (7)
#Vgamma: 1.143647 +/- 0.899092 (8)
#VV: 1.876879 +/- 0.488570 (386)
#Total BG: 4.655497 +/- 1.251994 (438)

150.0 0.0 4.058 0.862 1.019
152.5 22.5 2.209 0.534 0.480
162.5 12.5 2.812 0.621 0.664
175.0 0.0 2.338 0.643 0.520
175.0 25.0 2.207 0.567 0.480
177.5 47.5 1.902 0.512 0.384
187.5 12.5 1.690 0.508 0.316
187.5 37.5 1.701 0.436 0.320
190.0 60.0 1.285 0.438 0.183
200.0 0.0 1.875 0.494 0.375
200.0 25.0 1.407 0.409 0.224
200.0 50.0 2.042 0.573 0.428
202.5 72.5 0.303 0.175 -0.160
212.5 12.5 1.168 0.356 0.144
212.5 37.5 2.033 0.510 0.425
212.5 62.5 1.119 0.384 0.127
215.0 85.0 0.828 0.279 0.027
225.0 0.0 1.945 0.557 0.398
225.0 25.0 1.345 0.436 0.203
225.0 50.0 1.586 0.460 0.282
225.0 75.0 1.875 0.506 0.376
227.5 97.5 0.719 0.297 -0.011
237.5 12.5 1.462 0.452 0.242
237.5 37.5 0.925 0.330 0.061
237.5 62.5 1.245 0.413 0.170
237.5 87.5 0.730 0.285 -0.007
240.0 110.0 0.424 0.214 -0.116
250.0 0.0 2.178 0.734 0.471
250.0 25.0 1.149 0.455 0.137
250.0 50.0 2.101 0.766 0.447
250.0 75.0 0.316 0.228 -0.155
250.0 100.0 0.789 0.369 0.014
262.5 12.5 0.581 0.301 -0.059
262.5 37.5 0.949 0.363 0.069
262.5 62.5 1.289 0.453 0.184
262.5 87.5 0.646 0.264 -0.036
275.0 0.0 1.704 0.523 0.321
275.0 25.0 0.794 0.283 0.016
275.0 50.0 0.656 0.282 -0.033
275.0 75.0 1.432 0.538 0.232
287.5 12.5 0.334 0.167 -0.148
287.5 37.5 1.514 0.818 0.259
287.5 62.5 0.934 0.567 0.064
300.0 0.0 0.882 0.292 0.046
300.0 25.0 0.484 0.199 -0.094
300.0 50.0 1.107 0.309 0.123
300.0 75.0 1.461 0.430 0.242
300.0 100.0 0.646 0.233 -0.036
312.5 12.5 0.662 0.207 -0.031
312.5 37.5 0.840 0.287 0.032
325.0 0.0 0.655 0.200 -0.033
325.0 25.0 0.641 0.195 -0.038
325.0 50.0 0.735 0.216 -0.005
325.0 75.0 0.370 0.140 -0.135
325.0 100.0 0.515 0.172 -0.083
337.5 12.5 1.215 0.532 0.160
350.0 0.0 0.508 0.176 -0.086
350.0 25.0 0.806 0.344 0.020
350.0 50.0 0.658 0.274 -0.032
350.0 75.0 0.462 0.161 -0.102
350.0 100.0 0.844 0.341 0.033
375.0 0.0 0.062 0.062 -0.249
375.0 25.0 0.209 0.082 -0.194
375.0 50.0 0.428 0.125 -0.114
375.0 75.0 0.268 0.095 -0.172
400.0 0.0 0.363 0.169 -0.138
400.0 25.0 0.305 0.125 -0.159
400.0 50.0 0.535 0.209 -0.076
400.0 75.0 0.454 0.197 -0.105
400.0 100.0 0.199 0.099 -0.198
425.0 0.0 0.417 0.172 -0.118
425.0 25.0 0.430 0.207 -0.114
425.0 50.0 0.431 0.150 -0.113
425.0 75.0 0.171 0.087 -0.208
425.0 100.0 0.039 0.039 -0.257
450.0 0.0 0.030 0.030 -0.261
450.0 25.0 0.140 0.070 -0.220
450.0 50.0 0.139 0.108 -0.220
450.0 75.0 0.152 0.068 -0.215
450.0 100.0 0.667 0.448 -0.029
475.0 0.0 0.190 0.081 -0.201
475.0 25.0 0.159 0.065 -0.213
475.0 50.0 0.190 0.101 -0.201
475.0 75.0 0.216 0.077 -0.191
475.0 100.0 0.315 0.091 -0.155
500.0 0.0 0.087 0.043 -0.239
500.0 25.0 0.220 0.088 -0.190
500.0 50.0 0.118 0.053 -0.228
500.0 75.0 0.058 0.034 -0.250
525.0 0.0 0.071 0.045 -0.245
525.0 25.0 0.176 0.064 -0.206
525.0 50.0 0.191 0.062 -0.201
550.0 0.0 0.149 0.048 -0.216
550.0 25.0 0.079 0.036 -0.242
575.0 25.0 0.024 0.017 -0.263
#average significance: 0.474
