mC1:mN1:nSig:nSigErr:Zn
#Tag: SR_SS_mumu_1_opt
#Zjets: 0.000000 +/- 0.000000 (0)
#multitop: 0.000000 +/- 0.000000 (0)
#Vgamma: 0.000000 +/- 0.000000 (0)
#ttV: 0.091507 +/- 0.024986 (26)
#singletop: 0.235893 +/- 0.235893 (1)
#ttbar: 0.268577 +/- 0.268577 (1)
#VVV: 0.302947 +/- 0.055987 (45)
#Wjets: 0.306715 +/- 0.306715 (1)
#Higgs: 1.074043 +/- 0.619368 (4)
#VV: 6.900575 +/- 0.773596 (1230)
#Total BG: 9.180256 +/- 1.098944 (1308)

150.0 0.0 7.535 1.097 1.452
152.5 22.5 5.965 0.966 1.145
162.5 12.5 4.664 0.823 0.878
175.0 0.0 4.572 0.841 0.858
175.0 25.0 5.175 0.874 0.984
177.5 47.5 4.852 0.919 0.917
187.5 12.5 3.599 0.678 0.649
187.5 37.5 6.150 1.017 1.182
190.0 60.0 4.027 0.936 0.742
200.0 0.0 3.403 0.684 0.607
200.0 25.0 3.914 0.749 0.718
200.0 50.0 4.053 0.890 0.748
202.5 72.5 2.073 0.507 0.305
212.5 12.5 3.926 0.676 0.720
212.5 37.5 2.495 0.527 0.402
212.5 62.5 2.241 0.546 0.344
215.0 85.0 2.364 0.493 0.372
225.0 0.0 4.589 0.896 0.862
225.0 25.0 2.646 0.619 0.437
225.0 50.0 2.956 0.662 0.507
225.0 75.0 2.382 0.567 0.377
227.5 97.5 1.439 0.419 0.155
237.5 12.5 3.814 1.183 0.696
237.5 37.5 3.228 0.698 0.568
237.5 62.5 2.690 0.545 0.447
237.5 87.5 2.141 0.675 0.321
240.0 110.0 2.064 0.826 0.303
250.0 0.0 1.785 0.501 0.237
250.0 25.0 2.301 0.976 0.358
250.0 50.0 1.965 0.600 0.280
250.0 75.0 1.681 0.469 0.213
250.0 100.0 2.464 0.622 0.395
262.5 12.5 2.041 0.562 0.298
262.5 37.5 2.249 0.552 0.346
262.5 62.5 1.337 0.410 0.131
262.5 87.5 1.488 0.443 0.167
275.0 0.0 1.975 0.543 0.282
275.0 25.0 0.546 0.223 -0.064
275.0 50.0 1.516 0.418 0.174
275.0 75.0 1.693 0.405 0.216
287.5 12.5 1.822 0.619 0.246
287.5 37.5 2.075 0.668 0.305
287.5 62.5 1.790 0.454 0.239
300.0 0.0 1.455 0.360 0.159
300.0 25.0 1.570 0.364 0.186
300.0 50.0 0.827 0.251 0.006
300.0 75.0 1.702 0.397 0.218
300.0 100.0 1.272 0.356 0.115
312.5 12.5 0.872 0.263 0.017
312.5 37.5 0.842 0.250 0.010
325.0 0.0 1.522 0.319 0.175
325.0 25.0 1.157 0.287 0.087
325.0 50.0 1.074 0.361 0.067
325.0 75.0 0.904 0.229 0.025
325.0 100.0 1.208 0.357 0.099
337.5 12.5 0.664 0.200 -0.034
350.0 0.0 0.818 0.234 0.004
350.0 25.0 1.188 0.308 0.095
350.0 50.0 0.701 0.195 -0.025
350.0 75.0 0.683 0.244 -0.030
350.0 100.0 0.560 0.150 -0.060
375.0 0.0 0.784 0.267 -0.004
375.0 25.0 0.506 0.145 -0.074
375.0 50.0 0.328 0.105 -0.119
375.0 75.0 0.667 0.177 -0.034
400.0 0.0 0.265 0.119 -0.135
400.0 25.0 0.204 0.103 -0.150
400.0 50.0 0.398 0.142 -0.101
400.0 75.0 0.659 0.209 -0.036
400.0 100.0 0.486 0.155 -0.079
425.0 0.0 0.385 0.179 -0.104
425.0 25.0 0.455 0.139 -0.087
425.0 50.0 0.321 0.114 -0.121
425.0 75.0 0.330 0.122 -0.118
425.0 100.0 1.164 0.432 0.089
450.0 0.0 0.150 0.079 -0.164
450.0 25.0 0.318 0.106 -0.121
450.0 50.0 0.274 0.097 -0.132
450.0 75.0 0.369 0.113 -0.108
450.0 100.0 0.157 0.069 -0.162
475.0 0.0 0.402 0.125 -0.100
475.0 25.0 0.348 0.156 -0.114
475.0 50.0 0.235 0.091 -0.142
475.0 75.0 0.366 0.113 -0.109
475.0 100.0 0.224 0.088 -0.145
500.0 0.0 0.146 0.055 -0.165
500.0 25.0 0.310 0.089 -0.123
500.0 50.0 0.176 0.060 -0.157
500.0 75.0 0.335 0.094 -0.117
525.0 0.0 0.159 0.057 -0.162
525.0 25.0 0.120 0.046 -0.172
525.0 50.0 0.231 0.082 -0.143
550.0 0.0 0.115 0.040 -0.173
550.0 25.0 0.226 0.136 -0.145
575.0 25.0 0.051 0.026 -0.190
#average significance: 0.941
