mC1:mN1:nSig:nSigErr:Zn
#Tag: SR_SS_emu_1_opt
#Zjets: 0.000000 +/- 0.000000 (0)
#multitop: 0.000000 +/- 0.000000 (0)
#Higgs: 0.005862 +/- 0.003493 (3)
#Wjets: 0.007899 +/- 0.007899 (1)
#ttV: 0.018676 +/- 0.014891 (13)
#singletop: 0.108644 +/- 0.108644 (1)
#Vgamma: 0.181268 +/- 0.157284 (3)
#VVV: 0.182527 +/- 0.046254 (24)
#ttbar: 0.328763 +/- 0.328763 (1)
#VV: 2.938029 +/- 0.418464 (406)
#Total BG: 3.771669 +/- 0.567604 (452)

150.0 0.0 4.357 0.836 1.427
152.5 22.5 4.739 0.837 1.551
162.5 12.5 3.462 0.632 1.127
175.0 0.0 4.698 0.935 1.538
175.0 25.0 4.235 0.929 1.387
177.5 47.5 1.532 0.433 0.414
187.5 12.5 2.752 0.573 0.876
187.5 37.5 1.937 0.430 0.572
190.0 60.0 2.662 0.559 0.844
200.0 0.0 3.328 0.707 1.081
200.0 25.0 4.381 0.863 1.435
200.0 50.0 2.574 0.572 0.812
202.5 72.5 1.748 0.461 0.499
212.5 12.5 2.580 0.604 0.814
212.5 37.5 2.930 0.667 0.941
212.5 62.5 2.372 0.513 0.737
215.0 85.0 1.544 0.370 0.418
225.0 0.0 1.378 0.442 0.351
225.0 25.0 3.386 1.292 1.101
225.0 50.0 2.141 0.525 0.650
225.0 75.0 2.332 0.826 0.722
227.5 97.5 1.081 0.344 0.230
237.5 12.5 2.641 0.572 0.836
237.5 37.5 2.341 0.688 0.725
237.5 62.5 1.702 0.478 0.481
237.5 87.5 0.956 0.325 0.178
240.0 110.0 0.836 0.281 0.127
250.0 0.0 2.135 0.676 0.648
250.0 25.0 2.386 0.569 0.742
250.0 50.0 2.108 0.700 0.638
250.0 75.0 2.154 0.558 0.655
250.0 100.0 0.507 0.255 -0.016
262.5 12.5 2.281 0.553 0.703
262.5 37.5 1.629 0.472 0.452
262.5 62.5 2.266 0.514 0.697
262.5 87.5 1.215 0.380 0.285
275.0 0.0 1.143 0.331 0.255
275.0 25.0 1.548 0.415 0.420
275.0 50.0 1.606 0.526 0.443
275.0 75.0 1.660 0.411 0.464
287.5 12.5 1.273 0.374 0.309
287.5 37.5 1.782 0.776 0.512
287.5 62.5 1.444 0.452 0.378
300.0 0.0 1.345 0.403 0.338
300.0 25.0 1.420 0.375 0.369
300.0 50.0 1.721 0.398 0.488
300.0 75.0 1.417 0.320 0.367
300.0 100.0 1.196 0.324 0.277
312.5 12.5 0.619 0.211 0.034
312.5 37.5 1.724 0.644 0.489
325.0 0.0 1.503 0.313 0.402
325.0 25.0 0.700 0.201 0.069
325.0 50.0 0.844 0.277 0.130
325.0 75.0 1.201 0.286 0.279
325.0 100.0 1.101 0.315 0.238
337.5 12.5 0.923 0.216 0.164
350.0 0.0 0.922 0.263 0.163
350.0 25.0 1.029 0.225 0.208
350.0 50.0 1.105 0.237 0.240
350.0 75.0 0.749 0.190 0.090
350.0 100.0 0.653 0.159 0.048
375.0 0.0 1.191 0.569 0.275
375.0 25.0 0.981 0.236 0.188
375.0 50.0 0.385 0.114 -0.070
375.0 75.0 0.695 0.169 0.066
400.0 0.0 0.266 0.119 -0.123
400.0 25.0 0.752 0.205 0.091
400.0 50.0 0.915 0.266 0.160
400.0 75.0 0.799 0.203 0.111
400.0 100.0 0.796 0.227 0.110
425.0 0.0 0.224 0.092 -0.142
425.0 25.0 0.743 0.211 0.087
425.0 50.0 0.418 0.195 -0.055
425.0 75.0 0.643 0.172 0.044
425.0 100.0 0.315 0.112 -0.101
450.0 0.0 0.361 0.121 -0.081
450.0 25.0 0.311 0.115 -0.103
450.0 50.0 0.383 0.131 -0.070
450.0 75.0 0.170 0.083 -0.167
450.0 100.0 0.392 0.115 -0.067
475.0 0.0 0.119 0.054 -0.190
475.0 25.0 0.673 0.181 0.057
475.0 50.0 0.256 0.081 -0.127
475.0 75.0 0.155 0.064 -0.174
475.0 100.0 0.251 0.086 -0.130
500.0 0.0 0.308 0.095 -0.104
500.0 25.0 0.275 0.099 -0.119
500.0 50.0 0.640 0.231 0.043
500.0 75.0 0.216 0.076 -0.146
525.0 0.0 0.306 0.087 -0.105
525.0 25.0 0.229 0.064 -0.140
525.0 50.0 0.188 0.057 -0.159
550.0 0.0 0.264 0.067 -0.124
550.0 25.0 0.173 0.053 -0.165
575.0 25.0 0.333 0.111 -0.093
#average significance: 1.082
