mC1:mN1:nSig:nSigErr:Zn
#Tag: SR_SS_mumu_2_opt
#Zjets: 0.000000 +/- 0.000000 (0)
#multitop: 0.000000 +/- 0.000000 (0)
#Vgamma: 0.000000 +/- 0.000000 (0)
#Wjets: 0.101438 +/- 0.101438 (1)
#singletop: 0.109258 +/- 0.109258 (1)
#VVV: 0.129066 +/- 0.058566 (16)
#ttV: 0.228806 +/- 0.036492 (85)
#ttbar: 0.281397 +/- 0.281397 (1)
#Higgs: 0.756134 +/- 0.514732 (13)
#VV: 3.971165 +/- 0.332573 (1106)
#Total BG: 5.577263 +/- 0.694065 (1223)

150.0 0.0 3.805 0.850 0.995
152.5 22.5 3.777 0.731 0.987
162.5 12.5 6.742 0.973 1.775
175.0 0.0 5.452 1.412 1.445
175.0 25.0 3.880 0.911 1.016
177.5 47.5 1.864 0.543 0.412
187.5 12.5 4.226 0.787 1.114
187.5 37.5 3.319 0.617 0.855
190.0 60.0 2.426 0.491 0.588
200.0 0.0 3.033 0.620 0.771
200.0 25.0 2.725 0.635 0.679
200.0 50.0 2.358 0.578 0.567
202.5 72.5 2.791 0.672 0.699
212.5 12.5 1.914 0.495 0.428
212.5 37.5 3.037 0.686 0.772
212.5 62.5 2.189 0.543 0.515
215.0 85.0 1.019 0.358 0.136
225.0 0.0 2.997 0.910 0.760
225.0 25.0 1.540 0.450 0.308
225.0 50.0 1.400 0.409 0.263
225.0 75.0 1.567 0.626 0.317
227.5 97.5 1.465 0.553 0.284
237.5 12.5 3.236 0.718 0.831
237.5 37.5 2.417 0.580 0.585
237.5 62.5 2.153 0.535 0.503
237.5 87.5 1.320 0.407 0.236
240.0 110.0 2.729 0.982 0.680
250.0 0.0 3.556 0.936 0.924
250.0 25.0 2.233 0.663 0.528
250.0 50.0 1.573 0.523 0.319
250.0 75.0 1.514 0.530 0.300
250.0 100.0 0.814 0.339 0.067
262.5 12.5 1.357 0.473 0.248
262.5 37.5 1.861 0.639 0.411
262.5 62.5 1.974 0.550 0.447
262.5 87.5 0.988 0.366 0.126
275.0 0.0 1.192 0.331 0.194
275.0 25.0 1.315 0.370 0.235
275.0 50.0 1.300 0.370 0.230
275.0 75.0 1.010 0.322 0.133
287.5 12.5 1.625 0.403 0.336
287.5 37.5 1.762 0.466 0.380
287.5 62.5 2.248 0.472 0.533
300.0 0.0 1.334 0.358 0.241
300.0 25.0 1.859 0.569 0.411
300.0 50.0 1.415 0.330 0.268
300.0 75.0 1.086 0.274 0.158
300.0 100.0 1.618 0.391 0.333
312.5 12.5 1.353 0.448 0.247
312.5 37.5 1.045 0.297 0.145
325.0 0.0 1.063 0.517 0.151
325.0 25.0 1.168 0.550 0.186
325.0 50.0 1.191 0.387 0.193
325.0 75.0 1.036 0.257 0.142
325.0 100.0 0.815 0.268 0.067
337.5 12.5 0.859 0.228 0.082
350.0 0.0 0.749 0.219 0.044
350.0 25.0 0.446 0.145 -0.061
350.0 50.0 0.999 0.259 0.129
350.0 75.0 1.017 0.258 0.135
350.0 100.0 0.670 0.162 0.017
375.0 0.0 0.667 0.202 0.016
375.0 25.0 0.627 0.155 0.002
375.0 50.0 0.547 0.153 -0.025
375.0 75.0 0.859 0.388 0.082
400.0 0.0 0.529 0.168 -0.032
400.0 25.0 0.488 0.156 -0.046
400.0 50.0 0.481 0.153 -0.049
400.0 75.0 0.794 0.242 0.060
400.0 100.0 0.396 0.153 -0.078
425.0 0.0 0.418 0.127 -0.070
425.0 25.0 0.303 0.108 -0.111
425.0 50.0 0.303 0.125 -0.111
425.0 75.0 0.275 0.105 -0.121
425.0 100.0 0.497 0.185 -0.043
450.0 0.0 0.410 0.114 -0.074
450.0 25.0 0.167 0.075 -0.160
450.0 50.0 0.291 0.108 -0.116
450.0 75.0 0.282 0.112 -0.119
450.0 100.0 0.270 0.119 -0.123
475.0 0.0 0.132 0.059 -0.172
475.0 25.0 0.362 0.129 -0.090
475.0 50.0 0.252 0.102 -0.129
475.0 75.0 0.335 0.100 -0.100
475.0 100.0 0.186 0.082 -0.153
500.0 0.0 0.141 0.072 -0.169
500.0 25.0 0.311 0.089 -0.109
500.0 50.0 0.236 0.072 -0.135
500.0 75.0 0.240 0.075 -0.134
525.0 0.0 0.180 0.059 -0.155
525.0 25.0 0.144 0.052 -0.168
525.0 50.0 0.227 0.067 -0.138
550.0 0.0 0.198 0.056 -0.149
550.0 25.0 0.092 0.039 -0.187
575.0 25.0 0.045 0.022 -0.204
