mC1:mN1:nSig:nSigErr:Zn
#Tag: SR_SS_emu_2_opt
#Zjets: 0.000000 +/- 0.000000 (0)
#Wjets: 0.000000 +/- 0.000000 (0)
#multitop: 0.000000 +/- 0.000000 (0)
#Higgs: 0.008685 +/- 0.005975 (13)
#Vgamma: 0.068451 +/- 0.049384 (2)
#VVV: 0.119796 +/- 0.038729 (18)
#ttbar: 0.248639 +/- 0.248639 (1)
#ttV: 0.279230 +/- 0.041089 (117)
#singletop: 0.411730 +/- 0.411730 (1)
#VV: 4.080482 +/- 0.474671 (881)
#Total BG: 5.217013 +/- 0.679940 (1033)

150.0 0.0 5.788 1.392 1.588
152.5 22.5 4.944 0.944 1.359
162.5 12.5 3.667 0.658 0.994
175.0 0.0 4.024 0.736 1.098
175.0 25.0 4.133 0.771 1.130
177.5 47.5 3.281 0.703 0.879
187.5 12.5 5.411 0.756 1.487
187.5 37.5 3.462 0.648 0.933
190.0 60.0 1.643 0.503 0.359
200.0 0.0 3.866 0.779 1.052
200.0 25.0 3.836 0.722 1.044
200.0 50.0 3.422 0.729 0.921
202.5 72.5 3.259 0.710 0.872
212.5 12.5 2.801 0.636 0.732
212.5 37.5 4.504 1.155 1.236
212.5 62.5 2.673 0.517 0.692
215.0 85.0 2.115 0.464 0.514
225.0 0.0 4.143 0.954 1.133
225.0 25.0 2.195 0.584 0.540
225.0 50.0 4.614 0.801 1.267
225.0 75.0 1.999 0.681 0.477
227.5 97.5 2.599 0.696 0.669
237.5 12.5 2.900 0.607 0.762
237.5 37.5 3.133 0.745 0.834
237.5 62.5 2.523 0.555 0.645
237.5 87.5 2.051 0.516 0.494
240.0 110.0 1.065 0.344 0.163
250.0 0.0 2.923 0.679 0.770
250.0 25.0 2.143 0.623 0.524
250.0 50.0 1.863 0.545 0.432
250.0 75.0 2.206 0.566 0.544
250.0 100.0 1.589 0.451 0.341
262.5 12.5 4.050 1.646 1.106
262.5 37.5 2.881 0.662 0.757
262.5 62.5 0.993 0.335 0.137
262.5 87.5 2.572 0.748 0.660
275.0 0.0 1.776 0.428 0.404
275.0 25.0 3.031 0.588 0.803
275.0 50.0 2.115 0.518 0.514
275.0 75.0 1.908 0.457 0.447
287.5 12.5 2.202 0.486 0.543
287.5 37.5 2.572 0.612 0.660
287.5 62.5 1.838 0.432 0.424
300.0 0.0 1.848 0.388 0.427
300.0 25.0 2.683 0.526 0.695
300.0 50.0 2.078 0.427 0.503
300.0 75.0 1.426 0.369 0.286
300.0 100.0 2.449 0.724 0.622
312.5 12.5 1.588 0.330 0.341
312.5 37.5 1.796 0.377 0.410
325.0 0.0 1.203 0.310 0.210
325.0 25.0 0.964 0.240 0.127
325.0 50.0 1.785 0.483 0.407
325.0 75.0 1.550 0.381 0.328
325.0 100.0 1.005 0.262 0.142
337.5 12.5 1.713 0.309 0.383
350.0 0.0 1.513 0.399 0.316
350.0 25.0 1.239 0.246 0.222
350.0 50.0 1.272 0.245 0.234
350.0 75.0 1.093 0.264 0.172
350.0 100.0 0.964 0.262 0.127
375.0 0.0 1.085 0.273 0.169
375.0 25.0 0.792 0.180 0.067
375.0 50.0 0.934 0.200 0.116
375.0 75.0 0.910 0.185 0.108
400.0 0.0 0.696 0.173 0.032
400.0 25.0 0.808 0.212 0.072
400.0 50.0 1.373 0.283 0.268
400.0 75.0 0.772 0.244 0.059
400.0 100.0 0.753 0.199 0.052
425.0 0.0 0.646 0.165 0.014
425.0 25.0 0.391 0.172 -0.078
425.0 50.0 1.251 0.443 0.227
425.0 75.0 0.413 0.133 -0.070
425.0 100.0 0.468 0.137 -0.050
450.0 0.0 0.430 0.122 -0.064
450.0 25.0 0.294 0.134 -0.114
450.0 50.0 1.142 0.393 0.189
450.0 75.0 0.793 0.230 0.067
450.0 100.0 0.630 0.170 0.009
475.0 0.0 0.591 0.131 -0.005
475.0 25.0 0.450 0.117 -0.057
475.0 50.0 0.441 0.115 -0.060
475.0 75.0 0.641 0.146 0.012
475.0 100.0 0.615 0.127 0.003
500.0 0.0 0.380 0.105 -0.082
500.0 25.0 0.445 0.100 -0.059
500.0 50.0 0.363 0.092 -0.089
500.0 75.0 0.391 0.155 -0.078
525.0 0.0 0.299 0.077 -0.112
525.0 25.0 0.216 0.061 -0.143
525.0 50.0 0.434 0.092 -0.063
550.0 0.0 0.220 0.057 -0.142
550.0 25.0 0.141 0.046 -0.171
575.0 25.0 0.303 0.065 -0.111
#average significance: 0.724
