mC1:mN1:nSig:nSigErr:Zn
#Tag: SR_SS_mumu_2_opt
#Zjets: -0.075499 +/- 0.075499 (1)
#multitop: 0.000000 +/- 0.000000 (0)
#Vgamma: 0.000000 +/- 0.000000 (0)
#singletop: 0.107799 +/- 0.107799 (1)
#VVV: 0.314049 +/- 0.077293 (36)
#ttV: 0.511715 +/- 0.067009 (211)
#Higgs: 0.847480 +/- 0.544371 (26)
#ttbar: 1.012107 +/- 0.508766 (4)
#Wjets: 1.709583 +/- 0.850962 (5)
#VV: 10.083297 +/- 0.484176 (2787)
#Total BG: 14.586030 +/- 1.241584 (3071)

150.0 0.0 6.828 1.159 0.965
152.5 22.5 6.415 1.083 0.901
162.5 12.5 6.695 0.970 0.944
175.0 0.0 6.382 1.447 0.896
175.0 25.0 4.827 0.989 0.650
177.5 47.5 3.795 0.963 0.482
187.5 12.5 6.905 0.992 0.976
187.5 37.5 3.893 0.618 0.498
190.0 60.0 4.123 0.724 0.536
200.0 0.0 4.039 0.912 0.522
200.0 25.0 4.811 0.844 0.648
200.0 50.0 4.766 1.283 0.640
202.5 72.5 2.774 0.632 0.310
212.5 12.5 5.051 1.205 0.686
212.5 37.5 5.178 0.870 0.707
212.5 62.5 2.813 0.540 0.316
215.0 85.0 2.312 0.558 0.230
225.0 0.0 5.811 1.285 0.807
225.0 25.0 2.580 0.604 0.276
225.0 50.0 4.224 0.858 0.552
225.0 75.0 3.957 1.783 0.508
227.5 97.5 1.077 0.475 0.012
237.5 12.5 3.534 0.761 0.438
237.5 37.5 5.326 0.949 0.730
237.5 62.5 3.177 0.684 0.378
237.5 87.5 2.528 0.536 0.267
240.0 110.0 3.428 0.724 0.420
250.0 0.0 6.055 1.555 0.845
250.0 25.0 3.862 0.836 0.493
250.0 50.0 2.757 0.708 0.307
250.0 75.0 2.395 0.647 0.244
250.0 100.0 1.604 0.542 0.106
262.5 12.5 2.845 0.648 0.322
262.5 37.5 3.480 0.802 0.429
262.5 62.5 3.114 0.785 0.368
262.5 87.5 2.059 0.584 0.186
275.0 0.0 2.501 0.577 0.263
275.0 25.0 3.054 0.622 0.357
275.0 50.0 3.102 0.650 0.366
275.0 75.0 2.289 0.611 0.226
287.5 12.5 2.430 0.571 0.251
287.5 37.5 2.656 0.576 0.289
287.5 62.5 3.079 0.537 0.362
300.0 0.0 2.685 0.611 0.294
300.0 25.0 3.010 0.670 0.350
300.0 50.0 2.841 0.511 0.321
300.0 75.0 2.321 0.727 0.232
300.0 100.0 2.827 0.545 0.319
312.5 12.5 2.093 0.497 0.192
312.5 37.5 1.910 0.428 0.160
325.0 0.0 1.783 0.564 0.138
325.0 25.0 1.617 0.539 0.108
325.0 50.0 2.489 0.553 0.261
325.0 75.0 1.501 0.306 0.088
325.0 100.0 1.796 0.460 0.140
337.5 12.5 1.708 0.315 0.124
350.0 0.0 1.349 0.432 0.061
350.0 25.0 1.214 0.240 0.036
350.0 50.0 1.588 0.312 0.103
350.0 75.0 1.705 0.327 0.124
350.0 100.0 1.388 0.257 0.068
375.0 0.0 1.394 0.240 0.069
375.0 25.0 1.437 0.305 0.076
375.0 50.0 1.199 0.223 0.034
375.0 75.0 1.553 0.425 0.097
400.0 0.0 0.462 0.155 -0.100
400.0 25.0 0.648 0.184 -0.066
400.0 50.0 1.147 0.336 0.024
400.0 75.0 1.090 0.251 0.014
400.0 100.0 1.162 0.337 0.027
425.0 0.0 0.865 0.229 -0.026
425.0 25.0 0.874 0.194 -0.025
425.0 50.0 1.291 0.270 0.050
425.0 75.0 0.919 0.222 -0.017
425.0 100.0 0.567 0.169 -0.081
450.0 0.0 1.043 0.224 0.006
450.0 25.0 0.777 0.188 -0.043
450.0 50.0 0.676 0.198 -0.061
450.0 75.0 0.533 0.144 -0.087
450.0 100.0 0.582 0.175 -0.078
475.0 0.0 0.378 0.108 -0.116
475.0 25.0 0.597 0.163 -0.075
475.0 50.0 0.384 0.124 -0.115
475.0 75.0 0.542 0.125 -0.086
475.0 100.0 0.407 0.112 -0.110
500.0 0.0 0.406 0.160 -0.111
500.0 25.0 0.577 0.122 -0.079
500.0 50.0 0.554 0.113 -0.083
500.0 75.0 0.597 0.139 -0.075
525.0 0.0 0.378 0.085 -0.116
525.0 25.0 0.248 0.068 -0.140
525.0 50.0 0.449 0.102 -0.103
550.0 0.0 0.386 0.077 -0.114
550.0 25.0 0.297 0.069 -0.131
575.0 25.0 0.166 0.045 -0.155
#average significance: 0.454
