mC1:mN1:nSig:nSigErr:Zn
#Tag: SR_SS_ee_2_opt
#Zjets: 0.000000 +/- 0.000000 (0)
#multitop: 0.000275 +/- 0.000275 (1)
#singletop: 0.037566 +/- 0.037566 (1)
#VVV: 0.305564 +/- 0.057108 (52)
#ttV: 0.484120 +/- 0.050564 (167)
#Higgs: 0.540464 +/- 0.522195 (19)
#ttbar: 2.176946 +/- 1.099443 (5)
#Wjets: 2.507590 +/- 1.153106 (18)
#Vgamma: 2.700457 +/- 1.037962 (20)
#VV: 14.834818 +/- 0.778361 (3388)
#Total BG: 23.587798 +/- 2.121687 (3671)

150.0 0.0 5.766 1.220 0.510
152.5 22.5 5.638 0.933 0.496
162.5 12.5 4.374 0.676 0.351
175.0 0.0 6.941 2.296 0.642
175.0 25.0 3.925 0.795 0.298
177.5 47.5 6.072 1.542 0.545
187.5 12.5 3.859 0.721 0.291
187.5 37.5 3.804 0.671 0.284
190.0 60.0 1.959 0.483 0.063
200.0 0.0 3.482 0.905 0.246
200.0 25.0 4.286 0.864 0.341
200.0 50.0 4.798 0.837 0.400
202.5 72.5 4.560 1.486 0.372
212.5 12.5 4.202 0.807 0.331
212.5 37.5 2.940 0.735 0.182
212.5 62.5 2.685 0.609 0.151
215.0 85.0 2.354 0.513 0.111
225.0 0.0 2.582 0.658 0.139
225.0 25.0 2.923 0.764 0.180
225.0 50.0 3.863 0.956 0.291
225.0 75.0 1.138 0.384 -0.038
227.5 97.5 1.724 0.496 0.034
237.5 12.5 3.351 0.625 0.231
237.5 37.5 3.077 0.636 0.198
237.5 62.5 2.023 0.537 0.071
237.5 87.5 1.837 0.482 0.048
240.0 110.0 1.054 0.320 -0.048
250.0 0.0 1.855 0.545 0.050
250.0 25.0 3.154 0.808 0.207
250.0 50.0 2.007 0.821 0.069
250.0 75.0 2.252 0.705 0.099
250.0 100.0 1.320 0.450 -0.015
262.5 12.5 2.759 0.620 0.160
262.5 37.5 2.456 0.736 0.124
262.5 62.5 1.307 0.409 -0.017
262.5 87.5 1.927 0.532 0.059
275.0 0.0 1.580 0.419 0.017
275.0 25.0 2.046 0.516 0.074
275.0 50.0 3.239 0.683 0.217
275.0 75.0 1.472 0.387 0.003
287.5 12.5 2.331 0.507 0.108
287.5 37.5 1.663 0.436 0.027
287.5 62.5 2.412 0.890 0.118
300.0 0.0 1.639 0.405 0.024
300.0 25.0 2.611 0.914 0.142
300.0 50.0 2.160 0.563 0.088
300.0 75.0 1.504 0.357 0.007
300.0 100.0 1.961 0.432 0.063
312.5 12.5 2.290 0.485 0.103
312.5 37.5 2.095 0.466 0.080
325.0 0.0 1.925 0.384 0.059
325.0 25.0 1.537 0.364 0.011
325.0 50.0 1.376 0.280 -0.009
325.0 75.0 1.458 0.305 0.002
325.0 100.0 1.822 0.379 0.046
337.5 12.5 0.922 0.237 -0.065
350.0 0.0 1.555 0.332 0.014
350.0 25.0 1.644 0.291 0.024
350.0 50.0 0.702 0.204 -0.093
350.0 75.0 0.766 0.217 -0.085
350.0 100.0 0.957 0.218 -0.061
375.0 0.0 1.193 0.215 -0.031
375.0 25.0 1.052 0.210 -0.049
375.0 50.0 1.055 0.204 -0.048
375.0 75.0 0.847 0.187 -0.074
400.0 0.0 1.397 0.520 -0.006
400.0 25.0 1.159 0.314 -0.035
400.0 50.0 1.223 0.531 -0.027
400.0 75.0 0.939 0.234 -0.063
400.0 100.0 0.379 0.165 -0.133
425.0 0.0 0.692 0.197 -0.094
425.0 25.0 0.560 0.192 -0.110
425.0 50.0 0.612 0.188 -0.104
425.0 75.0 0.514 0.154 -0.116
425.0 100.0 0.335 0.112 -0.139
450.0 0.0 0.521 0.165 -0.115
450.0 25.0 0.576 0.163 -0.108
450.0 50.0 0.827 0.249 -0.077
450.0 75.0 0.588 0.148 -0.107
450.0 100.0 0.357 0.112 -0.136
475.0 0.0 0.428 0.113 -0.127
475.0 25.0 0.324 0.106 -0.140
475.0 50.0 0.325 0.094 -0.140
475.0 75.0 0.567 0.131 -0.110
475.0 100.0 0.311 0.098 -0.142
500.0 0.0 0.305 0.087 -0.143
500.0 25.0 0.284 0.083 -0.145
500.0 50.0 0.286 0.089 -0.145
500.0 75.0 0.537 0.134 -0.113
525.0 0.0 0.321 0.080 -0.141
525.0 25.0 0.233 0.069 -0.152
525.0 50.0 0.240 0.067 -0.151
550.0 0.0 0.301 0.073 -0.143
550.0 25.0 0.317 0.092 -0.141
575.0 25.0 0.203 0.055 -0.156
#average significance: 0.159
