mC1:mN1:nSig:nSigErr:Zn
#Tag: SR_SS_emu_2_pre
#multitop: 0.000871 +/- 0.000437 (4)
#VVV: 5.349758 +/- 0.277080 (1008)
#ttV: 7.635601 +/- 0.248797 (3073)
#singletop: 8.857076 +/- 1.455935 (61)
#Higgs: 26.720239 +/- 3.606449 (379)
#ttbar: 74.837684 +/- 5.252698 (253)
#Zjets: 111.777248 +/- 23.436685 (456)
#Vgamma: 172.577701 +/- 13.104862 (661)
#Wjets: 192.786087 +/- 76.140376 (695)
#VV: 527.810078 +/- 4.833647 (136300)
#Total BG: 1128.352342 +/- 81.145501 (142890)

150.0 0.0 97.421 4.374 0.151
152.5 22.5 89.132 4.155 0.124
162.5 12.5 68.501 3.100 0.057
175.0 0.0 56.446 3.685 0.017
175.0 25.0 53.968 3.065 0.009
177.5 47.5 58.540 3.614 0.024
187.5 12.5 45.666 2.450 -0.019
187.5 37.5 46.627 2.843 -0.016
190.0 60.0 39.759 2.392 -0.039
200.0 0.0 36.739 2.689 -0.049
200.0 25.0 34.142 2.278 -0.057
200.0 50.0 34.838 2.284 -0.055
202.5 72.5 35.972 2.602 -0.051
212.5 12.5 31.992 2.072 -0.065
212.5 37.5 28.147 2.168 -0.077
212.5 62.5 32.128 2.183 -0.064
215.0 85.0 25.554 1.705 -0.086
225.0 0.0 24.503 2.179 -0.090
225.0 25.0 25.933 2.562 -0.085
225.0 50.0 24.818 2.057 -0.089
225.0 75.0 22.142 1.999 -0.098
227.5 97.5 23.120 2.130 -0.094
237.5 12.5 21.646 1.957 -0.099
237.5 37.5 21.061 1.757 -0.101
237.5 62.5 18.144 1.614 -0.111
237.5 87.5 18.753 1.559 -0.109
240.0 110.0 17.922 1.519 -0.112
250.0 0.0 19.817 2.262 -0.105
250.0 25.0 15.711 1.639 -0.119
250.0 50.0 16.001 1.987 -0.118
250.0 75.0 19.053 1.954 -0.108
250.0 100.0 16.437 1.704 -0.117
262.5 12.5 16.078 2.131 -0.118
262.5 37.5 17.446 1.551 -0.113
262.5 62.5 14.177 1.683 -0.125
262.5 87.5 12.216 1.359 -0.131
275.0 0.0 12.881 1.285 -0.129
275.0 25.0 11.231 1.265 -0.135
275.0 50.0 12.458 1.473 -0.130
275.0 75.0 11.092 1.246 -0.135
287.5 12.5 12.499 1.531 -0.130
287.5 37.5 11.509 1.137 -0.134
287.5 62.5 11.868 1.321 -0.132
300.0 0.0 10.028 1.189 -0.139
300.0 25.0 10.161 1.045 -0.138
300.0 50.0 11.067 1.251 -0.135
300.0 75.0 9.300 0.911 -0.141
300.0 100.0 11.453 1.328 -0.134
312.5 12.5 8.202 0.931 -0.145
312.5 37.5 7.680 0.926 -0.147
325.0 0.0 5.845 0.770 -0.153
325.0 25.0 6.456 0.710 -0.151
325.0 50.0 7.776 0.864 -0.146
325.0 75.0 6.862 0.734 -0.149
325.0 100.0 7.277 0.844 -0.148
337.5 12.5 6.393 0.626 -0.151
350.0 0.0 6.367 0.793 -0.151
350.0 25.0 4.492 0.469 -0.157
350.0 50.0 4.880 0.503 -0.156
350.0 75.0 4.758 0.593 -0.157
350.0 100.0 4.795 0.522 -0.156
375.0 0.0 4.087 0.474 -0.159
375.0 25.0 3.944 0.447 -0.159
375.0 50.0 3.781 0.440 -0.160
375.0 75.0 3.802 0.395 -0.160
400.0 0.0 3.742 0.559 -0.160
400.0 25.0 3.230 0.511 -0.162
400.0 50.0 3.580 0.466 -0.161
400.0 75.0 2.978 0.643 -0.163
400.0 100.0 2.963 0.436 -0.163
425.0 0.0 2.011 0.335 -0.166
425.0 25.0 2.358 0.342 -0.165
425.0 50.0 3.347 0.594 -0.161
425.0 75.0 1.744 0.310 -0.167
425.0 100.0 2.173 0.374 -0.165
450.0 0.0 1.475 0.223 -0.168
450.0 25.0 1.774 0.447 -0.167
450.0 50.0 2.616 0.514 -0.164
450.0 75.0 2.154 0.327 -0.165
450.0 100.0 1.557 0.252 -0.167
475.0 0.0 1.466 0.205 -0.168
475.0 25.0 1.399 0.204 -0.168
475.0 50.0 1.471 0.220 -0.168
475.0 75.0 1.631 0.245 -0.167
475.0 100.0 1.463 0.210 -0.168
500.0 0.0 1.283 0.205 -0.168
500.0 25.0 1.609 0.208 -0.167
500.0 50.0 1.608 0.219 -0.167
500.0 75.0 1.085 0.213 -0.169
525.0 0.0 1.182 0.166 -0.169
525.0 25.0 1.040 0.146 -0.169
525.0 50.0 1.124 0.152 -0.169
550.0 0.0 0.662 0.111 -0.171
550.0 25.0 0.797 0.154 -0.170
575.0 25.0 0.652 0.095 -0.171
#average significance: -0.090
