mC1:mN1:nSig:nSigErr:Zn
#Tag: SR_SS_emu_1_opt
#Zjets: 0.000000 +/- 0.000000 (0)
#multitop: 0.000000 +/- 0.000000 (0)
#Higgs: 0.007823 +/- 0.004011 (4)
#ttV: 0.068268 +/- 0.021822 (27)
#singletop: 0.108358 +/- 0.108358 (1)
#ttbar: 0.329225 +/- 0.329225 (1)
#VVV: 0.386112 +/- 0.070814 (43)
#Vgamma: 0.475923 +/- 0.333874 (4)
#Wjets: 0.955737 +/- 0.947846 (2)
#VV: 5.092704 +/- 0.543810 (794)
#Total BG: 7.424151 +/- 1.196349 (876)

150.0 0.0 4.980 0.871 1.051
152.5 22.5 6.204 0.961 1.321
162.5 12.5 4.312 0.694 0.898
175.0 0.0 6.179 1.054 1.316
175.0 25.0 6.321 1.393 1.347
177.5 47.5 2.647 0.600 0.496
187.5 12.5 3.723 0.687 0.759
187.5 37.5 2.874 0.568 0.552
190.0 60.0 3.724 0.830 0.759
200.0 0.0 4.297 0.851 0.895
200.0 25.0 5.141 0.906 1.087
200.0 50.0 3.305 0.648 0.658
202.5 72.5 2.736 0.574 0.518
212.5 12.5 3.367 0.709 0.673
212.5 37.5 4.312 0.810 0.898
212.5 62.5 3.411 0.622 0.684
215.0 85.0 2.726 0.561 0.516
225.0 0.0 1.986 0.520 0.327
225.0 25.0 4.237 1.335 0.881
225.0 50.0 2.833 0.599 0.542
225.0 75.0 2.449 0.897 0.446
227.5 97.5 1.603 0.438 0.226
237.5 12.5 2.936 0.597 0.568
237.5 37.5 3.222 0.770 0.638
237.5 62.5 1.938 0.508 0.314
237.5 87.5 1.092 0.352 0.089
240.0 110.0 1.357 0.371 0.161
250.0 0.0 2.557 0.745 0.473
250.0 25.0 4.141 1.010 0.858
250.0 50.0 2.733 0.769 0.517
250.0 75.0 2.310 0.562 0.410
250.0 100.0 1.264 0.404 0.136
262.5 12.5 3.024 0.657 0.590
262.5 37.5 1.836 0.494 0.288
262.5 62.5 2.375 0.526 0.427
262.5 87.5 1.631 0.434 0.234
275.0 0.0 1.642 0.418 0.237
275.0 25.0 1.999 0.475 0.330
275.0 50.0 1.928 0.561 0.312
275.0 75.0 2.189 0.478 0.379
287.5 12.5 2.169 0.472 0.374
287.5 37.5 2.409 0.809 0.436
287.5 62.5 1.751 0.478 0.265
300.0 0.0 1.420 0.451 0.177
300.0 25.0 1.950 0.440 0.318
300.0 50.0 1.870 0.407 0.297
300.0 75.0 1.629 0.356 0.233
300.0 100.0 1.439 0.352 0.183
312.5 12.5 0.726 0.224 -0.012
312.5 37.5 2.196 0.667 0.381
325.0 0.0 1.743 0.346 0.263
325.0 25.0 1.175 0.349 0.111
325.0 50.0 1.079 0.311 0.085
325.0 75.0 1.449 0.314 0.185
325.0 100.0 1.434 0.385 0.181
337.5 12.5 1.343 0.266 0.157
350.0 0.0 1.159 0.367 0.107
350.0 25.0 1.131 0.236 0.099
350.0 50.0 1.214 0.245 0.122
350.0 75.0 0.920 0.209 0.042
350.0 100.0 0.653 0.159 -0.033
375.0 0.0 1.129 0.326 0.099
375.0 25.0 1.173 0.250 0.111
375.0 50.0 0.609 0.157 -0.045
375.0 75.0 0.737 0.174 -0.009
400.0 0.0 0.267 0.110 -0.142
400.0 25.0 0.887 0.220 0.033
400.0 50.0 0.925 0.271 0.043
400.0 75.0 1.066 0.246 0.082
400.0 100.0 1.074 0.259 0.084
425.0 0.0 0.262 0.100 -0.144
425.0 25.0 0.829 0.218 0.017
425.0 50.0 0.463 0.198 -0.086
425.0 75.0 0.681 0.176 -0.025
425.0 100.0 0.353 0.118 -0.117
450.0 0.0 0.524 0.149 -0.069
450.0 25.0 0.359 0.148 -0.116
450.0 50.0 0.458 0.185 -0.088
450.0 75.0 0.289 0.110 -0.136
450.0 100.0 0.511 0.130 -0.072
475.0 0.0 0.195 0.069 -0.163
475.0 25.0 0.765 0.191 -0.001
475.0 50.0 0.313 0.091 -0.129
475.0 75.0 0.238 0.080 -0.150
475.0 100.0 0.312 0.096 -0.129
500.0 0.0 0.358 0.101 -0.116
500.0 25.0 0.279 0.102 -0.139
500.0 50.0 0.701 0.234 -0.019
500.0 75.0 0.316 0.098 -0.128
525.0 0.0 0.356 0.094 -0.117
525.0 25.0 0.262 0.069 -0.143
525.0 50.0 0.264 0.069 -0.143
550.0 0.0 0.291 0.069 -0.135
550.0 25.0 0.187 0.055 -0.165
575.0 25.0 0.331 0.111 -0.124
#average significance: 0.544
