mC1:mN1:nSig:nSigErr:Zn
#Tag: SR_SS_mumu_1_opt
#Zjets: 0.000000 +/- 0.000000 (0)
#Wjets: 0.000000 +/- 0.000000 (0)
#multitop: 0.000000 +/- 0.000000 (0)
#Vgamma: 0.000000 +/- 0.000000 (0)
#ttV: 0.098444 +/- 0.026956 (35)
#singletop: 0.232753 +/- 0.232753 (1)
#VVV: 0.333121 +/- 0.061893 (45)
#ttbar: 0.541318 +/- 0.382777 (2)
#Higgs: 0.736646 +/- 0.518461 (4)
#VV: 6.407652 +/- 0.590404 (1150)
#Total BG: 8.349934 +/- 0.906989 (1237)

150.0 0.0 5.845 0.950 1.211
152.5 22.5 4.906 0.897 1.006
162.5 12.5 4.892 0.862 1.003
175.0 0.0 4.872 0.872 0.999
175.0 25.0 3.867 0.741 0.772
177.5 47.5 4.187 0.768 0.845
187.5 12.5 3.958 0.730 0.793
187.5 37.5 4.207 0.706 0.850
190.0 60.0 2.511 0.588 0.450
200.0 0.0 2.974 0.627 0.562
200.0 25.0 4.657 0.826 0.951
200.0 50.0 4.307 1.313 0.872
202.5 72.5 3.292 0.876 0.638
212.5 12.5 3.997 0.741 0.801
212.5 37.5 2.824 0.567 0.526
212.5 62.5 2.506 0.566 0.449
215.0 85.0 2.130 0.481 0.356
225.0 0.0 4.504 0.953 0.917
225.0 25.0 2.909 0.649 0.546
225.0 50.0 3.192 0.701 0.614
225.0 75.0 1.476 0.461 0.191
227.5 97.5 1.862 0.575 0.289
237.5 12.5 4.087 1.197 0.822
237.5 37.5 2.609 0.594 0.474
237.5 62.5 3.051 0.585 0.580
237.5 87.5 1.997 0.662 0.323
240.0 110.0 1.734 0.791 0.257
250.0 0.0 2.745 0.962 0.507
250.0 25.0 2.680 0.994 0.491
250.0 50.0 2.424 0.684 0.429
250.0 75.0 2.158 0.594 0.363
250.0 100.0 2.760 0.648 0.510
262.5 12.5 2.408 0.601 0.425
262.5 37.5 2.356 0.562 0.412
262.5 62.5 1.357 0.416 0.160
262.5 87.5 1.711 0.498 0.251
275.0 0.0 1.674 0.484 0.241
275.0 25.0 0.751 0.296 0.002
275.0 50.0 1.986 0.469 0.320
275.0 75.0 1.792 0.417 0.271
287.5 12.5 1.672 0.403 0.241
287.5 37.5 2.198 0.576 0.373
287.5 62.5 2.066 0.482 0.340
300.0 0.0 1.436 0.368 0.181
300.0 25.0 1.882 0.397 0.294
300.0 50.0 1.206 0.322 0.121
300.0 75.0 2.054 0.543 0.337
300.0 100.0 1.367 0.373 0.163
312.5 12.5 0.903 0.258 0.042
312.5 37.5 0.970 0.267 0.060
325.0 0.0 1.099 0.262 0.093
325.0 25.0 1.023 0.272 0.073
325.0 50.0 1.528 0.417 0.204
325.0 75.0 0.891 0.225 0.039
325.0 100.0 1.434 0.411 0.180
337.5 12.5 0.821 0.220 0.020
350.0 0.0 0.926 0.253 0.048
350.0 25.0 0.975 0.285 0.061
350.0 50.0 0.809 0.210 0.017
350.0 75.0 0.514 0.228 -0.062
350.0 100.0 0.763 0.176 0.005
375.0 0.0 1.360 0.430 0.161
375.0 25.0 0.617 0.160 -0.034
375.0 50.0 0.495 0.145 -0.067
375.0 75.0 0.566 0.162 -0.048
400.0 0.0 0.311 0.135 -0.117
400.0 25.0 0.251 0.113 -0.133
400.0 50.0 0.499 0.159 -0.066
400.0 75.0 0.727 0.220 -0.005
400.0 100.0 0.485 0.154 -0.070
425.0 0.0 0.499 0.197 -0.066
425.0 25.0 0.428 0.138 -0.085
425.0 50.0 0.283 0.107 -0.125
425.0 75.0 0.518 0.189 -0.061
425.0 100.0 1.031 0.417 0.076
450.0 0.0 0.212 0.091 -0.144
450.0 25.0 0.493 0.143 -0.068
450.0 50.0 0.232 0.079 -0.139
450.0 75.0 0.486 0.132 -0.070
450.0 100.0 0.220 0.081 -0.142
475.0 0.0 0.493 0.142 -0.068
475.0 25.0 0.429 0.166 -0.085
475.0 50.0 0.279 0.096 -0.126
475.0 75.0 0.421 0.112 -0.087
475.0 100.0 0.201 0.086 -0.147
500.0 0.0 0.167 0.059 -0.156
500.0 25.0 0.388 0.100 -0.096
500.0 50.0 0.191 0.067 -0.150
500.0 75.0 0.357 0.096 -0.104
525.0 0.0 0.174 0.059 -0.155
525.0 25.0 0.124 0.048 -0.168
525.0 50.0 0.253 0.086 -0.133
550.0 0.0 0.226 0.085 -0.140
550.0 25.0 0.295 0.141 -0.121
575.0 25.0 0.087 0.034 -0.178
#average significance: 0.542
