mC1:mN1:nSig:nSigErr:Zn
#Tag: SR_SS_ee_1_opt
#Zjets: -0.079656 +/- 0.276084 (6)
#multitop: 0.000000 +/- 0.000000 (0)
#ttV: 0.112236 +/- 0.027260 (30)
#VVV: 0.317533 +/- 0.077815 (34)
#Higgs: 0.365682 +/- 0.357375 (5)
#singletop: 0.715585 +/- 0.442372 (3)
#ttbar: 4.035147 +/- 2.836414 (4)
#Vgamma: 5.581977 +/- 2.334906 (32)
#Wjets: 7.453009 +/- 3.566304 (24)
#VV: 8.200959 +/- 1.122026 (1417)
#Total BG: 26.782128 +/- 5.280239 (1555)

150.0 0.0 5.548 0.973 0.320
152.5 22.5 5.409 0.882 0.307
162.5 12.5 4.449 0.764 0.219
175.0 0.0 3.544 0.749 0.134
175.0 25.0 3.694 0.737 0.148
177.5 47.5 3.168 0.720 0.098
187.5 12.5 3.456 0.775 0.126
187.5 37.5 3.220 0.604 0.103
190.0 60.0 2.325 0.556 0.017
200.0 0.0 3.489 0.695 0.129
200.0 25.0 3.158 0.632 0.097
200.0 50.0 2.696 0.639 0.053
202.5 72.5 1.101 0.355 -0.103
212.5 12.5 2.397 0.502 0.024
212.5 37.5 3.353 0.695 0.116
212.5 62.5 2.524 0.535 0.036
215.0 85.0 3.277 0.998 0.109
225.0 0.0 3.795 0.948 0.158
225.0 25.0 2.295 0.587 0.014
225.0 50.0 2.959 0.659 0.078
225.0 75.0 3.211 0.746 0.102
227.5 97.5 2.284 0.699 0.013
237.5 12.5 2.115 0.526 -0.003
237.5 37.5 1.792 0.457 -0.035
237.5 62.5 1.592 0.460 -0.054
237.5 87.5 1.557 0.431 -0.058
240.0 110.0 1.015 0.324 -0.112
250.0 0.0 2.811 0.802 0.064
250.0 25.0 1.784 0.540 -0.036
250.0 50.0 3.117 0.858 0.093
250.0 75.0 1.104 0.449 -0.103
250.0 100.0 1.914 0.550 -0.023
262.5 12.5 1.485 0.471 -0.065
262.5 37.5 1.620 0.471 -0.052
262.5 62.5 1.391 0.465 -0.074
262.5 87.5 0.969 0.323 -0.116
275.0 0.0 2.240 0.578 0.009
275.0 25.0 1.374 0.391 -0.076
275.0 50.0 1.225 0.391 -0.091
275.0 75.0 2.382 0.644 0.023
287.5 12.5 1.682 0.648 -0.046
287.5 37.5 2.104 0.864 -0.004
287.5 62.5 1.488 0.613 -0.065
300.0 0.0 1.671 0.448 -0.047
300.0 25.0 0.817 0.262 -0.131
300.0 50.0 1.524 0.368 -0.061
300.0 75.0 1.928 0.478 -0.022
300.0 100.0 0.952 0.281 -0.118
312.5 12.5 1.426 0.329 -0.071
312.5 37.5 1.381 0.377 -0.075
325.0 0.0 1.021 0.254 -0.111
325.0 25.0 1.338 0.292 -0.079
325.0 50.0 1.222 0.306 -0.091
325.0 75.0 0.683 0.202 -0.145
325.0 100.0 0.739 0.209 -0.139
337.5 12.5 1.554 0.547 -0.058
350.0 0.0 0.842 0.224 -0.129
350.0 25.0 1.062 0.360 -0.107
350.0 50.0 0.809 0.286 -0.132
350.0 75.0 0.966 0.266 -0.116
350.0 100.0 1.200 0.372 -0.093
375.0 0.0 0.665 0.179 -0.147
375.0 25.0 0.470 0.132 -0.166
375.0 50.0 0.635 0.151 -0.150
375.0 75.0 0.821 0.208 -0.131
400.0 0.0 0.626 0.284 -0.150
400.0 25.0 0.692 0.196 -0.144
400.0 50.0 0.585 0.214 -0.155
400.0 75.0 0.901 0.283 -0.123
400.0 100.0 0.355 0.135 -0.178
425.0 0.0 0.512 0.187 -0.162
425.0 25.0 0.668 0.233 -0.146
425.0 50.0 0.772 0.193 -0.136
425.0 75.0 0.442 0.154 -0.169
425.0 100.0 0.199 0.090 -0.193
450.0 0.0 0.127 0.063 -0.201
450.0 25.0 0.304 0.117 -0.183
450.0 50.0 0.366 0.204 -0.177
450.0 75.0 0.326 0.104 -0.181
450.0 100.0 0.872 0.457 -0.126
475.0 0.0 0.248 0.089 -0.189
475.0 25.0 0.236 0.079 -0.190
475.0 50.0 0.518 0.216 -0.161
475.0 75.0 0.345 0.096 -0.179
475.0 100.0 0.377 0.110 -0.176
500.0 0.0 0.109 0.049 -0.203
500.0 25.0 0.408 0.112 -0.172
500.0 50.0 0.162 0.062 -0.197
500.0 75.0 0.139 0.060 -0.200
525.0 0.0 0.108 0.052 -0.203
525.0 25.0 0.288 0.088 -0.185
525.0 50.0 0.209 0.064 -0.193
550.0 0.0 0.224 0.058 -0.191
550.0 25.0 0.150 0.048 -0.199
575.0 25.0 0.061 0.027 -0.208
#average significance: 0.024
