mC1:mN1:nSig:nSigErr:Zn
#Tag: SR_SS_ee_2_pre
#multitop: 0.002239 +/- 0.001984 (2)
#VVV: 2.280522 +/- 0.182111 (474)
#ttV: 3.444643 +/- 0.159275 (1382)
#singletop: 3.484399 +/- 0.904912 (22)
#Higgs: 15.802529 +/- 3.051475 (211)
#ttbar: 37.489692 +/- 4.462842 (109)
#Vgamma: 203.980954 +/- 12.599795 (812)
#Wjets: 270.576672 +/- 89.904777 (489)
#VV: 277.222042 +/- 4.679663 (67386)
#Zjets: 548.624566 +/- 137.302039 (2000)
#Total BG: 1362.908259 +/- 164.758851 (72887)

150.0 0.0 39.596 2.893 -0.080
152.5 22.5 37.850 2.692 -0.085
162.5 12.5 31.876 2.265 -0.100
175.0 0.0 29.052 3.096 -0.108
175.0 25.0 24.729 2.382 -0.119
177.5 47.5 24.103 2.357 -0.121
187.5 12.5 16.607 1.496 -0.140
187.5 37.5 21.034 1.874 -0.129
190.0 60.0 16.354 1.753 -0.141
200.0 0.0 18.061 2.072 -0.137
200.0 25.0 16.161 1.724 -0.142
200.0 50.0 16.285 1.645 -0.141
202.5 72.5 16.520 1.978 -0.141
212.5 12.5 11.447 1.310 -0.154
212.5 37.5 13.231 1.387 -0.149
212.5 62.5 11.856 1.362 -0.153
215.0 85.0 10.825 1.168 -0.156
225.0 0.0 8.618 1.167 -0.162
225.0 25.0 11.928 1.490 -0.153
225.0 50.0 9.823 1.341 -0.158
225.0 75.0 8.972 1.173 -0.161
227.5 97.5 9.610 1.192 -0.159
237.5 12.5 10.375 1.511 -0.157
237.5 37.5 10.942 1.248 -0.155
237.5 62.5 8.021 1.058 -0.163
237.5 87.5 9.597 1.269 -0.159
240.0 110.0 6.719 0.969 -0.167
250.0 0.0 7.487 1.331 -0.164
250.0 25.0 8.655 1.241 -0.161
250.0 50.0 11.716 2.249 -0.153
250.0 75.0 6.790 1.174 -0.166
250.0 100.0 7.047 1.205 -0.166
262.5 12.5 8.267 1.333 -0.162
262.5 37.5 7.788 1.141 -0.164
262.5 62.5 4.673 0.787 -0.172
262.5 87.5 6.374 0.956 -0.167
275.0 0.0 5.926 0.911 -0.169
275.0 25.0 6.128 0.887 -0.168
275.0 50.0 6.940 1.011 -0.166
275.0 75.0 6.786 1.218 -0.166
287.5 12.5 4.965 0.748 -0.171
287.5 37.5 4.112 0.642 -0.173
287.5 62.5 6.027 1.111 -0.168
300.0 0.0 4.383 0.658 -0.173
300.0 25.0 5.748 1.110 -0.169
300.0 50.0 5.272 0.816 -0.170
300.0 75.0 3.525 0.558 -0.175
300.0 100.0 4.370 0.636 -0.173
312.5 12.5 4.464 0.668 -0.173
312.5 37.5 3.954 0.651 -0.174
325.0 0.0 3.161 0.473 -0.176
325.0 25.0 3.664 0.518 -0.175
325.0 50.0 3.967 0.581 -0.174
325.0 75.0 3.528 0.465 -0.175
325.0 100.0 3.281 0.531 -0.176
337.5 12.5 2.551 0.421 -0.178
350.0 0.0 3.135 0.532 -0.176
350.0 25.0 2.921 0.471 -0.177
350.0 50.0 2.063 0.381 -0.179
350.0 75.0 2.058 0.337 -0.179
350.0 100.0 2.669 0.397 -0.177
375.0 0.0 2.272 0.337 -0.178
375.0 25.0 2.117 0.299 -0.179
375.0 50.0 2.259 0.415 -0.178
375.0 75.0 1.946 0.282 -0.179
400.0 0.0 1.897 0.553 -0.179
400.0 25.0 1.852 0.400 -0.179
400.0 50.0 1.834 0.560 -0.179
400.0 75.0 1.523 0.310 -0.180
400.0 100.0 1.312 0.301 -0.181
425.0 0.0 1.388 0.320 -0.181
425.0 25.0 1.083 0.245 -0.181
425.0 50.0 1.575 0.369 -0.180
425.0 75.0 0.908 0.205 -0.182
425.0 100.0 0.718 0.182 -0.182
450.0 0.0 1.045 0.251 -0.182
450.0 25.0 0.966 0.216 -0.182
450.0 50.0 1.353 0.313 -0.181
450.0 75.0 0.940 0.209 -0.182
450.0 100.0 0.999 0.195 -0.182
475.0 0.0 0.649 0.139 -0.183
475.0 25.0 0.601 0.136 -0.183
475.0 50.0 0.696 0.147 -0.183
475.0 75.0 0.838 0.156 -0.182
475.0 100.0 0.801 0.183 -0.182
500.0 0.0 0.560 0.157 -0.183
500.0 25.0 0.544 0.116 -0.183
500.0 50.0 0.533 0.122 -0.183
500.0 75.0 0.711 0.148 -0.182
525.0 0.0 0.526 0.126 -0.183
525.0 25.0 0.460 0.111 -0.183
525.0 50.0 0.494 0.100 -0.183
550.0 0.0 0.462 0.088 -0.183
550.0 25.0 0.529 0.112 -0.183
575.0 25.0 0.438 0.088 -0.183
#average significance: -0.155
