mC1:mN1:nSig:nSigErr:Zn
#Tag: SR_SS_emu_1_pre
#multitop: 0.000000 +/- 0.000000 (0)
#ttV: 0.835078 +/- 0.106304 (301)
#VVV: 5.006509 +/- 0.276572 (763)
#singletop: 7.441004 +/- 1.519166 (39)
#Higgs: 14.846230 +/- 2.591039 (110)
#ttbar: 20.438192 +/- 4.031942 (50)
#Zjets: 104.562875 +/- 33.909213 (235)
#Vgamma: 198.749997 +/- 11.880041 (619)
#Wjets: 326.049709 +/- 117.896526 (461)
#VV: 422.404024 +/- 5.744226 (60161)
#Total BG: 1100.333618 +/- 123.486529 (62739)

150.0 0.0 71.930 3.466 0.053
152.5 22.5 65.526 3.340 0.032
162.5 12.5 54.695 2.668 -0.003
175.0 0.0 37.621 2.737 -0.058
175.0 25.0 45.283 3.089 -0.033
177.5 47.5 37.714 2.450 -0.058
187.5 12.5 34.600 2.299 -0.068
187.5 37.5 29.306 2.185 -0.085
190.0 60.0 30.855 2.128 -0.080
200.0 0.0 26.961 2.149 -0.093
200.0 25.0 23.822 1.870 -0.103
200.0 50.0 26.009 1.945 -0.096
202.5 72.5 24.518 1.876 -0.101
212.5 12.5 18.629 1.585 -0.120
212.5 37.5 21.220 1.680 -0.112
212.5 62.5 21.081 1.725 -0.112
215.0 85.0 22.412 1.974 -0.108
225.0 0.0 14.088 1.504 -0.135
225.0 25.0 15.262 1.890 -0.131
225.0 50.0 18.897 2.054 -0.119
225.0 75.0 17.628 2.208 -0.124
227.5 97.5 16.032 1.640 -0.129
237.5 12.5 18.363 2.365 -0.121
237.5 37.5 13.776 1.532 -0.136
237.5 62.5 12.207 1.339 -0.141
237.5 87.5 11.168 1.230 -0.145
240.0 110.0 13.893 1.318 -0.136
250.0 0.0 9.939 1.312 -0.149
250.0 25.0 11.338 1.533 -0.144
250.0 50.0 10.202 1.367 -0.148
250.0 75.0 12.768 1.614 -0.140
250.0 100.0 10.257 1.558 -0.148
262.5 12.5 10.494 1.395 -0.147
262.5 37.5 8.645 1.127 -0.153
262.5 62.5 10.104 1.249 -0.148
262.5 87.5 9.276 1.426 -0.151
275.0 0.0 9.465 1.101 -0.151
275.0 25.0 9.117 1.018 -0.152
275.0 50.0 6.065 0.886 -0.162
275.0 75.0 7.779 1.009 -0.156
287.5 12.5 8.661 1.184 -0.153
287.5 37.5 6.105 1.013 -0.162
287.5 62.5 6.167 0.796 -0.161
300.0 0.0 4.751 0.760 -0.166
300.0 25.0 6.856 0.989 -0.159
300.0 50.0 6.028 0.937 -0.162
300.0 75.0 5.969 0.905 -0.162
300.0 100.0 6.193 0.994 -0.161
312.5 12.5 4.202 0.583 -0.168
312.5 37.5 5.794 1.013 -0.163
325.0 0.0 4.228 0.538 -0.168
325.0 25.0 3.809 0.664 -0.169
325.0 50.0 4.099 0.549 -0.168
325.0 75.0 4.366 0.609 -0.167
325.0 100.0 4.101 0.583 -0.168
337.5 12.5 4.320 0.651 -0.168
350.0 0.0 3.073 0.470 -0.172
350.0 25.0 2.927 0.384 -0.172
350.0 50.0 3.347 0.426 -0.171
350.0 75.0 3.396 0.638 -0.171
350.0 100.0 2.557 0.347 -0.173
375.0 0.0 2.058 0.372 -0.175
375.0 25.0 3.013 0.403 -0.172
375.0 50.0 2.036 0.282 -0.175
375.0 75.0 2.961 0.437 -0.172
400.0 0.0 1.576 0.434 -0.177
400.0 25.0 2.475 0.430 -0.174
400.0 50.0 1.886 0.370 -0.176
400.0 75.0 2.250 0.353 -0.174
400.0 100.0 1.903 0.337 -0.176
425.0 0.0 1.099 0.228 -0.178
425.0 25.0 1.883 0.359 -0.176
425.0 50.0 1.617 0.321 -0.177
425.0 75.0 1.493 0.271 -0.177
425.0 100.0 1.218 0.254 -0.178
450.0 0.0 0.883 0.189 -0.179
450.0 25.0 1.543 0.662 -0.177
450.0 50.0 1.148 0.329 -0.178
450.0 75.0 0.749 0.168 -0.179
450.0 100.0 1.075 0.200 -0.178
475.0 0.0 0.707 0.146 -0.180
475.0 25.0 1.340 0.314 -0.177
475.0 50.0 0.789 0.154 -0.179
475.0 75.0 0.642 0.133 -0.180
475.0 100.0 0.715 0.143 -0.180
500.0 0.0 0.803 0.157 -0.179
500.0 25.0 0.630 0.138 -0.180
500.0 50.0 1.121 0.255 -0.178
500.0 75.0 0.595 0.138 -0.180
525.0 0.0 0.530 0.110 -0.180
525.0 25.0 0.831 0.201 -0.179
525.0 50.0 0.571 0.107 -0.180
550.0 0.0 0.491 0.092 -0.180
550.0 25.0 0.415 0.083 -0.181
575.0 25.0 0.665 0.145 -0.180
#average significance: -0.126
