mC1:mN1:nSig:nSigErr:Zn
#Tag: SR_SS_emu_2_opt
#multitop: 0.000000 +/- 0.000000 (0)
#Zjets: 0.004896 +/- 0.004896 (1)
#Higgs: 0.013420 +/- 0.007802 (20)
#Vgamma: 0.068451 +/- 0.049384 (2)
#Wjets: 0.090772 +/- 0.079373 (2)
#ttbar: 0.261089 +/- 0.261089 (1)
#VVV: 0.281458 +/- 0.060267 (35)
#ttV: 0.296082 +/- 0.039686 (115)
#singletop: 0.411730 +/- 0.411730 (1)
#VV: 3.534350 +/- 0.713576 (1110)
#Total BG: 4.962248 +/- 0.872302 (1287)

150.0 0.0 5.298 1.370 1.442
152.5 22.5 5.006 1.031 1.362
162.5 12.5 4.431 0.725 1.203
175.0 0.0 4.996 0.830 1.360
175.0 25.0 4.838 0.825 1.316
177.5 47.5 3.370 0.704 0.894
187.5 12.5 5.125 0.732 1.395
187.5 37.5 4.536 0.739 1.232
190.0 60.0 2.029 0.563 0.477
200.0 0.0 4.875 0.894 1.326
200.0 25.0 4.520 0.805 1.228
200.0 50.0 3.715 0.761 0.997
202.5 72.5 2.741 0.681 0.703
212.5 12.5 4.019 0.781 1.085
212.5 37.5 4.535 1.151 1.232
212.5 62.5 2.746 0.526 0.705
215.0 85.0 2.067 0.454 0.489
225.0 0.0 3.658 0.923 0.980
225.0 25.0 2.852 0.660 0.737
225.0 50.0 3.930 0.720 1.060
225.0 75.0 1.687 0.605 0.364
227.5 97.5 2.125 0.642 0.508
237.5 12.5 3.162 0.624 0.832
237.5 37.5 4.360 0.883 1.183
237.5 62.5 2.442 0.551 0.609
237.5 87.5 2.080 0.526 0.493
240.0 110.0 0.721 0.278 0.030
250.0 0.0 3.595 0.773 0.961
250.0 25.0 1.833 0.584 0.412
250.0 50.0 1.992 0.591 0.465
250.0 75.0 1.599 0.451 0.334
250.0 100.0 1.422 0.441 0.274
262.5 12.5 4.139 1.647 1.120
262.5 37.5 3.570 0.740 0.954
262.5 62.5 1.422 0.616 0.274
262.5 87.5 2.536 0.618 0.639
275.0 0.0 2.406 0.501 0.598
275.0 25.0 2.610 0.549 0.662
275.0 50.0 2.313 0.537 0.568
275.0 75.0 1.896 0.474 0.433
287.5 12.5 3.350 0.654 0.889
287.5 37.5 3.498 0.695 0.933
287.5 62.5 1.772 0.427 0.392
300.0 0.0 4.006 0.883 1.081
300.0 25.0 3.014 0.548 0.787
300.0 50.0 2.955 0.534 0.769
300.0 75.0 2.158 0.437 0.518
300.0 100.0 2.837 0.728 0.733
312.5 12.5 1.977 0.380 0.459
312.5 37.5 2.568 0.672 0.649
325.0 0.0 1.553 0.349 0.319
325.0 25.0 1.202 0.271 0.199
325.0 50.0 1.961 0.494 0.454
325.0 75.0 1.650 0.383 0.352
325.0 100.0 1.766 0.370 0.390
337.5 12.5 2.251 0.381 0.548
350.0 0.0 2.086 0.433 0.495
350.0 25.0 1.636 0.280 0.347
350.0 50.0 1.665 0.289 0.356
350.0 75.0 1.148 0.260 0.180
350.0 100.0 1.352 0.295 0.251
375.0 0.0 1.354 0.287 0.251
375.0 25.0 1.315 0.241 0.238
375.0 50.0 1.171 0.223 0.188
375.0 75.0 1.169 0.213 0.188
400.0 0.0 1.017 0.226 0.135
400.0 25.0 1.210 0.269 0.202
400.0 50.0 1.866 0.344 0.423
400.0 75.0 0.933 0.262 0.105
400.0 100.0 1.266 0.273 0.221
425.0 0.0 0.791 0.180 0.055
425.0 25.0 0.623 0.203 -0.006
425.0 50.0 1.537 0.459 0.314
425.0 75.0 0.422 0.136 -0.079
425.0 100.0 0.691 0.171 0.019
450.0 0.0 0.553 0.137 -0.031
450.0 25.0 0.493 0.160 -0.053
450.0 50.0 1.201 0.391 0.199
450.0 75.0 1.075 0.252 0.155
450.0 100.0 0.816 0.187 0.064
475.0 0.0 0.637 0.134 -0.001
475.0 25.0 0.457 0.118 -0.066
475.0 50.0 0.511 0.122 -0.047
475.0 75.0 0.792 0.180 0.055
475.0 100.0 0.672 0.133 0.012
500.0 0.0 0.520 0.128 -0.043
500.0 25.0 0.635 0.121 -0.001
500.0 50.0 0.514 0.109 -0.046
500.0 75.0 0.590 0.176 -0.018
525.0 0.0 0.452 0.093 -0.068
525.0 25.0 0.359 0.083 -0.103
525.0 50.0 0.560 0.102 -0.029
550.0 0.0 0.359 0.077 -0.102
550.0 25.0 0.320 0.079 -0.117
575.0 25.0 0.409 0.075 -0.084
#average significance: 1.201
