mC1:mN1:nSig:nSigErr:Zn
#Tag: SR_SS_mumu_1_opt
#Zjets: 0.000000 +/- 0.000000 (0)
#Wjets: 0.000000 +/- 0.000000 (0)
#multitop: 0.000000 +/- 0.000000 (0)
#Vgamma: 0.000000 +/- 0.000000 (0)
#ttV: 0.081445 +/- 0.024087 (23)
#singletop: 0.232753 +/- 0.232753 (1)
#VVV: 0.319825 +/- 0.056972 (47)
#ttbar: 0.390164 +/- 0.390164 (1)
#Higgs: 0.784755 +/- 0.555352 (2)
#VV: 6.074956 +/- 0.757507 (1012)
#Total BG: 7.883898 +/- 1.045208 (1086)

150.0 0.0 7.873 1.157 1.655
152.5 22.5 6.051 0.975 1.275
162.5 12.5 4.883 0.857 1.018
175.0 0.0 4.629 0.850 0.961
175.0 25.0 5.090 0.846 1.065
177.5 47.5 5.300 0.960 1.111
187.5 12.5 3.622 0.665 0.728
187.5 37.5 5.216 0.947 1.093
190.0 60.0 3.795 0.907 0.768
200.0 0.0 3.468 0.707 0.691
200.0 25.0 3.295 0.644 0.650
200.0 50.0 4.104 0.893 0.841
202.5 72.5 1.847 0.454 0.290
212.5 12.5 3.790 0.669 0.767
212.5 37.5 3.286 0.740 0.647
212.5 62.5 2.029 0.524 0.336
215.0 85.0 2.713 0.545 0.508
225.0 0.0 4.484 0.941 0.928
225.0 25.0 2.487 0.604 0.452
225.0 50.0 3.383 0.762 0.671
225.0 75.0 2.749 0.681 0.517
227.5 97.5 0.882 0.312 0.035
237.5 12.5 3.426 1.171 0.681
237.5 37.5 2.934 0.665 0.562
237.5 62.5 2.735 0.555 0.513
237.5 87.5 1.668 0.453 0.244
240.0 110.0 2.030 0.828 0.337
250.0 0.0 1.510 0.462 0.202
250.0 25.0 2.553 0.989 0.468
250.0 50.0 2.058 0.602 0.344
250.0 75.0 1.682 0.474 0.247
250.0 100.0 2.452 0.618 0.443
262.5 12.5 1.923 0.549 0.309
262.5 37.5 1.892 0.486 0.301
262.5 62.5 1.212 0.391 0.124
262.5 87.5 1.496 0.446 0.199
275.0 0.0 1.732 0.483 0.260
275.0 25.0 0.366 0.184 -0.107
275.0 50.0 1.313 0.392 0.150
275.0 75.0 2.074 0.486 0.348
287.5 12.5 1.750 0.614 0.265
287.5 37.5 1.916 0.648 0.307
287.5 62.5 1.749 0.445 0.265
300.0 0.0 1.253 0.323 0.134
300.0 25.0 1.357 0.341 0.162
300.0 50.0 0.825 0.250 0.020
300.0 75.0 1.518 0.375 0.205
300.0 100.0 1.264 0.353 0.137
312.5 12.5 0.941 0.272 0.051
312.5 37.5 1.093 0.280 0.092
325.0 0.0 1.516 0.317 0.204
325.0 25.0 1.465 0.328 0.191
325.0 50.0 0.976 0.351 0.060
325.0 75.0 0.997 0.246 0.066
325.0 100.0 0.947 0.251 0.053
337.5 12.5 0.591 0.188 -0.044
350.0 0.0 0.870 0.242 0.032
350.0 25.0 1.185 0.306 0.117
350.0 50.0 0.634 0.185 -0.032
350.0 75.0 0.652 0.249 -0.027
350.0 100.0 0.652 0.164 -0.027
375.0 0.0 0.597 0.150 -0.043
375.0 25.0 0.521 0.143 -0.064
375.0 50.0 0.382 0.118 -0.102
375.0 75.0 0.469 0.134 -0.078
400.0 0.0 0.263 0.126 -0.135
400.0 25.0 0.251 0.113 -0.139
400.0 50.0 0.396 0.141 -0.098
400.0 75.0 0.604 0.202 -0.041
400.0 100.0 0.554 0.169 -0.054
425.0 0.0 0.426 0.182 -0.090
425.0 25.0 0.418 0.134 -0.092
425.0 50.0 0.281 0.107 -0.130
425.0 75.0 0.295 0.117 -0.126
425.0 100.0 1.088 0.429 0.091
450.0 0.0 0.062 0.044 -0.192
450.0 25.0 0.313 0.106 -0.121
450.0 50.0 0.201 0.072 -0.153
450.0 75.0 0.374 0.114 -0.104
450.0 100.0 0.157 0.068 -0.165
475.0 0.0 0.374 0.121 -0.104
475.0 25.0 0.394 0.158 -0.099
475.0 50.0 0.235 0.091 -0.143
475.0 75.0 0.312 0.106 -0.122
475.0 100.0 0.221 0.088 -0.147
500.0 0.0 0.104 0.046 -0.180
500.0 25.0 0.356 0.099 -0.109
500.0 50.0 0.133 0.052 -0.172
500.0 75.0 0.418 0.114 -0.092
525.0 0.0 0.156 0.056 -0.165
525.0 25.0 0.165 0.053 -0.163
525.0 50.0 0.204 0.078 -0.152
550.0 0.0 0.102 0.038 -0.181
550.0 25.0 0.256 0.138 -0.137
575.0 25.0 0.073 0.031 -0.189
#average significance: 1.037
