mC1:mN1:nSig:nSigErr:Zn
#Tag: SR_SS_mumu_2_opt
#Zjets: 0.000000 +/- 0.000000 (0)
#multitop: 0.000000 +/- 0.000000 (0)
#Vgamma: 0.000000 +/- 0.000000 (0)
#singletop: 0.107799 +/- 0.107799 (1)
#VVV: 0.200253 +/- 0.063610 (26)
#ttbar: 0.289504 +/- 0.289504 (1)
#ttV: 0.350788 +/- 0.049095 (136)
#Higgs: 0.420863 +/- 0.392230 (19)
#Wjets: 0.736978 +/- 0.566551 (2)
#VV: 6.226060 +/- 0.434934 (1578)
#Total BG: 8.332245 +/- 0.875147 (1763)

150.0 0.0 6.706 1.131 1.398
152.5 22.5 6.129 1.044 1.277
162.5 12.5 7.392 1.022 1.539
175.0 0.0 6.789 1.473 1.415
175.0 25.0 5.991 1.117 1.247
177.5 47.5 3.575 0.780 0.708
187.5 12.5 6.434 0.947 1.341
187.5 37.5 4.063 0.676 0.821
190.0 60.0 5.268 1.400 1.091
200.0 0.0 4.518 0.805 0.924
200.0 25.0 4.014 0.777 0.810
200.0 50.0 2.176 0.563 0.370
202.5 72.5 3.018 0.667 0.576
212.5 12.5 3.566 0.701 0.706
212.5 37.5 3.983 0.775 0.802
212.5 62.5 3.437 0.673 0.675
215.0 85.0 1.591 0.458 0.223
225.0 0.0 4.805 1.147 0.989
225.0 25.0 2.831 0.636 0.531
225.0 50.0 3.965 0.799 0.798
225.0 75.0 2.716 0.725 0.503
227.5 97.5 1.512 0.565 0.202
237.5 12.5 3.455 0.731 0.679
237.5 37.5 4.614 0.886 0.946
237.5 62.5 2.909 0.608 0.550
237.5 87.5 1.519 0.407 0.204
240.0 110.0 3.433 1.027 0.674
250.0 0.0 5.092 1.490 1.052
250.0 25.0 2.889 0.728 0.545
250.0 50.0 2.379 0.655 0.420
250.0 75.0 1.791 0.562 0.274
250.0 100.0 1.160 0.393 0.111
262.5 12.5 1.737 0.521 0.260
262.5 37.5 2.388 0.689 0.423
262.5 62.5 2.294 0.596 0.400
262.5 87.5 1.192 0.394 0.119
275.0 0.0 2.658 0.555 0.489
275.0 25.0 1.813 0.477 0.279
275.0 50.0 2.229 0.565 0.383
275.0 75.0 1.624 0.410 0.231
287.5 12.5 1.544 0.423 0.210
287.5 37.5 1.845 0.479 0.287
287.5 62.5 2.325 0.463 0.407
300.0 0.0 2.076 0.470 0.345
300.0 25.0 3.018 0.719 0.576
300.0 50.0 1.844 0.375 0.287
300.0 75.0 1.930 0.705 0.309
300.0 100.0 1.819 0.408 0.281
312.5 12.5 1.715 0.471 0.254
312.5 37.5 1.738 0.378 0.260
325.0 0.0 1.287 0.530 0.144
325.0 25.0 1.473 0.534 0.192
325.0 50.0 1.584 0.466 0.221
325.0 75.0 1.332 0.292 0.156
325.0 100.0 1.809 0.458 0.278
337.5 12.5 1.349 0.279 0.160
350.0 0.0 0.778 0.220 0.010
350.0 25.0 0.729 0.189 -0.003
350.0 50.0 1.036 0.262 0.078
350.0 75.0 1.292 0.292 0.145
350.0 100.0 0.931 0.222 0.051
375.0 0.0 0.876 0.189 0.036
375.0 25.0 0.983 0.261 0.065
375.0 50.0 0.676 0.167 -0.017
375.0 75.0 1.071 0.402 0.088
400.0 0.0 0.401 0.124 -0.091
400.0 25.0 0.540 0.165 -0.054
400.0 50.0 1.017 0.298 0.074
400.0 75.0 0.953 0.258 0.057
400.0 100.0 0.480 0.175 -0.070
425.0 0.0 0.563 0.166 -0.048
425.0 25.0 0.381 0.121 -0.097
425.0 50.0 0.496 0.153 -0.066
425.0 75.0 0.519 0.155 -0.059
425.0 100.0 0.457 0.180 -0.076
450.0 0.0 0.584 0.139 -0.042
450.0 25.0 0.422 0.141 -0.086
450.0 50.0 0.540 0.183 -0.054
450.0 75.0 0.472 0.137 -0.072
450.0 100.0 0.417 0.152 -0.087
475.0 0.0 0.212 0.076 -0.143
475.0 25.0 0.391 0.130 -0.094
475.0 50.0 0.320 0.113 -0.114
475.0 75.0 0.403 0.107 -0.091
475.0 100.0 0.330 0.107 -0.111
500.0 0.0 0.364 0.157 -0.101
500.0 25.0 0.381 0.098 -0.097
500.0 50.0 0.300 0.081 -0.119
500.0 75.0 0.322 0.086 -0.113
525.0 0.0 0.214 0.064 -0.143
525.0 25.0 0.174 0.056 -0.154
525.0 50.0 0.284 0.075 -0.124
550.0 0.0 0.254 0.063 -0.132
550.0 25.0 0.106 0.041 -0.173
575.0 25.0 0.072 0.030 -0.182
#average significance: 1.176
