mC1:mN1:nSig:nSigErr:Zn
#Tag: SR_SS_emu_1_opt
#Zjets: 0.000000 +/- 0.000000 (0)
#multitop: 0.000000 +/- 0.000000 (0)
#Higgs: 0.007823 +/- 0.004011 (4)
#Wjets: 0.007924 +/- 0.007924 (1)
#ttV: 0.038708 +/- 0.016707 (16)
#singletop: 0.108358 +/- 0.108358 (1)
#Vgamma: 0.180392 +/- 0.155349 (3)
#VVV: 0.191831 +/- 0.048385 (23)
#ttbar: 0.329225 +/- 0.329225 (1)
#VV: 3.134194 +/- 0.446035 (457)
#Total BG: 3.998456 +/- 0.588141 (506)

150.0 0.0 4.352 0.832 1.382
152.5 22.5 5.159 0.864 1.634
162.5 12.5 3.874 0.665 1.228
175.0 0.0 4.978 0.955 1.578
175.0 25.0 4.611 0.955 1.464
177.5 47.5 1.668 0.453 0.448
187.5 12.5 2.930 0.589 0.909
187.5 37.5 2.011 0.436 0.578
190.0 60.0 2.748 0.566 0.845
200.0 0.0 3.545 0.751 1.119
200.0 25.0 4.609 0.874 1.464
200.0 50.0 2.579 0.573 0.785
202.5 72.5 2.276 0.519 0.676
212.5 12.5 2.755 0.617 0.847
212.5 37.5 3.430 0.736 1.080
212.5 62.5 2.462 0.519 0.743
215.0 85.0 1.878 0.409 0.528
225.0 0.0 1.762 0.495 0.484
225.0 25.0 3.593 1.304 1.135
225.0 50.0 2.274 0.542 0.675
225.0 75.0 2.449 0.897 0.738
227.5 97.5 1.507 0.427 0.386
237.5 12.5 2.846 0.590 0.879
237.5 37.5 2.711 0.735 0.832
237.5 62.5 1.849 0.501 0.517
237.5 87.5 0.960 0.327 0.169
240.0 110.0 0.837 0.281 0.118
250.0 0.0 2.266 0.686 0.672
250.0 25.0 3.250 0.897 1.019
250.0 50.0 2.294 0.725 0.682
250.0 75.0 2.055 0.532 0.594
250.0 100.0 0.504 0.254 -0.021
262.5 12.5 2.395 0.565 0.719
262.5 37.5 1.626 0.471 0.432
262.5 62.5 2.269 0.515 0.673
262.5 87.5 1.445 0.413 0.362
275.0 0.0 1.560 0.410 0.407
275.0 25.0 1.682 0.436 0.454
275.0 50.0 1.718 0.540 0.468
275.0 75.0 1.808 0.437 0.502
287.5 12.5 1.631 0.415 0.434
287.5 37.5 2.100 0.794 0.611
287.5 62.5 1.523 0.459 0.393
300.0 0.0 1.420 0.451 0.352
300.0 25.0 1.425 0.375 0.354
300.0 50.0 1.789 0.402 0.495
300.0 75.0 1.546 0.346 0.401
300.0 100.0 1.274 0.332 0.295
312.5 12.5 0.726 0.224 0.073
312.5 37.5 1.894 0.653 0.534
325.0 0.0 1.579 0.322 0.414
325.0 25.0 0.850 0.225 0.124
325.0 50.0 0.968 0.291 0.172
325.0 75.0 1.268 0.294 0.293
325.0 100.0 1.192 0.356 0.263
337.5 12.5 1.232 0.253 0.278
350.0 0.0 1.159 0.367 0.249
350.0 25.0 1.029 0.224 0.197
350.0 50.0 1.104 0.237 0.227
350.0 75.0 0.833 0.199 0.117
350.0 100.0 0.653 0.159 0.042
375.0 0.0 1.095 0.324 0.223
375.0 25.0 1.138 0.248 0.241
375.0 50.0 0.441 0.127 -0.048
375.0 75.0 0.737 0.174 0.077
400.0 0.0 0.219 0.100 -0.144
400.0 25.0 0.754 0.206 0.084
400.0 50.0 0.925 0.271 0.155
400.0 75.0 1.066 0.246 0.212
400.0 100.0 0.927 0.245 0.155
425.0 0.0 0.223 0.092 -0.142
425.0 25.0 0.738 0.207 0.077
425.0 50.0 0.414 0.191 -0.059
425.0 75.0 0.641 0.172 0.037
425.0 100.0 0.353 0.118 -0.086
450.0 0.0 0.424 0.129 -0.055
450.0 25.0 0.329 0.145 -0.096
450.0 50.0 0.458 0.185 -0.040
450.0 75.0 0.261 0.107 -0.125
450.0 100.0 0.511 0.130 -0.018
475.0 0.0 0.120 0.054 -0.188
475.0 25.0 0.765 0.191 0.089
475.0 50.0 0.313 0.091 -0.103
475.0 75.0 0.178 0.068 -0.162
475.0 100.0 0.278 0.090 -0.118
500.0 0.0 0.329 0.097 -0.096
500.0 25.0 0.279 0.102 -0.118
500.0 50.0 0.683 0.233 0.055
500.0 75.0 0.215 0.075 -0.146
525.0 0.0 0.325 0.088 -0.098
525.0 25.0 0.262 0.069 -0.125
525.0 50.0 0.241 0.065 -0.134
550.0 0.0 0.291 0.069 -0.112
550.0 25.0 0.187 0.055 -0.158
575.0 25.0 0.331 0.111 -0.095
#average significance: 1.118
