mC1:mN1:nSig:nSigErr:Zn
#Tag: SR_SS_ee_2_opt
#Wjets: -0.010934 +/- 0.077832 (2)
#Zjets: 0.000000 +/- 0.000000 (0)
#multitop: 0.000000 +/- 0.000000 (0)
#singletop: 0.196900 +/- 0.163703 (2)
#VVV: 0.258696 +/- 0.062628 (36)
#ttV: 0.334671 +/- 0.047591 (110)
#Higgs: 0.539221 +/- 0.522189 (16)
#Vgamma: 0.879776 +/- 0.363612 (9)
#ttbar: 2.365561 +/- 1.086692 (6)
#VV: 6.080018 +/- 1.105919 (1462)
#Total BG: 10.654842 +/- 1.687571 (1643)

150.0 0.0 5.035 0.950 0.809
152.5 22.5 5.187 0.898 0.836
162.5 12.5 4.583 0.716 0.725
175.0 0.0 3.359 0.910 0.492
175.0 25.0 2.491 0.576 0.319
177.5 47.5 4.497 1.340 0.709
187.5 12.5 3.702 0.694 0.558
187.5 37.5 2.184 0.478 0.257
190.0 60.0 1.781 0.433 0.174
200.0 0.0 2.748 0.860 0.371
200.0 25.0 4.115 0.852 0.637
200.0 50.0 3.499 0.724 0.519
202.5 72.5 1.697 0.451 0.157
212.5 12.5 3.079 0.698 0.437
212.5 37.5 2.100 0.603 0.240
212.5 62.5 1.716 0.411 0.161
215.0 85.0 2.468 0.554 0.315
225.0 0.0 2.063 0.588 0.233
225.0 25.0 2.537 0.731 0.329
225.0 50.0 2.746 0.846 0.371
225.0 75.0 1.280 0.409 0.069
227.5 97.5 1.373 0.463 0.089
237.5 12.5 1.731 0.448 0.164
237.5 37.5 2.414 0.561 0.304
237.5 62.5 1.455 0.470 0.106
237.5 87.5 1.323 0.370 0.078
240.0 110.0 0.560 0.229 -0.086
250.0 0.0 1.539 0.478 0.124
250.0 25.0 2.922 0.766 0.406
250.0 50.0 1.080 0.455 0.027
250.0 75.0 2.512 0.805 0.324
250.0 100.0 1.048 0.406 0.020
262.5 12.5 1.675 0.474 0.152
262.5 37.5 1.833 0.680 0.185
262.5 62.5 0.654 0.268 -0.065
262.5 87.5 1.781 0.528 0.174
275.0 0.0 1.261 0.375 0.065
275.0 25.0 1.458 0.419 0.107
275.0 50.0 2.620 0.617 0.345
275.0 75.0 1.355 0.370 0.085
287.5 12.5 1.396 0.353 0.094
287.5 37.5 1.276 0.403 0.069
287.5 62.5 1.158 0.446 0.043
300.0 0.0 1.190 0.344 0.050
300.0 25.0 2.353 0.902 0.292
300.0 50.0 1.285 0.456 0.070
300.0 75.0 0.866 0.270 -0.019
300.0 100.0 1.333 0.356 0.080
312.5 12.5 1.836 0.471 0.186
312.5 37.5 0.940 0.291 -0.003
325.0 0.0 1.112 0.291 0.034
325.0 25.0 1.332 0.339 0.080
325.0 50.0 1.057 0.239 0.022
325.0 75.0 1.023 0.252 0.014
325.0 100.0 1.152 0.293 0.042
337.5 12.5 0.604 0.178 -0.076
350.0 0.0 0.879 0.243 -0.016
350.0 25.0 1.003 0.220 0.010
350.0 50.0 0.554 0.167 -0.087
350.0 75.0 0.546 0.186 -0.089
350.0 100.0 0.341 0.122 -0.134
375.0 0.0 0.717 0.169 -0.052
375.0 25.0 0.630 0.156 -0.070
375.0 50.0 0.645 0.188 -0.067
375.0 75.0 0.477 0.136 -0.104
400.0 0.0 0.762 0.309 -0.042
400.0 25.0 0.767 0.239 -0.041
400.0 50.0 0.938 0.515 -0.004
400.0 75.0 0.420 0.151 -0.116
400.0 100.0 0.226 0.139 -0.159
425.0 0.0 0.413 0.147 -0.118
425.0 25.0 0.286 0.162 -0.146
425.0 50.0 0.357 0.128 -0.130
425.0 75.0 0.386 0.134 -0.124
425.0 100.0 0.219 0.090 -0.161
450.0 0.0 0.315 0.133 -0.140
450.0 25.0 0.351 0.129 -0.132
450.0 50.0 0.372 0.117 -0.127
450.0 75.0 0.353 0.110 -0.131
450.0 100.0 0.286 0.104 -0.146
475.0 0.0 0.304 0.092 -0.142
475.0 25.0 0.253 0.094 -0.153
475.0 50.0 0.177 0.067 -0.170
475.0 75.0 0.290 0.089 -0.145
475.0 100.0 0.124 0.056 -0.182
500.0 0.0 0.101 0.053 -0.187
500.0 25.0 0.205 0.069 -0.164
500.0 50.0 0.175 0.069 -0.171
500.0 75.0 0.373 0.107 -0.127
525.0 0.0 0.122 0.046 -0.182
525.0 25.0 0.119 0.051 -0.183
525.0 50.0 0.083 0.037 -0.191
550.0 0.0 0.174 0.058 -0.171
550.0 25.0 0.181 0.060 -0.169
575.0 25.0 0.075 0.031 -0.193
#average significance: 0.525
