mC1:mN1:nSig:nSigErr:Zn
#Tag: SR_SS_ee_1_opt
#Zjets: -0.192271 +/- 0.219176 (2)
#multitop: 0.000000 +/- 0.000000 (0)
#Higgs: 0.001591 +/- 0.002645 (3)
#ttV: 0.048217 +/- 0.018457 (14)
#VVV: 0.179313 +/- 0.047097 (21)
#ttbar: 0.202127 +/- 0.202127 (1)
#singletop: 0.204933 +/- 0.204933 (1)
#Wjets: 0.483988 +/- 1.078672 (10)
#Vgamma: 1.143093 +/- 0.900248 (8)
#VV: 2.366334 +/- 0.535940 (462)
#Total BG: 4.629596 +/- 1.547471 (522)

150.0 0.0 4.271 0.867 0.980
152.5 22.5 2.819 0.603 0.591
162.5 12.5 3.069 0.634 0.661
175.0 0.0 2.468 0.656 0.492
175.0 25.0 2.456 0.595 0.488
177.5 47.5 1.999 0.520 0.354
187.5 12.5 2.017 0.548 0.359
187.5 37.5 1.808 0.449 0.296
190.0 60.0 1.516 0.475 0.207
200.0 0.0 2.219 0.578 0.419
200.0 25.0 1.507 0.421 0.204
200.0 50.0 2.303 0.605 0.444
202.5 72.5 0.303 0.175 -0.192
212.5 12.5 1.345 0.377 0.153
212.5 37.5 2.116 0.536 0.389
212.5 62.5 1.288 0.403 0.135
215.0 85.0 1.198 0.358 0.107
225.0 0.0 1.983 0.566 0.349
225.0 25.0 1.349 0.438 0.154
225.0 50.0 1.724 0.480 0.271
225.0 75.0 1.878 0.517 0.318
227.5 97.5 0.876 0.336 0.002
237.5 12.5 1.569 0.466 0.223
237.5 37.5 0.922 0.329 0.017
237.5 62.5 1.353 0.428 0.156
237.5 87.5 0.731 0.286 -0.046
240.0 110.0 0.425 0.215 -0.149
250.0 0.0 2.325 0.751 0.450
250.0 25.0 1.019 0.437 0.049
250.0 50.0 2.215 0.768 0.418
250.0 75.0 0.360 0.268 -0.172
250.0 100.0 0.910 0.387 0.013
262.5 12.5 0.795 0.337 -0.025
262.5 37.5 1.210 0.408 0.110
262.5 62.5 1.291 0.454 0.136
262.5 87.5 0.750 0.284 -0.040
275.0 0.0 1.797 0.533 0.293
275.0 25.0 0.795 0.283 -0.025
275.0 50.0 0.651 0.280 -0.073
275.0 75.0 1.537 0.566 0.213
287.5 12.5 0.490 0.200 -0.127
287.5 37.5 1.599 0.824 0.232
287.5 62.5 0.931 0.565 0.020
300.0 0.0 0.894 0.309 0.008
300.0 25.0 0.594 0.228 -0.092
300.0 50.0 1.321 0.348 0.146
300.0 75.0 1.461 0.426 0.190
300.0 100.0 0.715 0.244 -0.051
312.5 12.5 0.662 0.207 -0.069
312.5 37.5 1.019 0.337 0.049
325.0 0.0 0.701 0.205 -0.056
325.0 25.0 0.688 0.199 -0.060
325.0 50.0 0.791 0.224 -0.026
325.0 75.0 0.421 0.149 -0.151
325.0 100.0 0.558 0.178 -0.104
337.5 12.5 1.211 0.531 0.111
350.0 0.0 0.486 0.169 -0.129
350.0 25.0 0.842 0.345 -0.009
350.0 50.0 0.653 0.270 -0.072
350.0 75.0 0.529 0.175 -0.114
350.0 100.0 0.890 0.341 0.007
375.0 0.0 0.384 0.149 -0.164
375.0 25.0 0.239 0.087 -0.214
375.0 50.0 0.457 0.128 -0.138
375.0 75.0 0.361 0.110 -0.172
400.0 0.0 0.593 0.282 -0.092
400.0 25.0 0.354 0.134 -0.174
400.0 50.0 0.533 0.208 -0.113
400.0 75.0 0.500 0.201 -0.124
400.0 100.0 0.199 0.099 -0.228
425.0 0.0 0.417 0.173 -0.152
425.0 25.0 0.430 0.206 -0.148
425.0 50.0 0.431 0.150 -0.147
425.0 75.0 0.259 0.123 -0.207
425.0 100.0 0.118 0.069 -0.257
450.0 0.0 0.030 0.030 -0.288
450.0 25.0 0.198 0.099 -0.229
450.0 50.0 0.206 0.182 -0.226
450.0 75.0 0.153 0.068 -0.245
450.0 100.0 0.668 0.449 -0.067
475.0 0.0 0.189 0.081 -0.232
475.0 25.0 0.159 0.065 -0.242
475.0 50.0 0.190 0.102 -0.231
475.0 75.0 0.216 0.077 -0.222
475.0 100.0 0.317 0.092 -0.187
500.0 0.0 0.087 0.043 -0.268
500.0 25.0 0.220 0.088 -0.221
500.0 50.0 0.117 0.053 -0.257
500.0 75.0 0.059 0.034 -0.278
525.0 0.0 0.071 0.045 -0.274
525.0 25.0 0.178 0.065 -0.236
525.0 50.0 0.209 0.064 -0.225
550.0 0.0 0.161 0.049 -0.242
550.0 25.0 0.079 0.036 -0.271
575.0 25.0 0.024 0.017 -0.290
#average significance: 0.485
