mC1:mN1:nSig:nSigErr:Zn
#Tag: SR_SS_jet1_opt
#multitop: 0.000000 +/- 0.000000 (0)
#Higgs: 0.009818 +/- 0.004560 (5)
#ttV: 0.086660 +/- 0.023758 (25)
#VVV: 0.227018 +/- 0.043684 (37)
#charge flip: 0.414025 +/- 0.033812 (374)
#Fakes: 2.045897 +/- 0.706348 (34)
#VVReal: 3.394677 +/- 0.490754 (540)
#Total BG: 6.178096 +/- 0.862208 (1015)

150.0 0.0 7.523 1.090 1.831
152.5 22.5 6.708 0.994 1.642
162.5 12.5 5.629 0.869 1.382
175.0 0.0 7.120 1.086 1.738
175.0 25.0 6.401 1.353 1.569
177.5 47.5 2.928 0.600 0.675
187.5 12.5 3.935 0.650 0.949
187.5 37.5 4.520 0.888 1.103
190.0 60.0 4.213 0.730 1.023
200.0 0.0 5.168 0.811 1.268
200.0 25.0 5.465 0.928 1.342
200.0 50.0 4.383 0.775 1.067
202.5 72.5 3.049 0.749 0.709
212.5 12.5 4.312 0.773 1.049
212.5 37.5 4.025 0.752 0.973
212.5 62.5 3.275 0.620 0.771
215.0 85.0 2.380 0.480 0.519
225.0 0.0 5.037 0.929 1.235
225.0 25.0 3.660 0.733 0.876
225.0 50.0 3.158 0.691 0.739
225.0 75.0 2.845 0.646 0.652
227.5 97.5 1.988 0.502 0.405
237.5 12.5 3.656 0.720 0.875
237.5 37.5 3.539 0.850 0.843
237.5 62.5 3.514 0.672 0.836
237.5 87.5 2.145 0.500 0.451
240.0 110.0 2.083 0.725 0.433
250.0 0.0 4.587 1.271 1.120
250.0 25.0 3.612 1.061 0.863
250.0 50.0 3.968 0.940 0.958
250.0 75.0 2.393 0.568 0.523
250.0 100.0 1.956 0.570 0.396
262.5 12.5 3.004 0.702 0.696
262.5 37.5 2.608 0.587 0.585
262.5 62.5 2.490 0.560 0.551
262.5 87.5 2.060 0.520 0.426
275.0 0.0 3.063 0.664 0.713
275.0 25.0 2.446 0.525 0.539
275.0 50.0 2.588 0.638 0.579
275.0 75.0 2.797 0.646 0.638
287.5 12.5 1.776 0.410 0.342
287.5 37.5 2.997 0.855 0.694
287.5 62.5 2.401 0.560 0.525
300.0 0.0 2.434 0.511 0.535
300.0 25.0 2.168 0.430 0.458
300.0 50.0 2.295 0.427 0.495
300.0 75.0 2.273 0.415 0.489
300.0 100.0 2.150 0.462 0.453
312.5 12.5 1.370 0.318 0.220
312.5 37.5 2.464 0.688 0.544
325.0 0.0 2.740 0.425 0.622
325.0 25.0 1.439 0.300 0.241
325.0 50.0 1.666 0.418 0.310
325.0 75.0 1.379 0.304 0.222
325.0 100.0 2.085 0.372 0.434
337.5 12.5 1.969 0.540 0.400
350.0 0.0 1.521 0.327 0.266
350.0 25.0 1.585 0.340 0.285
350.0 50.0 1.692 0.363 0.317
350.0 75.0 1.097 0.258 0.136
350.0 100.0 1.119 0.213 0.142
375.0 0.0 1.387 0.588 0.225
375.0 25.0 1.213 0.252 0.171
375.0 50.0 0.698 0.155 0.010
375.0 75.0 0.856 0.179 0.060
400.0 0.0 0.458 0.182 -0.068
400.0 25.0 0.835 0.212 0.053
400.0 50.0 1.443 0.337 0.242
400.0 75.0 1.439 0.319 0.241
400.0 100.0 0.849 0.207 0.057
425.0 0.0 0.697 0.238 0.009
425.0 25.0 0.984 0.247 0.100
425.0 50.0 0.586 0.157 -0.027
425.0 75.0 0.712 0.177 0.014
425.0 100.0 0.491 0.143 -0.057
450.0 0.0 0.309 0.108 -0.117
450.0 25.0 0.562 0.149 -0.034
450.0 50.0 0.524 0.170 -0.047
450.0 75.0 0.606 0.141 -0.020
450.0 100.0 0.575 0.137 -0.030
475.0 0.0 0.439 0.122 -0.074
475.0 25.0 0.791 0.178 0.039
475.0 50.0 0.490 0.117 -0.058
475.0 75.0 0.420 0.113 -0.080
475.0 100.0 0.439 0.117 -0.074
500.0 0.0 0.262 0.083 -0.132
500.0 25.0 0.543 0.132 -0.040
500.0 50.0 0.713 0.234 0.014
500.0 75.0 0.450 0.111 -0.071
525.0 0.0 0.346 0.091 -0.105
525.0 25.0 0.312 0.077 -0.116
525.0 50.0 0.429 0.102 -0.078
550.0 0.0 0.330 0.069 -0.110
550.0 25.0 0.177 0.052 -0.160
575.0 25.0 0.199 0.076 -0.153
#average significance: 0.862
