mC1:mN1:nSig:nSigErr:Zn
#Tag: SR_SS_jet23_opt
#multitop: 0.000000 +/- 0.000000 (0)
#ttV: 0.102854 +/- 0.026712 (55)
#VVV: 0.185838 +/- 0.062944 (20)
#Higgs: 0.209487 +/- 0.189917 (21)
#charge flip: 0.302089 +/- 0.031937 (307)
#Fakes: 1.362025 +/- 0.578619 (18)
#VVReal: 2.654432 +/- 0.314257 (543)
#Total BG: 4.816725 +/- 0.689435 (964)

150.0 0.0 6.023 1.347 1.711
152.5 22.5 4.831 0.840 1.379
162.5 12.5 5.253 0.803 1.499
175.0 0.0 7.342 1.488 2.058
175.0 25.0 5.536 0.982 1.578
177.5 47.5 5.454 1.373 1.555
187.5 12.5 5.647 0.817 1.608
187.5 37.5 3.751 0.641 1.061
190.0 60.0 1.623 0.454 0.371
200.0 0.0 5.089 0.968 1.453
200.0 25.0 5.907 0.971 1.680
200.0 50.0 4.534 1.199 1.294
202.5 72.5 3.052 0.649 0.844
212.5 12.5 3.887 0.698 1.102
212.5 37.5 5.066 1.133 1.446
212.5 62.5 3.408 0.558 0.956
215.0 85.0 2.273 0.502 0.592
225.0 0.0 4.448 1.101 1.268
225.0 25.0 4.389 0.911 1.251
225.0 50.0 4.201 0.759 1.196
225.0 75.0 1.636 0.488 0.376
227.5 97.5 1.520 0.549 0.335
237.5 12.5 4.186 0.767 1.191
237.5 37.5 4.570 0.833 1.304
237.5 62.5 3.087 0.581 0.856
237.5 87.5 2.384 0.551 0.629
240.0 110.0 2.448 0.942 0.650
250.0 0.0 5.781 1.024 1.645
250.0 25.0 3.636 0.758 1.026
250.0 50.0 3.546 0.763 0.998
250.0 75.0 2.169 0.670 0.558
250.0 100.0 1.847 0.510 0.449
262.5 12.5 4.770 1.664 1.362
262.5 37.5 3.710 0.902 1.048
262.5 62.5 2.260 0.497 0.588
262.5 87.5 2.978 0.674 0.821
275.0 0.0 3.424 0.636 0.961
275.0 25.0 3.336 0.620 0.934
275.0 50.0 2.873 0.605 0.788
275.0 75.0 2.568 0.516 0.689
287.5 12.5 3.286 0.573 0.918
287.5 37.5 2.046 0.466 0.516
287.5 62.5 2.606 0.503 0.702
300.0 0.0 2.487 0.449 0.663
300.0 25.0 3.336 0.551 0.934
300.0 50.0 2.640 0.550 0.713
300.0 75.0 2.924 0.774 0.804
300.0 100.0 2.132 0.430 0.545
312.5 12.5 2.807 0.538 0.767
312.5 37.5 2.492 0.422 0.664
325.0 0.0 1.989 0.577 0.497
325.0 25.0 1.724 0.356 0.406
325.0 50.0 2.708 0.565 0.735
325.0 75.0 2.322 0.443 0.608
325.0 100.0 2.122 0.412 0.542
337.5 12.5 2.391 0.387 0.631
350.0 0.0 2.245 0.598 0.583
350.0 25.0 1.831 0.302 0.443
350.0 50.0 1.601 0.273 0.364
350.0 75.0 0.983 0.227 0.143
350.0 100.0 1.014 0.207 0.155
375.0 0.0 1.407 0.480 0.296
375.0 25.0 1.173 0.219 0.212
375.0 50.0 1.214 0.346 0.227
375.0 75.0 1.274 0.204 0.248
400.0 0.0 1.177 0.252 0.214
400.0 25.0 1.006 0.228 0.152
400.0 50.0 1.618 0.531 0.370
400.0 75.0 1.399 0.293 0.293
400.0 100.0 1.143 0.334 0.201
425.0 0.0 0.953 0.203 0.133
425.0 25.0 0.491 0.145 -0.040
425.0 50.0 0.924 0.230 0.122
425.0 75.0 0.487 0.151 -0.041
425.0 100.0 0.734 0.177 0.052
450.0 0.0 1.073 0.210 0.176
450.0 25.0 0.463 0.129 -0.050
450.0 50.0 0.761 0.178 0.062
450.0 75.0 0.683 0.153 0.032
450.0 100.0 0.905 0.202 0.115
475.0 0.0 0.579 0.122 -0.006
475.0 25.0 0.609 0.155 0.005
475.0 50.0 0.447 0.118 -0.056
475.0 75.0 0.819 0.174 0.083
475.0 100.0 0.865 0.201 0.100
500.0 0.0 0.301 0.083 -0.113
500.0 25.0 0.468 0.105 -0.049
500.0 50.0 0.688 0.129 0.034
500.0 75.0 0.693 0.145 0.036
525.0 0.0 0.342 0.084 -0.097
525.0 25.0 0.277 0.077 -0.122
525.0 50.0 0.573 0.104 -0.009
550.0 0.0 0.250 0.065 -0.132
550.0 25.0 0.245 0.062 -0.135
575.0 25.0 0.355 0.071 -0.092
#average significance: 0.900
