mC1:mN1:nSig:nSigErr:Zn
#Tag: SR_SS_emu_1_opt
#Zjets: 0.000000 +/- 0.000000 (0)
#multitop: 0.000000 +/- 0.000000 (0)
#Wjets: 0.007924 +/- 0.007924 (1)
#Higgs: 0.013855 +/- 0.007415 (16)
#Vgamma: 0.121209 +/- 0.059715 (5)
#ttV: 0.173278 +/- 0.070489 (87)
#ttbar: 0.252064 +/- 0.252064 (1)
#VVV: 0.405768 +/- 0.104102 (42)
#singletop: 0.411730 +/- 0.411730 (1)
#VV: 3.800815 +/- 0.752016 (759)
#Total BG: 5.186643 +/- 0.904475 (912)

150.0 0.0 8.882 1.551 2.283
152.5 22.5 8.043 1.170 2.088
162.5 12.5 5.437 0.803 1.441
175.0 0.0 8.459 1.199 2.186
175.0 25.0 7.233 1.139 1.895
177.5 47.5 4.456 0.797 1.177
187.5 12.5 7.461 0.905 1.950
187.5 37.5 4.422 0.715 1.168
190.0 60.0 2.879 0.604 0.723
200.0 0.0 6.857 1.031 1.803
200.0 25.0 7.542 1.046 1.969
200.0 50.0 4.474 0.800 1.182
202.5 72.5 5.148 0.990 1.365
212.5 12.5 5.063 0.856 1.342
212.5 37.5 6.841 1.317 1.799
212.5 62.5 5.069 0.749 1.344
215.0 85.0 2.003 0.418 0.452
225.0 0.0 6.861 1.234 1.804
225.0 25.0 4.389 0.797 1.159
225.0 50.0 5.338 0.840 1.415
225.0 75.0 3.401 0.795 0.878
227.5 97.5 1.931 0.556 0.429
237.5 12.5 5.656 0.844 1.499
237.5 37.5 5.668 1.062 1.502
237.5 62.5 3.694 0.655 0.963
237.5 87.5 2.764 0.572 0.688
240.0 110.0 1.443 0.415 0.270
250.0 0.0 5.483 0.997 1.453
250.0 25.0 3.580 0.703 0.930
250.0 50.0 4.120 0.916 1.084
250.0 75.0 2.854 0.646 0.716
250.0 100.0 1.810 0.457 0.390
262.5 12.5 6.139 1.735 1.623
262.5 37.5 4.294 0.807 1.132
262.5 62.5 3.226 0.650 0.826
262.5 87.5 3.620 0.714 0.941
275.0 0.0 3.741 0.652 0.976
275.0 25.0 3.680 0.649 0.959
275.0 50.0 2.874 0.653 0.722
275.0 75.0 3.535 0.769 0.917
287.5 12.5 3.711 0.605 0.968
287.5 37.5 4.316 0.993 1.138
287.5 62.5 3.189 0.616 0.816
300.0 0.0 3.796 0.848 0.992
300.0 25.0 4.020 0.673 1.055
300.0 50.0 3.493 0.545 0.905
300.0 75.0 3.396 0.731 0.876
300.0 100.0 3.631 0.779 0.945
312.5 12.5 2.222 0.391 0.521
312.5 37.5 3.475 0.734 0.899
325.0 0.0 2.644 0.437 0.652
325.0 25.0 1.861 0.338 0.407
325.0 50.0 2.679 0.559 0.662
325.0 75.0 2.806 0.477 0.701
325.0 100.0 2.112 0.402 0.487
337.5 12.5 2.594 0.394 0.637
350.0 0.0 2.321 0.451 0.552
350.0 25.0 2.320 0.335 0.552
350.0 50.0 2.279 0.342 0.539
350.0 75.0 1.365 0.271 0.244
350.0 100.0 1.757 0.323 0.373
375.0 0.0 2.036 0.417 0.462
375.0 25.0 1.922 0.303 0.426
375.0 50.0 1.176 0.214 0.181
375.0 75.0 1.462 0.226 0.276
400.0 0.0 1.095 0.219 0.153
400.0 25.0 1.615 0.293 0.327
400.0 50.0 2.373 0.411 0.568
400.0 75.0 1.682 0.298 0.348
400.0 100.0 1.781 0.323 0.380
425.0 0.0 1.103 0.255 0.156
425.0 25.0 1.403 0.328 0.257
425.0 50.0 1.501 0.462 0.289
425.0 75.0 1.043 0.215 0.135
425.0 100.0 0.858 0.185 0.072
450.0 0.0 0.957 0.191 0.106
450.0 25.0 0.874 0.224 0.078
450.0 50.0 1.140 0.315 0.169
450.0 75.0 0.982 0.231 0.115
450.0 100.0 1.127 0.215 0.164
475.0 0.0 0.610 0.129 -0.014
475.0 25.0 1.110 0.218 0.159
475.0 50.0 0.739 0.138 0.031
475.0 75.0 0.873 0.178 0.077
475.0 100.0 0.913 0.160 0.091
500.0 0.0 0.662 0.134 0.004
500.0 25.0 0.733 0.145 0.028
500.0 50.0 1.065 0.252 0.143
500.0 75.0 0.716 0.186 0.023
525.0 0.0 0.623 0.119 -0.010
525.0 25.0 0.523 0.097 -0.046
525.0 50.0 0.602 0.109 -0.017
550.0 0.0 0.449 0.083 -0.072
550.0 25.0 0.445 0.087 -0.073
575.0 25.0 0.621 0.127 -0.011
#average significance: 1.671
