mC1:mN1:nSig:nSigErr:Zn
#Tag: SR_SS_ee_2_opt
#Zjets: 0.000000 +/- 0.000000 (0)
#multitop: 0.000000 +/- 0.000000 (0)
#Higgs: 0.023128 +/- 0.006506 (14)
#Wjets: 0.081045 +/- 0.971995 (6)
#ttbar: 0.148638 +/- 0.148638 (1)
#ttV: 0.191337 +/- 0.033636 (70)
#singletop: 0.204933 +/- 0.204933 (1)
#VVV: 0.299892 +/- 0.071586 (41)
#Vgamma: 1.542865 +/- 0.938602 (9)
#VV: 4.374638 +/- 0.928100 (1036)
#Total BG: 6.866475 +/- 1.660574 (1178)

150.0 0.0 6.249 1.108 1.264
152.5 22.5 6.174 0.970 1.249
162.5 12.5 4.852 0.776 0.966
175.0 0.0 4.757 1.053 0.945
175.0 25.0 3.014 0.628 0.544
177.5 47.5 4.157 1.196 0.811
187.5 12.5 3.326 0.618 0.618
187.5 37.5 3.276 0.595 0.606
190.0 60.0 2.685 0.592 0.464
200.0 0.0 4.308 1.007 0.845
200.0 25.0 3.242 0.742 0.598
200.0 50.0 3.288 0.666 0.609
202.5 72.5 1.885 0.650 0.264
212.5 12.5 3.782 0.748 0.725
212.5 37.5 2.843 0.704 0.503
212.5 62.5 3.066 0.576 0.556
215.0 85.0 3.112 0.988 0.567
225.0 0.0 3.488 0.758 0.656
225.0 25.0 2.573 0.703 0.436
225.0 50.0 2.169 0.553 0.336
225.0 75.0 1.612 0.492 0.193
227.5 97.5 2.114 0.698 0.322
237.5 12.5 2.717 0.612 0.472
237.5 37.5 2.660 0.581 0.458
237.5 62.5 2.274 0.589 0.362
237.5 87.5 2.011 0.473 0.296
240.0 110.0 0.953 0.304 0.018
250.0 0.0 2.316 0.729 0.373
250.0 25.0 2.224 0.582 0.350
250.0 50.0 2.737 0.815 0.477
250.0 75.0 1.674 0.590 0.209
250.0 100.0 1.705 0.536 0.218
262.5 12.5 2.473 0.600 0.412
262.5 37.5 2.001 0.675 0.293
262.5 62.5 2.672 0.770 0.461
262.5 87.5 1.594 0.499 0.189
275.0 0.0 3.121 0.650 0.570
275.0 25.0 1.345 0.383 0.123
275.0 50.0 2.837 0.649 0.501
275.0 75.0 2.946 0.693 0.528
287.5 12.5 2.518 0.691 0.423
287.5 37.5 1.931 0.450 0.276
287.5 62.5 1.139 0.322 0.068
300.0 0.0 1.919 0.447 0.273
300.0 25.0 1.353 0.336 0.125
300.0 50.0 2.308 0.542 0.371
300.0 75.0 1.741 0.396 0.227
300.0 100.0 1.677 0.395 0.210
312.5 12.5 2.539 0.521 0.428
312.5 37.5 1.614 0.382 0.194
325.0 0.0 1.646 0.350 0.202
325.0 25.0 1.565 0.333 0.181
325.0 50.0 1.804 0.361 0.243
325.0 75.0 1.117 0.286 0.062
325.0 100.0 1.586 0.336 0.186
337.5 12.5 1.608 0.528 0.192
350.0 0.0 1.125 0.245 0.064
350.0 25.0 1.612 0.394 0.193
350.0 50.0 0.949 0.286 0.017
350.0 75.0 1.221 0.280 0.090
350.0 100.0 0.723 0.184 -0.045
375.0 0.0 0.969 0.194 0.023
375.0 25.0 0.797 0.177 -0.024
375.0 50.0 0.927 0.180 0.011
375.0 75.0 0.785 0.181 -0.028
400.0 0.0 1.236 0.444 0.094
400.0 25.0 0.965 0.232 0.021
400.0 50.0 1.659 0.571 0.205
400.0 75.0 1.053 0.302 0.045
400.0 100.0 0.359 0.137 -0.146
425.0 0.0 0.670 0.213 -0.059
425.0 25.0 0.826 0.274 -0.017
425.0 50.0 0.657 0.194 -0.063
425.0 75.0 0.592 0.174 -0.081
425.0 100.0 0.263 0.100 -0.173
450.0 0.0 0.282 0.129 -0.168
450.0 25.0 0.687 0.194 -0.055
450.0 50.0 0.384 0.196 -0.139
450.0 75.0 0.556 0.139 -0.091
450.0 100.0 0.544 0.136 -0.094
475.0 0.0 0.509 0.127 -0.104
475.0 25.0 0.423 0.113 -0.128
475.0 50.0 0.309 0.099 -0.161
475.0 75.0 0.685 0.163 -0.055
475.0 100.0 0.372 0.100 -0.143
500.0 0.0 0.166 0.065 -0.201
500.0 25.0 0.360 0.095 -0.146
500.0 50.0 0.310 0.088 -0.160
500.0 75.0 0.435 0.117 -0.125
525.0 0.0 0.133 0.047 -0.211
525.0 25.0 0.337 0.084 -0.152
525.0 50.0 0.322 0.080 -0.157
550.0 0.0 0.325 0.073 -0.156
550.0 25.0 0.222 0.065 -0.185
575.0 25.0 0.082 0.031 -0.225
#average significance: 0.831
