mC1:mN1:nSig:nSigErr:Zn
#Tag: SR_SS_mumu_1_pre
#Vgamma: 0.014360 +/- 0.010508 (2)
#multitop: 0.032382 +/- 0.007243 (43)
#VVV: 9.809538 +/- 0.375139 (1606)
#ttV: 13.116724 +/- 0.337352 (6664)
#singletop: 14.538469 +/- 2.301568 (77)
#Wjets: 20.051012 +/- 169.415935 (620)
#Zjets: 43.143550 +/- 19.528194 (250)
#Higgs: 47.977043 +/- 7.920671 (862)
#ttbar: 100.009779 +/- 5.810095 (352)
#VV: 872.524078 +/- 7.199277 (166576)
#Total BG: 1121.216934 +/- 170.988260 (177052)

150.0 0.0 141.687 5.423 0.223
152.5 22.5 130.603 4.981 0.191
162.5 12.5 108.148 3.853 0.127
175.0 0.0 88.272 4.433 0.069
175.0 25.0 80.636 3.858 0.047
177.5 47.5 83.057 4.134 0.054
187.5 12.5 67.523 3.771 0.009
187.5 37.5 65.200 3.036 0.002
190.0 60.0 64.452 3.269 -0.000
200.0 0.0 51.394 3.208 -0.039
200.0 25.0 55.150 3.543 -0.028
200.0 50.0 58.711 3.809 -0.017
202.5 72.5 53.800 2.953 -0.032
212.5 12.5 47.033 2.861 -0.052
212.5 37.5 44.825 2.754 -0.059
212.5 62.5 41.915 2.416 -0.067
215.0 85.0 39.800 2.528 -0.074
225.0 0.0 37.719 2.967 -0.080
225.0 25.0 36.313 2.736 -0.084
225.0 50.0 40.119 2.790 -0.073
225.0 75.0 36.582 3.096 -0.083
227.5 97.5 31.321 2.401 -0.099
237.5 12.5 30.529 2.746 -0.102
237.5 37.5 30.448 2.135 -0.102
237.5 62.5 29.874 2.046 -0.104
237.5 87.5 28.916 1.969 -0.106
240.0 110.0 32.861 2.367 -0.095
250.0 0.0 26.241 2.555 -0.114
250.0 25.0 25.658 2.805 -0.116
250.0 50.0 24.289 2.180 -0.120
250.0 75.0 25.058 2.397 -0.118
250.0 100.0 28.293 2.444 -0.108
262.5 12.5 18.332 1.652 -0.138
262.5 37.5 19.607 1.722 -0.135
262.5 62.5 20.080 1.747 -0.133
262.5 87.5 18.719 1.805 -0.137
275.0 0.0 18.033 1.784 -0.139
275.0 25.0 12.381 1.255 -0.157
275.0 50.0 17.612 1.530 -0.141
275.0 75.0 18.235 1.713 -0.139
287.5 12.5 15.928 1.620 -0.146
287.5 37.5 15.347 1.462 -0.147
287.5 62.5 16.890 1.403 -0.143
300.0 0.0 10.879 1.159 -0.161
300.0 25.0 13.850 1.279 -0.152
300.0 50.0 13.228 1.122 -0.154
300.0 75.0 15.918 1.644 -0.146
300.0 100.0 13.053 1.114 -0.154
312.5 12.5 10.175 1.015 -0.163
312.5 37.5 11.997 1.065 -0.158
325.0 0.0 9.672 0.949 -0.165
325.0 25.0 9.874 0.972 -0.164
325.0 50.0 10.975 0.978 -0.161
325.0 75.0 9.367 0.758 -0.166
325.0 100.0 9.308 1.015 -0.166
337.5 12.5 7.936 0.873 -0.170
350.0 0.0 7.105 0.725 -0.173
350.0 25.0 7.058 0.692 -0.173
350.0 50.0 6.945 0.683 -0.173
350.0 75.0 8.030 0.869 -0.170
350.0 100.0 7.529 0.671 -0.171
375.0 0.0 6.083 0.635 -0.176
375.0 25.0 5.328 0.551 -0.178
375.0 50.0 4.294 0.417 -0.181
375.0 75.0 5.564 0.600 -0.177
400.0 0.0 3.089 0.602 -0.185
400.0 25.0 3.915 0.491 -0.182
400.0 50.0 4.561 0.617 -0.180
400.0 75.0 6.438 0.714 -0.175
400.0 100.0 4.567 0.572 -0.180
425.0 0.0 3.599 0.583 -0.183
425.0 25.0 3.009 0.389 -0.185
425.0 50.0 3.545 0.445 -0.183
425.0 75.0 4.629 0.968 -0.180
425.0 100.0 3.737 0.623 -0.183
450.0 0.0 3.210 0.394 -0.184
450.0 25.0 2.192 0.325 -0.188
450.0 50.0 2.827 0.445 -0.186
450.0 75.0 3.035 0.417 -0.185
450.0 100.0 2.928 0.432 -0.185
475.0 0.0 2.190 0.282 -0.188
475.0 25.0 1.981 0.326 -0.188
475.0 50.0 2.120 0.274 -0.188
475.0 75.0 2.349 0.280 -0.187
475.0 100.0 2.289 0.310 -0.187
500.0 0.0 1.537 0.234 -0.190
500.0 25.0 1.739 0.218 -0.189
500.0 50.0 1.741 0.207 -0.189
500.0 75.0 1.791 0.243 -0.189
525.0 0.0 1.532 0.204 -0.190
525.0 25.0 1.365 0.168 -0.190
525.0 50.0 1.382 0.197 -0.190
550.0 0.0 1.041 0.146 -0.191
550.0 25.0 1.383 0.251 -0.190
575.0 25.0 0.573 0.088 -0.193
#average significance: 0.068
