mC1:mN1:nSig:nSigErr:Zn
#Tag: SR_SS_mumu_2_opt
#Zjets: 0.000000 +/- 0.000000 (0)
#multitop: 0.000000 +/- 0.000000 (0)
#Vgamma: 0.000000 +/- 0.000000 (0)
#ttV: 0.140167 +/- 0.030131 (54)
#Wjets: 0.152332 +/- 0.219384 (2)
#singletop: 0.232753 +/- 0.232753 (1)
#VVV: 0.338039 +/- 0.077038 (36)
#ttbar: 0.390164 +/- 0.390164 (1)
#Higgs: 1.140577 +/- 0.649973 (12)
#VV: 5.329903 +/- 0.550448 (1061)
#Total BG: 7.723934 +/- 0.993394 (1167)

150.0 0.0 6.969 1.071 1.495
152.5 22.5 6.763 1.088 1.451
162.5 12.5 6.878 0.941 1.476
175.0 0.0 8.293 1.568 1.768
175.0 25.0 6.603 1.128 1.417
177.5 47.5 5.205 0.911 1.111
187.5 12.5 6.949 1.003 1.491
187.5 37.5 5.786 0.997 1.240
190.0 60.0 4.699 0.739 0.996
200.0 0.0 4.452 0.764 0.939
200.0 25.0 5.159 0.829 1.100
200.0 50.0 3.572 0.842 0.731
202.5 72.5 2.575 0.586 0.485
212.5 12.5 5.165 0.790 1.102
212.5 37.5 5.006 0.942 1.066
212.5 62.5 3.302 0.638 0.665
215.0 85.0 2.082 0.490 0.359
225.0 0.0 5.946 1.275 1.275
225.0 25.0 3.143 0.668 0.626
225.0 50.0 5.416 0.969 1.158
225.0 75.0 2.374 0.665 0.434
227.5 97.5 1.312 0.457 0.157
237.5 12.5 5.739 1.306 1.230
237.5 37.5 4.056 0.742 0.846
237.5 62.5 4.056 0.691 0.846
237.5 87.5 2.187 0.665 0.386
240.0 110.0 2.352 0.674 0.429
250.0 0.0 3.065 0.672 0.607
250.0 25.0 4.012 1.107 0.836
250.0 50.0 4.163 0.876 0.871
250.0 75.0 2.159 0.555 0.379
250.0 100.0 2.108 0.563 0.366
262.5 12.5 2.991 0.704 0.589
262.5 37.5 3.735 0.803 0.770
262.5 62.5 2.438 0.576 0.450
262.5 87.5 1.758 0.505 0.275
275.0 0.0 2.417 0.549 0.445
275.0 25.0 1.882 0.457 0.308
275.0 50.0 2.398 0.550 0.440
275.0 75.0 2.052 0.453 0.351
287.5 12.5 2.531 0.540 0.474
287.5 37.5 2.145 0.517 0.376
287.5 62.5 2.701 0.532 0.517
300.0 0.0 2.140 0.446 0.374
300.0 25.0 3.080 0.657 0.611
300.0 50.0 2.103 0.403 0.365
300.0 75.0 2.383 0.749 0.436
300.0 100.0 2.548 0.498 0.478
312.5 12.5 1.776 0.487 0.280
312.5 37.5 1.790 0.367 0.283
325.0 0.0 1.687 0.543 0.256
325.0 25.0 1.509 0.318 0.209
325.0 50.0 2.164 0.543 0.381
325.0 75.0 1.506 0.315 0.208
325.0 100.0 2.132 0.513 0.372
337.5 12.5 1.625 0.319 0.240
350.0 0.0 1.305 0.297 0.155
350.0 25.0 1.255 0.309 0.141
350.0 50.0 1.414 0.280 0.184
350.0 75.0 1.109 0.266 0.102
350.0 100.0 1.024 0.201 0.078
375.0 0.0 1.516 0.299 0.211
375.0 25.0 1.291 0.289 0.151
375.0 50.0 0.669 0.149 -0.019
375.0 75.0 0.920 0.203 0.050
400.0 0.0 0.486 0.157 -0.071
400.0 25.0 0.678 0.183 -0.017
400.0 50.0 0.891 0.212 0.042
400.0 75.0 1.357 0.312 0.169
400.0 100.0 0.748 0.206 0.003
425.0 0.0 0.674 0.196 -0.018
425.0 25.0 0.674 0.165 -0.018
425.0 50.0 0.540 0.150 -0.055
425.0 75.0 0.490 0.147 -0.069
425.0 100.0 1.181 0.427 0.121
450.0 0.0 0.685 0.183 -0.015
450.0 25.0 0.672 0.166 -0.018
450.0 50.0 0.422 0.151 -0.089
450.0 75.0 0.686 0.157 -0.015
450.0 100.0 0.574 0.167 -0.046
475.0 0.0 0.380 0.112 -0.101
475.0 25.0 0.541 0.147 -0.055
475.0 50.0 0.416 0.121 -0.090
475.0 75.0 0.587 0.133 -0.042
475.0 100.0 0.456 0.125 -0.079
500.0 0.0 0.224 0.068 -0.145
500.0 25.0 0.659 0.134 -0.022
500.0 50.0 0.333 0.085 -0.114
500.0 75.0 0.521 0.120 -0.061
525.0 0.0 0.366 0.084 -0.104
525.0 25.0 0.258 0.067 -0.135
525.0 50.0 0.355 0.095 -0.108
550.0 0.0 0.288 0.065 -0.127
550.0 25.0 0.265 0.138 -0.133
575.0 25.0 0.123 0.039 -0.174
#average significance: 1.338
