mC1:mN1:nSig:nSigErr:Zn
#Tag: SR_SS_emu_1_opt
#Zjets: 0.000000 +/- 0.000000 (0)
#multitop: 0.000000 +/- 0.000000 (0)
#ttV: 0.029876 +/- 0.018387 (20)
#singletop: 0.129181 +/- 0.129181 (1)
#VVV: 0.399261 +/- 0.070721 (49)
#ttbar: 0.427347 +/- 0.427347 (1)
#Wjets: 0.695577 +/- 0.502594 (5)
#Vgamma: 0.863335 +/- 0.393337 (9)
#Higgs: 1.003877 +/- 0.754074 (8)
#VV: 7.503733 +/- 0.680894 (1110)
#Total BG: 11.052185 +/- 1.282268 (1203)

150.0 0.0 7.792 1.118 1.324
152.5 22.5 8.182 1.093 1.391
162.5 12.5 6.596 0.920 1.115
175.0 0.0 6.166 1.048 1.039
175.0 25.0 6.656 1.104 1.126
177.5 47.5 4.005 0.723 0.636
187.5 12.5 3.996 0.671 0.634
187.5 37.5 3.240 0.566 0.486
190.0 60.0 2.680 0.514 0.374
200.0 0.0 5.607 0.889 0.937
200.0 25.0 5.525 0.947 0.922
200.0 50.0 3.164 0.634 0.471
202.5 72.5 3.042 0.596 0.447
212.5 12.5 4.099 0.783 0.654
212.5 37.5 3.269 0.688 0.492
212.5 62.5 3.188 0.594 0.476
215.0 85.0 3.423 0.961 0.523
225.0 0.0 2.374 0.621 0.312
225.0 25.0 3.071 0.651 0.453
225.0 50.0 4.820 1.338 0.791
225.0 75.0 2.672 0.849 0.373
227.5 97.5 1.874 0.462 0.209
237.5 12.5 3.093 0.639 0.457
237.5 37.5 3.356 0.827 0.509
237.5 62.5 2.042 0.503 0.244
237.5 87.5 2.219 0.537 0.280
240.0 110.0 1.878 0.492 0.210
250.0 0.0 2.254 0.687 0.287
250.0 25.0 3.191 0.761 0.477
250.0 50.0 2.628 0.767 0.364
250.0 75.0 2.593 0.636 0.357
250.0 100.0 1.463 0.677 0.122
262.5 12.5 2.442 0.601 0.326
262.5 37.5 1.744 0.486 0.182
262.5 62.5 1.988 0.475 0.232
262.5 87.5 1.453 0.416 0.120
275.0 0.0 2.072 0.556 0.250
275.0 25.0 2.358 0.525 0.309
275.0 50.0 1.678 0.544 0.168
275.0 75.0 2.174 0.493 0.271
287.5 12.5 1.330 0.358 0.094
287.5 37.5 1.652 0.767 0.162
287.5 62.5 2.066 0.515 0.249
300.0 0.0 1.563 0.430 0.143
300.0 25.0 1.777 0.416 0.189
300.0 50.0 1.674 0.388 0.167
300.0 75.0 1.871 0.383 0.208
300.0 100.0 1.229 0.332 0.073
312.5 12.5 1.117 0.284 0.048
312.5 37.5 1.833 0.644 0.200
325.0 0.0 1.570 0.322 0.145
325.0 25.0 1.037 0.256 0.031
325.0 50.0 0.761 0.238 -0.029
325.0 75.0 1.475 0.312 0.125
325.0 100.0 0.976 0.266 0.018
337.5 12.5 1.148 0.239 0.055
350.0 0.0 1.175 0.283 0.061
350.0 25.0 1.138 0.242 0.053
350.0 50.0 1.296 0.257 0.087
350.0 75.0 1.224 0.262 0.072
350.0 100.0 0.612 0.154 -0.061
375.0 0.0 1.241 0.571 0.075
375.0 25.0 1.238 0.261 0.074
375.0 50.0 0.500 0.131 -0.086
375.0 75.0 0.786 0.178 -0.023
400.0 0.0 0.389 0.148 -0.110
400.0 25.0 0.928 0.278 0.008
400.0 50.0 0.960 0.270 0.015
400.0 75.0 0.923 0.222 0.007
400.0 100.0 0.805 0.229 -0.019
425.0 0.0 0.224 0.092 -0.147
425.0 25.0 0.629 0.200 -0.057
425.0 50.0 0.455 0.199 -0.096
425.0 75.0 0.670 0.174 -0.048
425.0 100.0 0.362 0.121 -0.116
450.0 0.0 0.446 0.136 -0.098
450.0 25.0 0.647 0.358 -0.054
450.0 50.0 0.354 0.127 -0.118
450.0 75.0 0.108 0.055 -0.173
450.0 100.0 0.382 0.112 -0.112
475.0 0.0 0.227 0.080 -0.146
475.0 25.0 0.648 0.179 -0.053
475.0 50.0 0.285 0.087 -0.134
475.0 75.0 0.172 0.065 -0.159
475.0 100.0 0.214 0.078 -0.149
500.0 0.0 0.181 0.067 -0.157
500.0 25.0 0.355 0.107 -0.118
500.0 50.0 0.612 0.230 -0.061
500.0 75.0 0.187 0.074 -0.155
525.0 0.0 0.283 0.083 -0.134
525.0 25.0 0.210 0.062 -0.150
525.0 50.0 0.223 0.062 -0.147
550.0 0.0 0.234 0.063 -0.145
550.0 25.0 0.187 0.055 -0.155
575.0 25.0 0.250 0.086 -0.141
#average significance: 0.906
