mC1:mN1:nSig:nSigErr:Zn
#Tag: SR_SS_emu_2_opt
#Zjets: 0.000000 +/- 0.000000 (0)
#multitop: 0.000000 +/- 0.000000 (0)
#Wjets: 0.001577 +/- 0.063183 (2)
#Higgs: 0.006382 +/- 0.005147 (9)
#Vgamma: 0.053265 +/- 0.053265 (1)
#ttV: 0.054893 +/- 0.017005 (31)
#VVV: 0.157713 +/- 0.093169 (11)
#singletop: 0.416387 +/- 0.416387 (1)
#ttbar: 0.515158 +/- 0.364364 (2)
#VV: 2.343874 +/- 0.291333 (620)
#Total BG: 3.549251 +/- 0.637840 (677)

150.0 0.0 4.883 1.297 1.614
152.5 22.5 4.224 0.833 1.400
162.5 12.5 5.478 1.109 1.800
175.0 0.0 3.875 0.719 1.283
175.0 25.0 3.522 0.914 1.162
177.5 47.5 2.031 0.542 0.615
187.5 12.5 3.597 0.668 1.187
187.5 37.5 3.230 0.641 1.059
190.0 60.0 1.707 0.474 0.488
200.0 0.0 2.149 0.503 0.661
200.0 25.0 1.741 0.442 0.501
200.0 50.0 1.183 0.359 0.273
202.5 72.5 2.757 0.613 0.889
212.5 12.5 1.776 0.414 0.515
212.5 37.5 2.474 0.549 0.784
212.5 62.5 2.023 0.584 0.612
215.0 85.0 1.159 0.302 0.263
225.0 0.0 1.738 0.560 0.500
225.0 25.0 2.671 0.627 0.857
225.0 50.0 2.581 0.594 0.824
225.0 75.0 0.904 0.393 0.155
227.5 97.5 1.379 0.396 0.355
237.5 12.5 1.697 0.486 0.483
237.5 37.5 2.606 0.717 0.833
237.5 62.5 0.866 0.293 0.138
237.5 87.5 1.470 0.406 0.392
240.0 110.0 0.798 0.284 0.109
250.0 0.0 2.996 0.714 0.976
250.0 25.0 1.052 0.387 0.218
250.0 50.0 1.016 0.361 0.203
250.0 75.0 1.332 0.497 0.335
250.0 100.0 0.831 0.315 0.123
262.5 12.5 1.279 0.377 0.313
262.5 37.5 1.358 0.408 0.346
262.5 62.5 0.954 0.345 0.176
262.5 87.5 1.823 0.610 0.534
275.0 0.0 1.602 0.409 0.445
275.0 25.0 1.285 0.379 0.316
275.0 50.0 0.500 0.232 -0.024
275.0 75.0 1.026 0.319 0.207
287.5 12.5 0.912 0.264 0.158
287.5 37.5 1.433 0.414 0.377
287.5 62.5 1.302 0.365 0.323
300.0 0.0 2.430 0.639 0.767
300.0 25.0 1.389 0.358 0.359
300.0 50.0 1.429 0.345 0.375
300.0 75.0 0.693 0.271 0.062
300.0 100.0 1.065 0.297 0.223
312.5 12.5 1.156 0.291 0.262
312.5 37.5 1.204 0.311 0.282
325.0 0.0 1.346 0.520 0.341
325.0 25.0 1.024 0.239 0.206
325.0 50.0 0.870 0.322 0.140
325.0 75.0 0.959 0.335 0.178
325.0 100.0 1.142 0.277 0.256
337.5 12.5 1.195 0.281 0.278
350.0 0.0 0.969 0.375 0.182
350.0 25.0 0.651 0.172 0.044
350.0 50.0 0.733 0.170 0.080
350.0 75.0 0.612 0.225 0.027
350.0 100.0 0.661 0.170 0.048
375.0 0.0 0.948 0.440 0.174
375.0 25.0 0.572 0.150 0.009
375.0 50.0 0.475 0.136 -0.035
375.0 75.0 0.517 0.126 -0.016
400.0 0.0 0.474 0.160 -0.035
400.0 25.0 0.354 0.153 -0.090
400.0 50.0 0.423 0.142 -0.059
400.0 75.0 0.396 0.133 -0.071
400.0 100.0 0.440 0.147 -0.051
425.0 0.0 0.509 0.144 -0.020
425.0 25.0 0.346 0.127 -0.094
425.0 50.0 0.423 0.141 -0.059
425.0 75.0 0.042 0.042 -0.236
425.0 100.0 0.242 0.100 -0.142
450.0 0.0 0.353 0.110 -0.090
450.0 25.0 0.102 0.059 -0.207
450.0 50.0 0.202 0.091 -0.161
450.0 75.0 0.256 0.093 -0.135
450.0 100.0 0.272 0.092 -0.128
475.0 0.0 0.250 0.079 -0.138
475.0 25.0 0.229 0.085 -0.148
475.0 50.0 0.277 0.107 -0.125
475.0 75.0 0.397 0.124 -0.070
475.0 100.0 0.334 0.093 -0.099
500.0 0.0 0.165 0.064 -0.178
500.0 25.0 0.180 0.061 -0.170
500.0 50.0 0.258 0.079 -0.134
500.0 75.0 0.317 0.102 -0.107
525.0 0.0 0.178 0.059 -0.171
525.0 25.0 0.117 0.051 -0.200
525.0 50.0 0.228 0.066 -0.148
550.0 0.0 0.048 0.028 -0.233
550.0 25.0 0.097 0.042 -0.210
575.0 25.0 0.181 0.052 -0.170
