mC1:mN1:nSig:nSigErr:Zn
#Tag: SR_SS_mumu_2_opt
#multitop: 0.000000 +/- 0.000000 (0)
#Vgamma: 0.000000 +/- 0.000000 (0)
#singletop: 0.109258 +/- 0.109258 (1)
#Zjets: 0.178962 +/- 0.161006 (2)
#VVV: 0.261165 +/- 0.079922 (31)
#ttbar: 0.288458 +/- 0.288458 (1)
#ttV: 0.383439 +/- 0.051593 (147)
#Higgs: 0.842224 +/- 0.573061 (21)
#Wjets: 1.293539 +/- 0.741793 (4)
#VV: 8.077672 +/- 0.474512 (2031)
#Total BG: 11.434717 +/- 1.110827 (2238)

150.0 0.0 7.217 1.115 1.217
152.5 22.5 7.145 1.109 1.205
162.5 12.5 7.751 1.032 1.309
175.0 0.0 6.994 1.476 1.179
175.0 25.0 5.697 1.067 0.948
177.5 47.5 5.188 1.256 0.855
187.5 12.5 5.863 0.922 0.978
187.5 37.5 4.549 0.721 0.736
190.0 60.0 3.990 0.660 0.629
200.0 0.0 3.903 0.715 0.613
200.0 25.0 4.118 0.780 0.654
200.0 50.0 2.709 0.630 0.379
202.5 72.5 3.071 0.681 0.451
212.5 12.5 3.258 0.676 0.487
212.5 37.5 3.788 0.687 0.591
212.5 62.5 3.625 0.657 0.559
215.0 85.0 1.609 0.439 0.154
225.0 0.0 3.589 0.925 0.552
225.0 25.0 2.984 0.653 0.434
225.0 50.0 3.605 0.775 0.555
225.0 75.0 2.720 0.765 0.381
227.5 97.5 1.826 0.592 0.199
237.5 12.5 3.959 0.781 0.624
237.5 37.5 4.412 0.880 0.710
237.5 62.5 2.529 0.577 0.342
237.5 87.5 1.911 0.474 0.216
240.0 110.0 3.695 1.085 0.573
250.0 0.0 5.198 1.063 0.856
250.0 25.0 1.996 0.572 0.234
250.0 50.0 2.419 0.662 0.320
250.0 75.0 1.773 0.561 0.188
250.0 100.0 1.561 0.488 0.144
262.5 12.5 1.756 0.494 0.185
262.5 37.5 2.752 0.743 0.387
262.5 62.5 2.146 0.595 0.265
262.5 87.5 1.362 0.450 0.102
275.0 0.0 2.345 0.525 0.305
275.0 25.0 1.791 0.447 0.192
275.0 50.0 2.512 0.604 0.339
275.0 75.0 1.229 0.358 0.074
287.5 12.5 1.580 0.393 0.148
287.5 37.5 2.026 0.519 0.240
287.5 62.5 2.334 0.464 0.303
300.0 0.0 1.996 0.435 0.234
300.0 25.0 2.754 0.676 0.388
300.0 50.0 1.695 0.359 0.172
300.0 75.0 2.092 0.712 0.254
300.0 100.0 1.701 0.411 0.173
312.5 12.5 1.671 0.470 0.167
312.5 37.5 1.857 0.414 0.205
325.0 0.0 1.462 0.539 0.123
325.0 25.0 1.500 0.566 0.131
325.0 50.0 1.429 0.460 0.116
325.0 75.0 1.338 0.294 0.097
325.0 100.0 1.616 0.402 0.155
337.5 12.5 1.451 0.289 0.121
350.0 0.0 0.769 0.208 -0.024
350.0 25.0 0.764 0.192 -0.025
350.0 50.0 1.145 0.274 0.056
350.0 75.0 1.184 0.280 0.065
350.0 100.0 0.686 0.170 -0.042
375.0 0.0 0.674 0.219 -0.045
375.0 25.0 0.865 0.254 -0.003
375.0 50.0 0.703 0.173 -0.038
375.0 75.0 1.008 0.398 0.027
400.0 0.0 0.710 0.217 -0.037
400.0 25.0 0.494 0.158 -0.084
400.0 50.0 0.957 0.295 0.016
400.0 75.0 0.957 0.260 0.016
400.0 100.0 0.534 0.183 -0.075
425.0 0.0 0.477 0.155 -0.088
425.0 25.0 0.340 0.114 -0.118
425.0 50.0 0.415 0.141 -0.101
425.0 75.0 0.349 0.118 -0.115
425.0 100.0 0.583 0.195 -0.064
450.0 0.0 0.583 0.139 -0.064
450.0 25.0 0.350 0.111 -0.115
450.0 50.0 0.406 0.127 -0.103
450.0 75.0 0.347 0.115 -0.116
450.0 100.0 0.324 0.143 -0.121
475.0 0.0 0.166 0.070 -0.156
475.0 25.0 0.387 0.131 -0.107
475.0 50.0 0.321 0.114 -0.122
475.0 75.0 0.356 0.102 -0.114
475.0 100.0 0.300 0.106 -0.126
500.0 0.0 0.221 0.092 -0.144
500.0 25.0 0.294 0.088 -0.127
500.0 50.0 0.301 0.081 -0.126
500.0 75.0 0.344 0.088 -0.117
525.0 0.0 0.196 0.061 -0.149
525.0 25.0 0.198 0.061 -0.149
525.0 50.0 0.291 0.083 -0.128
550.0 0.0 0.171 0.050 -0.155
550.0 25.0 0.054 0.027 -0.181
575.0 25.0 0.055 0.025 -0.180
#average significance: 0.967
