mC1:mN1:nSig:nSigErr:Zn
#Tag: SR_SS_ee_2_opt
#Zjets: 0.000000 +/- 0.000000 (0)
#multitop: 0.000000 +/- 0.000000 (0)
#singletop: 0.315315 +/- 0.223022 (2)
#ttV: 0.333212 +/- 0.044393 (126)
#VVV: 0.335055 +/- 0.072563 (45)
#Higgs: 0.534007 +/- 0.523088 (14)
#Vgamma: 1.019137 +/- 0.392791 (10)
#Wjets: 1.283058 +/- 0.713041 (7)
#ttbar: 1.618308 +/- 0.735647 (5)
#VV: 6.903775 +/- 1.112724 (1558)
#Total BG: 12.341867 +/- 1.665124 (1767)

150.0 0.0 5.842 1.053 0.877
152.5 22.5 4.416 0.836 0.633
162.5 12.5 5.158 0.934 0.761
175.0 0.0 3.390 0.929 0.451
175.0 25.0 2.153 0.514 0.223
177.5 47.5 3.736 0.903 0.513
187.5 12.5 3.203 0.631 0.417
187.5 37.5 1.967 0.451 0.187
190.0 60.0 1.611 0.417 0.119
200.0 0.0 2.431 0.799 0.275
200.0 25.0 3.966 0.825 0.554
200.0 50.0 3.553 0.713 0.480
202.5 72.5 2.537 1.015 0.294
212.5 12.5 2.920 0.694 0.365
212.5 37.5 1.962 0.566 0.187
212.5 62.5 2.065 0.448 0.206
215.0 85.0 1.744 0.467 0.145
225.0 0.0 2.226 0.593 0.236
225.0 25.0 2.664 0.742 0.318
225.0 50.0 2.000 0.570 0.194
225.0 75.0 1.398 0.423 0.078
227.5 97.5 1.191 0.446 0.038
237.5 12.5 1.628 0.463 0.123
237.5 37.5 2.612 0.607 0.308
237.5 62.5 1.574 0.484 0.112
237.5 87.5 1.204 0.351 0.041
240.0 110.0 0.545 0.222 -0.090
250.0 0.0 2.679 0.866 0.321
250.0 25.0 2.791 0.724 0.342
250.0 50.0 0.842 0.420 -0.031
250.0 75.0 1.557 0.609 0.109
250.0 100.0 1.665 0.515 0.130
262.5 12.5 1.739 0.471 0.144
262.5 37.5 2.124 0.684 0.217
262.5 62.5 0.657 0.269 -0.067
262.5 87.5 1.779 0.515 0.152
275.0 0.0 1.102 0.358 0.021
275.0 25.0 1.254 0.412 0.050
275.0 50.0 2.498 0.614 0.287
275.0 75.0 1.454 0.405 0.089
287.5 12.5 1.634 0.379 0.124
287.5 37.5 1.631 0.430 0.123
287.5 62.5 1.409 0.775 0.080
300.0 0.0 0.751 0.255 -0.049
300.0 25.0 1.126 0.308 0.025
300.0 50.0 1.300 0.506 0.059
300.0 75.0 1.004 0.287 0.001
300.0 100.0 1.240 0.326 0.047
312.5 12.5 1.773 0.469 0.151
312.5 37.5 1.224 0.332 0.044
325.0 0.0 1.176 0.299 0.035
325.0 25.0 1.253 0.324 0.050
325.0 50.0 1.076 0.254 0.016
325.0 75.0 1.076 0.259 0.015
325.0 100.0 1.085 0.275 0.017
337.5 12.5 0.617 0.175 -0.075
350.0 0.0 0.737 0.189 -0.051
350.0 25.0 0.978 0.206 -0.004
350.0 50.0 0.501 0.146 -0.099
350.0 75.0 0.566 0.191 -0.086
350.0 100.0 0.291 0.111 -0.141
375.0 0.0 0.706 0.231 -0.058
375.0 25.0 0.581 0.149 -0.083
375.0 50.0 0.620 0.183 -0.075
375.0 75.0 0.541 0.144 -0.091
400.0 0.0 0.690 0.215 -0.061
400.0 25.0 0.766 0.238 -0.046
400.0 50.0 1.009 0.519 0.002
400.0 75.0 0.383 0.148 -0.122
400.0 100.0 0.454 0.193 -0.108
425.0 0.0 0.413 0.147 -0.116
425.0 25.0 0.247 0.156 -0.150
425.0 50.0 0.456 0.157 -0.108
425.0 75.0 0.312 0.123 -0.137
425.0 100.0 0.219 0.090 -0.156
450.0 0.0 0.317 0.135 -0.136
450.0 25.0 0.339 0.115 -0.131
450.0 50.0 0.378 0.115 -0.123
450.0 75.0 0.352 0.110 -0.129
450.0 100.0 0.307 0.106 -0.138
475.0 0.0 0.266 0.085 -0.146
475.0 25.0 0.212 0.083 -0.157
475.0 50.0 0.126 0.057 -0.174
475.0 75.0 0.348 0.099 -0.129
475.0 100.0 0.124 0.056 -0.175
500.0 0.0 0.100 0.053 -0.180
500.0 25.0 0.205 0.069 -0.158
500.0 50.0 0.227 0.078 -0.154
500.0 75.0 0.373 0.107 -0.125
525.0 0.0 0.122 0.046 -0.175
525.0 25.0 0.104 0.049 -0.179
525.0 50.0 0.104 0.043 -0.179
550.0 0.0 0.160 0.056 -0.167
550.0 25.0 0.137 0.054 -0.172
575.0 25.0 0.075 0.031 -0.185
#average significance: 0.446
