mC1:mN1:nSig:nSigErr:Zn
#Tag: SR_SS_mumu_1_opt
#Zjets: 0.000000 +/- 0.000000 (0)
#multitop: 0.000000 +/- 0.000000 (0)
#Vgamma: 0.000000 +/- 0.000000 (0)
#ttV: 0.119632 +/- 0.029516 (40)
#singletop: 0.235893 +/- 0.235893 (1)
#ttbar: 0.268577 +/- 0.268577 (1)
#VVV: 0.499507 +/- 0.080810 (66)
#Higgs: 1.074043 +/- 0.619368 (4)
#Wjets: 1.098096 +/- 0.664608 (3)
#VV: 13.174960 +/- 1.184453 (2097)
#Total BG: 16.470707 +/- 1.537345 (2212)

150.0 0.0 8.995 1.188 1.164
152.5 22.5 7.576 1.093 0.971
162.5 12.5 6.784 0.957 0.860
175.0 0.0 6.352 1.078 0.798
175.0 25.0 5.965 0.970 0.743
177.5 47.5 6.477 1.042 0.816
187.5 12.5 4.737 0.813 0.564
187.5 37.5 7.376 1.099 0.943
190.0 60.0 4.027 0.936 0.457
200.0 0.0 3.887 0.727 0.436
200.0 25.0 4.606 0.801 0.544
200.0 50.0 4.274 0.903 0.495
202.5 72.5 2.390 0.540 0.205
212.5 12.5 4.791 0.735 0.572
212.5 37.5 3.296 0.611 0.346
212.5 62.5 3.206 0.684 0.332
215.0 85.0 3.132 0.556 0.321
225.0 0.0 4.893 0.923 0.587
225.0 25.0 2.646 0.619 0.245
225.0 50.0 3.432 0.704 0.367
225.0 75.0 2.873 0.618 0.280
227.5 97.5 1.799 0.553 0.111
237.5 12.5 4.312 1.204 0.500
237.5 37.5 4.007 0.771 0.454
237.5 62.5 3.342 0.607 0.353
237.5 87.5 2.538 0.744 0.228
240.0 110.0 2.776 0.870 0.265
250.0 0.0 2.201 0.556 0.175
250.0 25.0 3.083 1.043 0.313
250.0 50.0 2.581 0.660 0.235
250.0 75.0 2.708 0.657 0.255
250.0 100.0 2.464 0.622 0.216
262.5 12.5 2.351 0.605 0.199
262.5 37.5 2.456 0.571 0.215
262.5 62.5 1.586 0.448 0.076
262.5 87.5 1.885 0.503 0.125
275.0 0.0 2.432 0.592 0.211
275.0 25.0 0.808 0.298 -0.051
275.0 50.0 2.278 0.511 0.187
275.0 75.0 1.975 0.436 0.139
287.5 12.5 2.114 0.642 0.161
287.5 37.5 2.836 0.775 0.275
287.5 62.5 2.286 0.497 0.188
300.0 0.0 1.616 0.377 0.081
300.0 25.0 2.253 0.480 0.183
300.0 50.0 1.342 0.319 0.037
300.0 75.0 2.261 0.542 0.184
300.0 100.0 1.640 0.408 0.085
312.5 12.5 1.306 0.464 0.031
312.5 37.5 1.457 0.327 0.056
325.0 0.0 1.837 0.352 0.117
325.0 25.0 1.386 0.319 0.044
325.0 50.0 1.230 0.372 0.019
325.0 75.0 1.060 0.246 -0.009
325.0 100.0 1.406 0.375 0.047
337.5 12.5 0.874 0.237 -0.040
350.0 0.0 1.086 0.271 -0.005
350.0 25.0 1.328 0.319 0.035
350.0 50.0 0.825 0.208 -0.048
350.0 75.0 0.749 0.253 -0.060
350.0 100.0 0.823 0.185 -0.048
375.0 0.0 1.172 0.424 0.009
375.0 25.0 0.602 0.155 -0.085
375.0 50.0 0.480 0.134 -0.105
375.0 75.0 0.769 0.187 -0.057
400.0 0.0 0.265 0.119 -0.141
400.0 25.0 0.312 0.128 -0.133
400.0 50.0 0.462 0.155 -0.108
400.0 75.0 0.842 0.235 -0.045
400.0 100.0 0.740 0.192 -0.062
425.0 0.0 0.422 0.182 -0.115
425.0 25.0 0.529 0.148 -0.097
425.0 50.0 0.356 0.119 -0.126
425.0 75.0 0.505 0.187 -0.101
425.0 100.0 1.244 0.435 0.021
450.0 0.0 0.247 0.097 -0.144
450.0 25.0 0.431 0.125 -0.113
450.0 50.0 0.309 0.103 -0.134
450.0 75.0 0.481 0.130 -0.105
450.0 100.0 0.157 0.069 -0.159
475.0 0.0 0.499 0.137 -0.102
475.0 25.0 0.481 0.172 -0.105
475.0 50.0 0.261 0.095 -0.142
475.0 75.0 0.475 0.126 -0.106
475.0 100.0 0.250 0.092 -0.144
500.0 0.0 0.238 0.072 -0.146
500.0 25.0 0.351 0.093 -0.127
500.0 50.0 0.234 0.074 -0.146
500.0 75.0 0.378 0.098 -0.122
525.0 0.0 0.270 0.108 -0.140
525.0 25.0 0.164 0.055 -0.158
525.0 50.0 0.280 0.090 -0.139
550.0 0.0 0.245 0.088 -0.144
550.0 25.0 0.307 0.141 -0.134
575.0 25.0 0.084 0.033 -0.172
#average significance: 0.775
