mC1:mN1:nSig:nSigErr:Zn
#Tag: SR_SS_mumu_1_opt
#Zjets: 0.000000 +/- 0.000000 (0)
#multitop: 0.000000 +/- 0.000000 (0)
#Vgamma: 0.000000 +/- 0.000000 (0)
#Wjets: 0.074620 +/- 0.074620 (1)
#ttV: 0.130615 +/- 0.032801 (42)
#singletop: 0.235893 +/- 0.235893 (1)
#ttbar: 0.380504 +/- 0.380504 (1)
#VVV: 0.522922 +/- 0.079664 (69)
#Higgs: 1.158017 +/- 0.668141 (4)
#VV: 14.525637 +/- 1.078685 (2422)
#Total BG: 17.028207 +/- 1.350330 (2540)

150.0 0.0 7.758 1.210 0.983
152.5 22.5 5.796 1.093 0.709
162.5 12.5 7.181 1.029 0.904
175.0 0.0 4.393 0.849 0.505
175.0 25.0 4.825 0.889 0.569
177.5 47.5 4.730 0.793 0.555
187.5 12.5 4.569 0.822 0.531
187.5 37.5 5.625 0.843 0.685
190.0 60.0 2.975 0.610 0.292
200.0 25.0 5.319 0.844 0.641
200.0 50.0 5.060 1.319 0.603
202.5 72.5 2.647 0.635 0.242
212.5 12.5 5.533 1.240 0.671
212.5 37.5 3.378 0.661 0.354
212.5 62.5 3.189 0.677 0.325
215.0 85.0 1.799 0.395 0.109
225.0 0.0 5.103 1.051 0.609
225.0 25.0 3.004 0.669 0.297
225.0 50.0 3.668 0.806 0.397
225.0 75.0 2.357 0.604 0.197
227.5 97.5 2.040 0.610 0.147
237.5 12.5 4.363 1.209 0.501
237.5 37.5 2.443 0.529 0.210
237.5 62.5 4.012 0.679 0.449
237.5 87.5 2.635 0.742 0.240
240.0 110.0 1.662 0.566 0.088
250.0 0.0 1.926 0.558 0.129
250.0 25.0 1.992 0.547 0.140
250.0 50.0 3.510 0.802 0.373
250.0 75.0 2.654 0.684 0.243
250.0 100.0 2.435 0.689 0.209
262.5 12.5 2.362 0.604 0.198
262.5 37.5 2.899 0.625 0.281
262.5 62.5 1.607 0.454 0.079
262.5 87.5 1.868 0.500 0.120
275.0 0.0 2.755 0.586 0.258
275.0 25.0 1.076 0.351 -0.006
275.0 50.0 2.010 0.483 0.143
275.0 75.0 1.274 0.343 0.026
287.5 12.5 1.910 0.464 0.127
287.5 37.5 2.458 0.599 0.212
287.5 62.5 2.672 0.535 0.246
300.0 0.0 1.718 0.390 0.096
300.0 25.0 2.316 0.498 0.190
300.0 50.0 1.806 0.402 0.110
300.0 75.0 1.720 0.503 0.097
300.0 100.0 1.712 0.417 0.095
312.5 12.5 1.443 0.467 0.053
312.5 37.5 1.555 0.342 0.071
325.0 0.0 1.629 0.327 0.082
325.0 25.0 1.278 0.329 0.026
325.0 50.0 1.543 0.421 0.069
325.0 75.0 1.068 0.248 -0.008
337.5 12.5 1.248 0.278 0.022
350.0 0.0 0.958 0.257 -0.025
350.0 25.0 1.335 0.331 0.035
350.0 50.0 0.964 0.224 -0.024
350.0 75.0 0.904 0.434 -0.034
350.0 100.0 1.075 0.213 -0.006
375.0 0.0 1.088 0.309 -0.004
375.0 25.0 0.998 0.228 -0.019
375.0 50.0 0.649 0.167 -0.076
375.0 75.0 0.783 0.191 -0.054
400.0 0.0 0.274 0.123 -0.137
400.0 25.0 0.249 0.112 -0.141
400.0 50.0 0.550 0.167 -0.092
400.0 75.0 0.776 0.226 -0.055
400.0 100.0 0.850 0.245 -0.043
425.0 0.0 0.717 0.246 -0.064
425.0 25.0 0.612 0.160 -0.082
425.0 50.0 0.477 0.138 -0.104
425.0 75.0 0.495 0.147 -0.101
425.0 100.0 1.143 0.421 0.005
450.0 0.0 0.429 0.161 -0.112
450.0 25.0 0.590 0.144 -0.085
450.0 50.0 0.426 0.133 -0.112
450.0 75.0 0.639 0.153 -0.077
450.0 100.0 0.257 0.090 -0.140
475.0 0.0 0.499 0.142 -0.100
475.0 25.0 0.432 0.168 -0.111
475.0 50.0 0.403 0.111 -0.116
475.0 75.0 0.420 0.112 -0.113
475.0 100.0 0.390 0.166 -0.118
500.0 0.0 0.228 0.069 -0.145
500.0 25.0 0.460 0.109 -0.106
500.0 50.0 0.294 0.085 -0.134
500.0 75.0 0.461 0.118 -0.106
525.0 0.0 0.381 0.126 -0.120
525.0 25.0 0.208 0.061 -0.148
525.0 50.0 0.389 0.103 -0.118
550.0 0.0 0.242 0.088 -0.142
550.0 25.0 0.387 0.152 -0.119
575.0 25.0 0.077 0.032 -0.170
