mC1:mN1:nSig:nSigErr:Zn
#Tag: SR_SS_jet1_opt
#Zjets: 0.000000 +/- 0.000000 (0)
#multitop: 0.000000 +/- 0.000000 (0)
#Higgs: 0.009614 +/- 0.004500 (5)
#ttV: 0.061590 +/- 0.019656 (24)
#Wjets: 0.149176 +/- 0.100326 (3)
#singletop: 0.204645 +/- 0.204645 (1)
#VVV: 0.212948 +/- 0.045835 (34)
#Vgamma: 0.364040 +/- 0.185799 (7)
#ttbar: 0.427347 +/- 0.427347 (1)
#VV: 3.543171 +/- 0.498498 (557)
#Total BG: 4.972531 +/- 0.721179 (632)

150.0 0.0 6.072 0.987 1.690
152.5 22.5 4.542 0.849 1.268
162.5 12.5 3.300 0.660 0.901
175.0 0.0 5.500 0.978 1.536
175.0 25.0 4.027 0.835 1.119
177.5 47.5 2.798 0.614 0.745
187.5 12.5 3.030 0.559 0.818
187.5 37.5 2.985 0.588 0.804
190.0 60.0 3.123 0.662 0.847
200.0 0.0 5.424 0.839 1.515
200.0 25.0 4.842 0.833 1.354
200.0 50.0 3.706 0.732 1.024
202.5 72.5 2.161 0.506 0.540
212.5 12.5 3.728 0.728 1.031
212.5 37.5 3.599 0.728 0.992
212.5 62.5 2.409 0.532 0.621
215.0 85.0 2.579 0.914 0.676
225.0 0.0 4.602 0.880 1.286
225.0 25.0 2.896 0.661 0.776
225.0 50.0 3.572 0.728 0.984
225.0 75.0 2.200 0.580 0.553
227.5 97.5 1.470 0.414 0.308
237.5 12.5 5.011 0.813 1.401
237.5 37.5 4.105 0.875 1.142
237.5 62.5 3.522 0.635 0.969
237.5 87.5 2.003 0.485 0.488
240.0 110.0 1.841 0.789 0.434
250.0 0.0 4.215 1.213 1.174
250.0 25.0 3.554 1.049 0.978
250.0 50.0 4.671 1.104 1.305
250.0 75.0 2.409 0.571 0.621
250.0 100.0 2.244 0.802 0.567
262.5 12.5 3.190 0.729 0.867
262.5 37.5 3.262 0.670 0.890
262.5 62.5 2.385 0.528 0.613
262.5 87.5 2.502 0.565 0.651
275.0 0.0 3.426 0.699 0.940
275.0 25.0 2.260 0.523 0.573
275.0 50.0 2.924 0.670 0.785
275.0 75.0 2.787 0.655 0.742
287.5 12.5 1.913 0.429 0.458
287.5 37.5 2.721 0.851 0.721
287.5 62.5 2.892 0.618 0.775
300.0 0.0 2.335 0.464 0.597
300.0 25.0 1.909 0.400 0.457
300.0 50.0 2.459 0.452 0.637
300.0 75.0 3.118 0.537 0.845
300.0 100.0 2.137 0.466 0.532
312.5 12.5 1.621 0.343 0.359
312.5 37.5 2.412 0.681 0.622
325.0 0.0 2.449 0.388 0.634
325.0 25.0 1.640 0.312 0.366
325.0 50.0 1.455 0.396 0.303
325.0 75.0 1.612 0.327 0.356
325.0 100.0 1.743 0.333 0.401
337.5 12.5 2.378 0.564 0.611
350.0 0.0 1.724 0.316 0.394
350.0 25.0 1.629 0.347 0.362
350.0 50.0 1.585 0.356 0.347
350.0 75.0 1.430 0.288 0.294
350.0 100.0 1.190 0.219 0.210
375.0 0.0 1.559 0.597 0.338
375.0 25.0 1.626 0.287 0.361
375.0 50.0 0.837 0.176 0.084
375.0 75.0 1.037 0.210 0.156
400.0 0.0 0.684 0.214 0.028
400.0 25.0 0.951 0.229 0.125
400.0 50.0 1.553 0.346 0.336
400.0 75.0 1.536 0.327 0.330
400.0 100.0 1.177 0.267 0.206
425.0 0.0 1.003 0.271 0.144
425.0 25.0 1.125 0.292 0.187
425.0 50.0 0.650 0.214 0.016
425.0 75.0 0.760 0.183 0.056
425.0 100.0 1.127 0.421 0.188
450.0 0.0 0.446 0.136 -0.060
450.0 25.0 0.969 0.374 0.132
450.0 50.0 0.615 0.167 0.003
450.0 75.0 0.585 0.136 -0.008
450.0 100.0 0.699 0.151 0.034
475.0 0.0 0.587 0.145 -0.007
475.0 25.0 0.981 0.206 0.136
475.0 50.0 0.595 0.133 -0.004
475.0 75.0 0.495 0.121 -0.042
475.0 100.0 0.524 0.128 -0.031
500.0 0.0 0.350 0.094 -0.096
500.0 25.0 0.608 0.135 0.001
500.0 50.0 0.774 0.237 0.061
500.0 75.0 0.479 0.115 -0.047
525.0 0.0 0.385 0.095 -0.082
525.0 25.0 0.389 0.086 -0.081
525.0 50.0 0.511 0.108 -0.036
550.0 0.0 0.396 0.080 -0.078
550.0 25.0 0.251 0.060 -0.133
575.0 25.0 0.292 0.089 -0.118
#average significance: 1.124
