mC1:mN1:nSig:nSigErr:Zn
#Tag: SR_SS_jet23_pre
#ttV: 16.133395 +/- 0.344889 (6598)
#ZZ: 62.761370 +/- 1.127705 (43851)
#Rare: 92.181843 +/- 6.338615 (3011)
#WW: 153.455294 +/- 0.679752 (72175)
#WZ: 776.282836 +/- 5.978666 (147413)
#charge flip: 2074.427691 +/- 2.680118 (1679673)
#Fakes: 6939.719821 +/- 36.471903 (66096)
#Total BG: 10114.962250 +/- 37.618585 (2018817)

150.0 0.0 180.223 6.004 -0.095
152.5 22.5 162.923 5.637 -0.102
162.5 12.5 136.284 4.365 -0.112
175.0 0.0 107.956 5.137 -0.123
175.0 25.0 100.779 4.243 -0.126
177.5 47.5 109.023 4.982 -0.123
187.5 12.5 88.731 3.926 -0.131
187.5 37.5 86.017 3.837 -0.132
190.0 60.0 75.382 3.385 -0.136
200.0 0.0 69.951 3.700 -0.138
200.0 25.0 65.475 3.405 -0.140
200.0 50.0 67.745 3.465 -0.139
202.5 72.5 65.017 2.185 -0.140
212.5 12.5 54.873 1.768 -0.144
212.5 37.5 55.940 1.923 -0.144
212.5 62.5 55.209 1.811 -0.144
215.0 85.0 49.906 1.685 -0.146
225.0 0.0 42.088 1.615 -0.149
225.0 25.0 44.519 1.575 -0.148
225.0 50.0 44.779 1.587 -0.148
225.0 75.0 45.012 1.758 -0.148
227.5 97.5 40.911 1.561 -0.150
237.5 12.5 38.977 1.476 -0.151
237.5 37.5 38.843 1.476 -0.151
237.5 62.5 35.620 1.336 -0.152
237.5 87.5 36.018 1.257 -0.152
240.0 110.0 33.106 2.289 -0.153
250.0 0.0 33.590 1.286 -0.153
250.0 25.0 35.537 1.376 -0.152
250.0 50.0 30.667 1.287 -0.154
250.0 75.0 33.431 2.388 -0.153
250.0 100.0 31.228 2.488 -0.154
262.5 12.5 30.307 2.397 -0.154
262.5 37.5 29.117 2.046 -0.155
262.5 62.5 26.566 2.061 -0.156
262.5 87.5 22.753 1.769 -0.157
275.0 0.0 24.678 1.995 -0.156
275.0 25.0 22.314 1.677 -0.157
275.0 50.0 26.217 2.168 -0.156
275.0 75.0 23.488 2.005 -0.157
287.5 12.5 21.701 1.728 -0.157
287.5 37.5 20.591 1.591 -0.158
287.5 62.5 23.251 1.950 -0.157
300.0 0.0 18.542 1.447 -0.159
300.0 25.0 18.700 1.359 -0.159
300.0 50.0 19.765 1.426 -0.158
300.0 75.0 17.254 1.361 -0.159
300.0 100.0 16.196 1.156 -0.160
312.5 12.5 16.580 1.327 -0.160
312.5 37.5 16.669 1.485 -0.159
325.0 0.0 12.829 1.052 -0.161
325.0 25.0 13.019 1.012 -0.161
325.0 50.0 14.939 1.102 -0.160
325.0 75.0 12.767 0.919 -0.161
325.0 100.0 13.496 1.048 -0.161
337.5 12.5 8.637 0.601 -0.163
350.0 0.0 10.016 0.871 -0.162
350.0 25.0 9.457 0.702 -0.162
350.0 50.0 9.129 0.665 -0.162
350.0 75.0 9.636 0.796 -0.162
350.0 100.0 9.107 0.651 -0.162
375.0 0.0 7.804 0.627 -0.163
375.0 25.0 7.647 0.602 -0.163
375.0 50.0 7.133 0.622 -0.163
375.0 75.0 7.784 0.608 -0.163
400.0 0.0 5.771 0.701 -0.164
400.0 25.0 6.396 0.640 -0.164
400.0 50.0 7.039 0.753 -0.163
400.0 75.0 6.638 0.751 -0.163
400.0 100.0 5.588 0.582 -0.164
425.0 0.0 4.708 0.560 -0.164
425.0 25.0 4.011 0.412 -0.165
425.0 50.0 5.864 0.646 -0.164
425.0 75.0 3.914 0.418 -0.165
425.0 100.0 3.876 0.477 -0.165
450.0 0.0 3.867 0.367 -0.165
450.0 25.0 3.343 0.514 -0.165
450.0 50.0 4.145 0.534 -0.164
450.0 75.0 3.450 0.368 -0.165
450.0 100.0 3.865 0.388 -0.165
475.0 0.0 2.637 0.262 -0.165
475.0 25.0 2.702 0.304 -0.165
475.0 50.0 2.772 0.284 -0.165
475.0 75.0 2.797 0.281 -0.165
475.0 100.0 3.393 0.415 -0.165
500.0 0.0 2.186 0.249 -0.165
500.0 25.0 2.433 0.251 -0.165
500.0 50.0 2.813 0.298 -0.165
500.0 75.0 2.123 0.225 -0.165
525.0 0.0 1.870 0.194 -0.165
525.0 25.0 1.678 0.173 -0.165
525.0 50.0 1.905 0.181 -0.165
550.0 0.0 1.500 0.151 -0.166
550.0 25.0 1.507 0.216 -0.166
575.0 25.0 0.999 0.106 -0.166
#average significance: -0.140
