mC1:mN1:nSig:nSigErr:Zn
#Tag: SR_SS_ee_2_opt
#Zjets: 0.000000 +/- 0.000000 (0)
#multitop: 0.000000 +/- 0.000000 (0)
#ttV: 0.111015 +/- 0.025163 (44)
#VVV: 0.138358 +/- 0.051561 (17)
#singletop: 0.161341 +/- 0.161341 (1)
#Vgamma: 0.375771 +/- 0.268750 (2)
#Higgs: 0.533874 +/- 0.523096 (12)
#Wjets: 0.568570 +/- 0.584543 (3)
#ttbar: 1.527248 +/- 0.964238 (3)
#VV: 3.348022 +/- 0.395705 (554)
#Total BG: 6.764200 +/- 1.342835 (636)

150.0 0.0 3.375 0.794 0.688
152.5 22.5 3.407 0.760 0.696
162.5 12.5 3.627 0.628 0.751
175.0 0.0 1.901 0.808 0.308
175.0 25.0 1.740 0.499 0.265
177.5 47.5 2.509 1.082 0.469
187.5 12.5 2.206 0.529 0.389
187.5 37.5 1.463 0.389 0.189
190.0 60.0 1.053 0.331 0.075
200.0 25.0 2.449 0.682 0.453
200.0 50.0 2.256 0.564 0.403
202.5 72.5 1.070 0.343 0.079
212.5 12.5 1.695 0.418 0.253
212.5 37.5 0.803 0.321 0.003
212.5 62.5 1.160 0.330 0.105
215.0 85.0 1.734 0.465 0.263
225.0 0.0 1.823 0.545 0.287
225.0 25.0 1.597 0.604 0.226
225.0 50.0 1.554 0.480 0.214
225.0 75.0 1.262 0.400 0.133
227.5 97.5 1.045 0.422 0.072
237.5 12.5 1.262 0.395 0.133
237.5 37.5 0.947 0.319 0.045
237.5 62.5 0.727 0.277 -0.019
237.5 87.5 1.199 0.371 0.116
240.0 110.0 0.275 0.159 -0.151
250.0 0.0 1.140 0.418 0.099
250.0 25.0 2.178 0.655 0.382
250.0 50.0 0.706 0.397 -0.025
250.0 75.0 1.101 0.546 0.088
250.0 100.0 0.473 0.284 -0.092
262.5 12.5 1.145 0.387 0.101
262.5 37.5 1.258 0.611 0.132
262.5 62.5 0.550 0.247 -0.070
262.5 87.5 0.919 0.386 0.037
275.0 0.0 0.696 0.268 -0.027
275.0 25.0 0.581 0.267 -0.061
275.0 50.0 1.709 0.516 0.256
275.0 75.0 0.903 0.309 0.032
287.5 12.5 0.841 0.269 0.014
287.5 37.5 0.754 0.300 -0.011
287.5 62.5 0.434 0.196 -0.104
300.0 0.0 0.431 0.196 -0.105
300.0 25.0 1.041 0.307 0.071
300.0 50.0 0.495 0.360 -0.086
300.0 75.0 0.603 0.235 -0.055
300.0 100.0 0.687 0.240 -0.030
312.5 12.5 1.373 0.436 0.164
312.5 37.5 0.804 0.275 0.004
325.0 0.0 0.514 0.174 -0.080
325.0 25.0 0.827 0.270 0.010
325.0 50.0 0.596 0.181 -0.056
325.0 75.0 0.721 0.209 -0.020
337.5 12.5 0.414 0.138 -0.110
350.0 0.0 0.521 0.175 -0.078
350.0 25.0 0.588 0.167 -0.059
350.0 50.0 0.247 0.102 -0.159
350.0 75.0 0.255 0.105 -0.157
350.0 100.0 0.174 0.088 -0.181
375.0 0.0 0.396 0.165 -0.115
375.0 25.0 0.415 0.129 -0.110
375.0 50.0 0.192 0.080 -0.176
375.0 75.0 0.317 0.108 -0.139
400.0 0.0 0.381 0.144 -0.120
400.0 25.0 0.510 0.164 -0.082
400.0 50.0 0.573 0.481 -0.063
400.0 75.0 0.241 0.108 -0.161
400.0 100.0 0.113 0.081 -0.200
425.0 0.0 0.289 0.129 -0.147
425.0 25.0 0.185 0.096 -0.178
425.0 50.0 0.145 0.084 -0.190
425.0 75.0 0.196 0.102 -0.175
425.0 100.0 0.069 0.049 -0.213
450.0 0.0 0.286 0.131 -0.148
450.0 25.0 0.272 0.104 -0.152
450.0 50.0 0.317 0.106 -0.138
450.0 75.0 0.207 0.081 -0.171
450.0 100.0 0.286 0.104 -0.148
475.0 0.0 0.140 0.063 -0.191
475.0 25.0 0.140 0.074 -0.192
475.0 50.0 0.152 0.062 -0.188
475.0 75.0 0.101 0.051 -0.203
475.0 100.0 0.073 0.042 -0.212
500.0 0.0 0.100 0.053 -0.203
500.0 25.0 0.105 0.048 -0.202
500.0 50.0 0.141 0.060 -0.191
500.0 75.0 0.270 0.097 -0.153
525.0 0.0 0.085 0.038 -0.208
525.0 25.0 0.103 0.049 -0.202
525.0 50.0 0.083 0.037 -0.208
550.0 0.0 0.044 0.032 -0.221
550.0 25.0 0.087 0.036 -0.207
575.0 25.0 0.075 0.031 -0.211
