152.5 22.5 0.812
162.5 12.5 0.880
200.0 50.0 0.264
202.5 72.5 0.253
212.5 12.5 0.168
225.0 50.0 -0.061
237.5 12.5 0.186
237.5 62.5 0.297
237.5 87.5 0.024
240.0 110.0 -0.183
250.0 0.0 0.508
250.0 25.0 0.140
250.0 100.0 0.133
262.5 12.5 0.288
262.5 37.5 -0.040
262.5 62.5 0.074
262.5 87.5 -0.068
275.0 0.0 0.392
287.5 37.5 0.471
287.5 62.5 0.249
300.0 25.0 -0.251
300.0 50.0 0.038
300.0 75.0 0.253
312.5 12.5 0.076
312.5 37.5 -0.033
325.0 0.0 0.088
325.0 50.0 0.084
325.0 75.0 -0.072
350.0 25.0 -0.190
350.0 50.0 -0.031
350.0 100.0 -0.166
375.0 50.0 -0.143
400.0 25.0 -0.144
400.0 50.0 0.007
400.0 75.0 -0.055
425.0 0.0 -0.149
425.0 25.0 -0.103
425.0 75.0 -0.206
425.0 100.0 -0.266
450.0 0.0 -0.284
450.0 75.0 -0.184
475.0 0.0 -0.191
475.0 25.0 -0.222
475.0 50.0 -0.175
475.0 75.0 -0.208
475.0 100.0 -0.197
500.0 25.0 -0.205
500.0 50.0 -0.230
500.0 75.0 -0.247
525.0 50.0 -0.212
550.0 0.0 -0.222
550.0 25.0 -0.241
575.0 25.0 -0.272
