mC1:mN1:nSig:nSigErr:Zn
#Tag: SR_SS_emu_1_opt
#multitop: 0.000000 +/- 0.000000 (0)
#Higgs: 0.004431 +/- 0.003186 (2)
#ttV: 0.059887 +/- 0.018256 (23)
#Wjets: 0.076665 +/- 0.061733 (3)
#singletop: 0.108644 +/- 0.108644 (1)
#Zjets: 0.132585 +/- 0.132585 (1)
#Vgamma: 0.175695 +/- 0.071386 (7)
#ttbar: 0.233036 +/- 0.233036 (1)
#VVV: 0.260134 +/- 0.095054 (27)
#VV: 3.057605 +/- 0.394911 (545)
#Total BG: 4.108682 +/- 0.507867 (610)

150.0 0.0 2.458 0.613 0.744
152.5 22.5 3.314 0.738 1.042
162.5 12.5 2.795 0.550 0.863
175.0 0.0 3.457 0.830 1.091
175.0 25.0 3.456 0.909 1.090
177.5 47.5 1.263 0.412 0.294
187.5 12.5 3.051 0.682 0.952
187.5 37.5 1.481 0.375 0.379
190.0 60.0 1.816 0.476 0.507
200.0 25.0 3.808 0.749 1.207
200.0 50.0 1.868 0.495 0.527
202.5 72.5 1.906 0.494 0.541
212.5 12.5 1.825 0.474 0.510
212.5 37.5 3.632 0.723 1.149
212.5 62.5 1.863 0.463 0.525
215.0 85.0 0.985 0.287 0.183
225.0 0.0 2.267 0.665 0.674
225.0 25.0 2.647 1.247 0.811
225.0 50.0 1.824 0.523 0.510
225.0 75.0 1.555 0.500 0.408
227.5 97.5 1.331 0.412 0.321
237.5 12.5 2.924 0.607 0.908
237.5 37.5 3.418 0.865 1.078
237.5 62.5 2.027 0.510 0.586
237.5 87.5 0.508 0.230 -0.014
240.0 110.0 0.840 0.283 0.124
250.0 0.0 2.556 0.720 0.778
250.0 25.0 2.842 0.649 0.879
250.0 50.0 2.095 0.712 0.611
250.0 75.0 2.129 0.622 0.624
250.0 100.0 0.692 0.287 0.063
262.5 12.5 1.748 0.510 0.481
262.5 37.5 2.216 0.609 0.656
262.5 62.5 1.921 0.524 0.546
262.5 87.5 1.613 0.508 0.430
275.0 0.0 2.141 0.522 0.628
275.0 25.0 1.567 0.419 0.412
275.0 50.0 1.946 0.563 0.556
275.0 75.0 1.713 0.548 0.468
287.5 12.5 2.294 0.487 0.684
287.5 37.5 2.501 0.812 0.759
287.5 62.5 1.792 0.487 0.498
300.0 0.0 1.163 0.318 0.254
300.0 25.0 1.470 0.414 0.375
300.0 50.0 1.641 0.378 0.441
300.0 75.0 1.958 0.631 0.560
300.0 100.0 1.370 0.349 0.336
312.5 12.5 0.727 0.205 0.077
312.5 37.5 2.089 0.655 0.609
325.0 0.0 1.761 0.350 0.486
325.0 25.0 0.972 0.243 0.178
325.0 50.0 1.138 0.307 0.244
325.0 75.0 1.304 0.303 0.310
337.5 12.5 1.489 0.279 0.382
350.0 0.0 1.429 0.392 0.359
350.0 25.0 0.994 0.214 0.186
350.0 50.0 1.173 0.254 0.258
350.0 75.0 0.927 0.210 0.159
350.0 100.0 0.868 0.196 0.135
375.0 0.0 1.399 0.582 0.347
375.0 25.0 1.286 0.258 0.303
375.0 50.0 0.575 0.144 0.014
375.0 75.0 0.806 0.177 0.110
400.0 0.0 0.499 0.167 -0.018
400.0 25.0 0.849 0.212 0.127
400.0 50.0 1.102 0.304 0.230
400.0 75.0 1.072 0.247 0.218
400.0 100.0 1.000 0.256 0.189
425.0 0.0 0.410 0.132 -0.056
425.0 25.0 0.850 0.241 0.128
425.0 50.0 0.676 0.241 0.056
425.0 75.0 0.631 0.172 0.038
425.0 100.0 0.435 0.132 -0.045
450.0 0.0 0.525 0.149 -0.007
450.0 25.0 0.607 0.156 0.028
450.0 50.0 0.579 0.158 0.016
450.0 75.0 0.357 0.120 -0.079
450.0 100.0 0.583 0.140 0.017
475.0 0.0 0.208 0.075 -0.143
475.0 25.0 0.855 0.197 0.130
475.0 50.0 0.392 0.101 -0.064
475.0 75.0 0.324 0.096 -0.093
475.0 100.0 0.383 0.109 -0.067
500.0 0.0 0.507 0.130 -0.015
500.0 25.0 0.366 0.110 -0.075
500.0 50.0 0.786 0.238 0.101
500.0 75.0 0.304 0.098 -0.101
525.0 0.0 0.382 0.097 -0.068
525.0 25.0 0.355 0.081 -0.079
525.0 50.0 0.309 0.077 -0.099
550.0 0.0 0.302 0.070 -0.102
550.0 25.0 0.297 0.070 -0.104
575.0 25.0 0.443 0.134 -0.042
