152.5 22.5 1.133
162.5 12.5 2.232
200.0 50.0 0.410
202.5 72.5 0.763
212.5 12.5 1.061
225.0 50.0 1.118
237.5 12.5 1.138
237.5 62.5 0.284
237.5 87.5 0.563
240.0 110.0 0.140
250.0 0.0 1.275
250.0 25.0 0.509
250.0 100.0 0.136
262.5 12.5 1.542
262.5 37.5 0.728
262.5 62.5 0.159
262.5 87.5 0.975
275.0 0.0 0.606
287.5 37.5 0.301
287.5 62.5 0.464
300.0 25.0 0.511
300.0 50.0 0.205
300.0 75.0 0.234
312.5 12.5 0.678
312.5 37.5 0.413
325.0 0.0 0.188
325.0 50.0 0.526
325.0 75.0 0.323
350.0 25.0 0.100
350.0 50.0 0.065
350.0 100.0 0.016
375.0 50.0 -0.058
400.0 25.0 -0.005
400.0 50.0 0.046
400.0 75.0 -0.045
425.0 0.0 0.082
425.0 25.0 -0.061
425.0 75.0 -0.271
425.0 100.0 -0.129
450.0 0.0 -0.044
450.0 75.0 -0.161
475.0 0.0 -0.139
475.0 25.0 -0.136
475.0 50.0 -0.170
475.0 75.0 0.016
475.0 100.0 -0.024
500.0 25.0 -0.210
500.0 50.0 -0.105
500.0 75.0 -0.184
525.0 50.0 -0.170
550.0 0.0 -0.255
550.0 25.0 -0.254
575.0 25.0 -0.149
