mC1:mN1:nSig:nSigErr:Zn
#Tag: SR_SS_mumu_2_opt
#multitop: 0.000000 +/- 0.000000 (0)
#Vgamma: 0.000000 +/- 0.000000 (0)
#Higgs: 0.009113 +/- 0.006002 (12)
#Zjets: 0.017078 +/- 0.017078 (1)
#singletop: 0.109258 +/- 0.109258 (1)
#ttV: 0.212015 +/- 0.043582 (81)
#ttbar: 0.220604 +/- 0.220604 (1)
#VVV: 0.247615 +/- 0.071599 (23)
#Wjets: 0.400888 +/- 0.400888 (1)
#VV: 4.138258 +/- 0.291470 (1239)
#Total BG: 5.354829 +/- 0.560021 (1359)

150.0 0.0 3.036 0.728 0.808
152.5 22.5 2.160 0.548 0.533
162.5 12.5 3.746 0.676 1.021
175.0 0.0 5.403 1.411 1.489
175.0 25.0 2.456 0.669 0.627
177.5 47.5 2.033 0.654 0.492
187.5 12.5 3.654 0.717 0.994
187.5 37.5 1.414 0.372 0.286
190.0 60.0 1.342 0.365 0.262
200.0 25.0 3.175 0.707 0.850
200.0 50.0 1.617 0.460 0.355
202.5 72.5 1.319 0.467 0.254
212.5 12.5 2.803 0.662 0.736
212.5 37.5 2.109 0.532 0.516
212.5 62.5 0.700 0.272 0.039
215.0 85.0 0.928 0.372 0.119
225.0 0.0 3.285 1.015 0.883
225.0 25.0 2.000 0.610 0.481
225.0 50.0 2.040 0.626 0.494
225.0 75.0 2.252 1.466 0.562
227.5 97.5 0.968 0.482 0.133
237.5 12.5 2.360 0.642 0.597
237.5 37.5 2.290 0.572 0.574
237.5 62.5 1.408 0.418 0.284
237.5 87.5 1.206 0.386 0.216
240.0 110.0 0.719 0.280 0.045
250.0 0.0 4.038 0.931 1.106
250.0 25.0 2.426 0.618 0.618
250.0 50.0 2.093 0.630 0.511
250.0 75.0 1.468 0.532 0.305
250.0 100.0 0.657 0.360 0.023
262.5 12.5 0.896 0.400 0.108
262.5 37.5 2.087 0.643 0.509
262.5 62.5 1.038 0.350 0.158
262.5 87.5 1.655 0.600 0.367
275.0 0.0 1.210 0.407 0.217
275.0 25.0 2.139 0.496 0.526
275.0 50.0 1.532 0.409 0.326
275.0 75.0 2.096 0.601 0.512
287.5 12.5 1.824 0.478 0.423
287.5 37.5 1.583 0.432 0.343
287.5 62.5 2.031 0.438 0.491
300.0 0.0 1.624 0.399 0.357
300.0 25.0 2.183 0.594 0.540
300.0 50.0 2.167 0.471 0.535
300.0 75.0 2.284 0.731 0.573
300.0 100.0 1.589 0.367 0.345
312.5 12.5 1.680 0.353 0.376
312.5 37.5 1.630 0.375 0.359
325.0 0.0 1.487 0.521 0.311
325.0 25.0 1.786 0.585 0.411
325.0 50.0 1.094 0.329 0.177
325.0 75.0 1.187 0.274 0.209
337.5 12.5 1.241 0.285 0.228
350.0 0.0 1.497 0.456 0.314
350.0 25.0 1.157 0.238 0.199
350.0 50.0 1.573 0.323 0.340
350.0 75.0 1.161 0.263 0.200
350.0 100.0 1.104 0.240 0.180
375.0 0.0 0.910 0.276 0.113
375.0 25.0 1.229 0.317 0.223
375.0 50.0 0.566 0.158 -0.010
375.0 75.0 1.173 0.405 0.204
400.0 0.0 0.547 0.174 -0.016
400.0 25.0 0.570 0.165 -0.008
400.0 50.0 1.017 0.315 0.150
400.0 75.0 1.071 0.311 0.169
400.0 100.0 0.865 0.318 0.097
425.0 0.0 0.512 0.143 -0.029
425.0 25.0 0.664 0.175 0.026
425.0 50.0 1.031 0.251 0.155
425.0 75.0 0.503 0.157 -0.032
425.0 100.0 0.423 0.163 -0.061
450.0 0.0 0.865 0.195 0.097
450.0 25.0 0.580 0.142 -0.004
450.0 50.0 0.383 0.125 -0.076
450.0 75.0 0.325 0.115 -0.097
450.0 100.0 0.561 0.160 -0.011
475.0 0.0 0.337 0.106 -0.093
475.0 25.0 0.577 0.162 -0.005
475.0 50.0 0.464 0.131 -0.046
475.0 75.0 0.382 0.105 -0.076
475.0 100.0 0.371 0.105 -0.080
500.0 0.0 0.456 0.168 -0.049
500.0 25.0 0.446 0.105 -0.053
500.0 50.0 0.397 0.096 -0.071
500.0 75.0 0.625 0.145 0.012
525.0 0.0 0.295 0.076 -0.108
525.0 25.0 0.275 0.077 -0.115
525.0 50.0 0.339 0.086 -0.092
550.0 0.0 0.370 0.075 -0.081
550.0 25.0 0.248 0.069 -0.126
575.0 25.0 0.165 0.045 -0.156
