mC1:mN1:nSig:nSigErr:Zn
#Tag: SR_SS_jet23_opt
#multitop: 0.000000 +/- 0.000000 (0)
#Higgs: 0.021807 +/- 0.007647 (22)
#ttV: 0.135362 +/- 0.030060 (71)
#VVV: 0.155353 +/- 0.060367 (16)
#charge flip: 0.267485 +/- 0.029086 (274)
#Fakes: 1.541659 +/- 0.617960 (20)
#VVReal: 2.423477 +/- 0.276366 (583)
#Total BG: 4.545143 +/- 0.680959 (986)

150.0 0.0 7.572 1.462 2.172
152.5 22.5 4.663 0.788 1.371
162.5 12.5 5.885 0.894 1.721
175.0 0.0 8.872 1.561 2.499
175.0 25.0 7.972 1.499 2.275
177.5 47.5 5.831 1.406 1.706
187.5 12.5 7.137 0.959 2.059
187.5 37.5 4.916 0.773 1.445
190.0 60.0 1.691 0.469 0.411
200.0 0.0 6.344 1.162 1.847
200.0 25.0 6.395 1.018 1.861
200.0 50.0 5.637 1.302 1.651
202.5 72.5 2.880 0.458 0.817
212.5 12.5 4.385 0.462 1.288
212.5 37.5 5.324 0.551 1.563
212.5 62.5 3.288 0.376 0.949
215.0 85.0 2.025 0.325 0.528
225.0 0.0 4.773 0.568 1.403
225.0 25.0 4.673 0.508 1.374
225.0 50.0 5.080 0.631 1.493
225.0 75.0 2.508 0.363 0.693
227.5 97.5 1.647 0.285 0.395
237.5 12.5 4.519 0.461 1.328
237.5 37.5 4.655 0.472 1.368
237.5 62.5 3.457 0.396 1.002
237.5 87.5 2.185 0.287 0.584
240.0 110.0 1.972 0.968 0.510
250.0 0.0 5.276 0.508 1.549
250.0 25.0 4.351 0.415 1.278
250.0 50.0 4.213 0.482 1.236
250.0 75.0 2.736 0.742 0.769
250.0 100.0 1.939 0.538 0.498
262.5 12.5 4.341 1.004 1.275
262.5 37.5 4.115 0.966 1.206
262.5 62.5 2.539 0.547 0.704
262.5 87.5 2.823 0.613 0.798
275.0 0.0 4.294 0.737 1.261
275.0 25.0 3.850 0.665 1.125
275.0 50.0 3.958 0.720 1.158
275.0 75.0 3.336 0.666 0.964
287.5 12.5 3.583 0.606 1.042
287.5 37.5 3.583 0.966 1.042
287.5 62.5 3.306 0.555 0.954
300.0 0.0 2.849 0.508 0.806
300.0 25.0 3.870 0.573 1.131
300.0 50.0 3.143 0.595 0.902
300.0 75.0 3.710 0.895 1.082
300.0 100.0 2.341 0.448 0.637
312.5 12.5 3.017 0.569 0.861
312.5 37.5 2.679 0.441 0.750
325.0 0.0 2.375 0.616 0.648
325.0 25.0 1.797 0.350 0.449
325.0 50.0 3.306 0.599 0.954
325.0 75.0 2.592 0.464 0.721
325.0 100.0 2.578 0.469 0.717
337.5 12.5 2.979 0.424 0.849
350.0 0.0 2.192 0.557 0.586
350.0 25.0 2.438 0.341 0.670
350.0 50.0 1.831 0.295 0.460
350.0 75.0 1.335 0.258 0.282
350.0 100.0 1.351 0.239 0.288
375.0 0.0 1.790 0.351 0.446
375.0 25.0 1.272 0.229 0.259
375.0 50.0 1.336 0.352 0.283
375.0 75.0 1.741 0.252 0.429
400.0 0.0 0.972 0.202 0.147
400.0 25.0 1.286 0.260 0.265
400.0 50.0 1.837 0.525 0.463
400.0 75.0 1.371 0.283 0.295
400.0 100.0 1.295 0.351 0.268
425.0 0.0 1.153 0.226 0.215
425.0 25.0 0.567 0.156 -0.008
425.0 50.0 1.185 0.270 0.227
425.0 75.0 0.662 0.177 0.029
425.0 100.0 0.739 0.173 0.059
450.0 0.0 1.391 0.235 0.303
450.0 25.0 0.636 0.192 0.019
450.0 50.0 1.040 0.250 0.173
450.0 75.0 0.953 0.184 0.140
450.0 100.0 0.901 0.204 0.121
475.0 0.0 0.779 0.148 0.074
475.0 25.0 0.748 0.172 0.062
475.0 50.0 0.588 0.133 0.001
475.0 75.0 0.910 0.180 0.124
475.0 100.0 0.928 0.173 0.131
500.0 0.0 0.366 0.094 -0.087
500.0 25.0 0.474 0.105 -0.044
500.0 50.0 0.932 0.237 0.133
500.0 75.0 0.726 0.153 0.054
525.0 0.0 0.436 0.091 -0.059
525.0 25.0 0.312 0.078 -0.108
525.0 50.0 0.633 0.108 0.018
550.0 0.0 0.391 0.083 -0.077
550.0 25.0 0.363 0.077 -0.088
575.0 25.0 0.349 0.069 -0.094
#average significance: 1.069
