mC1:mN1:nSig:nSigErr:Zn
#Tag: SR_SS_mumu_2_opt
#Zjets: 0.000000 +/- 0.000000 (0)
#multitop: 0.000000 +/- 0.000000 (0)
#Vgamma: 0.000000 +/- 0.000000 (0)
#Wjets: 0.101438 +/- 0.101438 (1)
#singletop: 0.109258 +/- 0.109258 (1)
#ttV: 0.182785 +/- 0.035061 (83)
#VVV: 0.222749 +/- 0.079396 (20)
#ttbar: 0.263746 +/- 0.263746 (1)
#Higgs: 0.402042 +/- 0.393047 (9)
#VV: 4.088284 +/- 0.347020 (1169)
#Total BG: 5.370303 +/- 0.611744 (1284)

150.0 0.0 4.256 0.911 1.159
152.5 22.5 4.622 0.817 1.262
162.5 12.5 6.491 0.893 1.764
175.0 0.0 5.683 1.422 1.552
175.0 25.0 3.654 0.797 0.985
177.5 47.5 3.108 0.708 0.822
187.5 12.5 5.160 0.861 1.411
187.5 37.5 3.068 0.608 0.810
190.0 60.0 2.533 0.521 0.645
200.0 0.0 3.703 0.701 0.999
200.0 25.0 2.984 0.679 0.784
200.0 50.0 3.717 1.234 1.003
202.5 72.5 1.700 0.468 0.377
212.5 12.5 2.172 0.583 0.531
212.5 37.5 3.012 0.624 0.793
212.5 62.5 2.437 0.551 0.615
215.0 85.0 1.316 0.435 0.249
225.0 0.0 2.789 0.864 0.724
225.0 25.0 2.061 0.547 0.495
225.0 50.0 2.049 0.501 0.491
225.0 75.0 1.673 0.613 0.368
227.5 97.5 1.516 0.540 0.316
237.5 12.5 2.915 0.692 0.763
237.5 37.5 2.629 0.599 0.675
237.5 62.5 2.435 0.570 0.614
237.5 87.5 1.616 0.442 0.349
240.0 110.0 3.329 1.069 0.888
250.0 0.0 3.763 0.956 1.017
250.0 25.0 1.563 0.477 0.332
250.0 50.0 2.965 1.047 0.778
250.0 75.0 1.503 0.494 0.312
250.0 100.0 0.806 0.335 0.073
262.5 12.5 1.291 0.433 0.240
262.5 37.5 2.167 0.663 0.529
262.5 62.5 2.079 0.614 0.501
262.5 87.5 1.269 0.494 0.233
275.0 0.0 1.784 0.458 0.405
275.0 25.0 1.965 0.464 0.464
275.0 50.0 1.836 0.445 0.422
275.0 75.0 0.730 0.278 0.046
287.5 12.5 1.811 0.477 0.414
287.5 37.5 1.359 0.411 0.263
287.5 62.5 2.370 0.463 0.593
300.0 0.0 1.556 0.384 0.329
300.0 25.0 2.408 0.637 0.606
300.0 50.0 1.568 0.347 0.333
300.0 75.0 1.721 0.692 0.384
300.0 100.0 1.621 0.403 0.351
312.5 12.5 1.772 0.477 0.401
312.5 37.5 1.234 0.317 0.221
325.0 0.0 1.153 0.524 0.193
325.0 25.0 1.243 0.551 0.224
325.0 50.0 1.243 0.399 0.224
325.0 75.0 1.241 0.286 0.223
325.0 100.0 1.096 0.352 0.174
337.5 12.5 0.944 0.236 0.121
350.0 0.0 1.064 0.427 0.163
350.0 25.0 0.648 0.180 0.017
350.0 50.0 0.932 0.254 0.117
350.0 75.0 1.130 0.275 0.185
350.0 100.0 0.561 0.152 -0.014
375.0 0.0 0.736 0.228 0.048
375.0 25.0 0.727 0.245 0.045
375.0 50.0 0.650 0.164 0.018
375.0 75.0 0.652 0.168 0.019
400.0 0.0 0.423 0.150 -0.064
400.0 25.0 0.429 0.144 -0.062
400.0 50.0 0.673 0.181 0.026
400.0 75.0 0.814 0.246 0.076
400.0 100.0 0.693 0.293 0.033
425.0 0.0 0.291 0.103 -0.112
425.0 25.0 0.343 0.115 -0.093
425.0 50.0 0.553 0.164 -0.017
425.0 75.0 0.313 0.112 -0.104
425.0 100.0 0.462 0.182 -0.050
450.0 0.0 0.630 0.146 0.011
450.0 25.0 0.278 0.098 -0.117
450.0 50.0 0.323 0.112 -0.100
450.0 75.0 0.218 0.094 -0.138
450.0 100.0 0.237 0.114 -0.131
475.0 0.0 0.150 0.061 -0.164
475.0 25.0 0.362 0.129 -0.086
475.0 50.0 0.218 0.087 -0.139
475.0 75.0 0.333 0.099 -0.097
475.0 100.0 0.322 0.108 -0.101
500.0 0.0 0.210 0.089 -0.141
500.0 25.0 0.313 0.090 -0.104
500.0 50.0 0.212 0.068 -0.141
500.0 75.0 0.285 0.082 -0.114
525.0 0.0 0.209 0.066 -0.142
525.0 25.0 0.201 0.062 -0.145
525.0 50.0 0.257 0.070 -0.124
550.0 0.0 0.172 0.050 -0.156
550.0 25.0 0.117 0.042 -0.176
575.0 25.0 0.045 0.022 -0.203
#average significance: 1.141
