mC1:mN1:nSig:nSigErr:Zn
#Tag: SR_SS_emu_2_opt
#multitop: 0.000000 +/- 0.000000 (0)
#Zjets: 0.004904 +/- 0.004904 (1)
#Higgs: 0.029957 +/- 0.015158 (22)
#Wjets: 0.098589 +/- 0.079504 (3)
#ttbar: 0.263278 +/- 0.263278 (1)
#Vgamma: 0.278273 +/- 0.192486 (4)
#VVV: 0.317466 +/- 0.059145 (48)
#ttV: 0.360354 +/- 0.051096 (132)
#singletop: 0.416387 +/- 0.416387 (1)
#VV: 5.101994 +/- 0.729534 (1468)
#Total BG: 6.871201 +/- 0.908101 (1680)

150.0 0.0 5.392 1.376 1.243
152.5 22.5 5.173 0.990 1.191
162.5 12.5 4.432 0.716 1.011
175.0 0.0 5.069 0.843 1.166
175.0 25.0 5.593 0.919 1.291
177.5 47.5 3.193 0.701 0.697
187.5 12.5 4.652 0.693 1.065
187.5 37.5 4.163 0.692 0.945
190.0 60.0 2.085 0.558 0.399
200.0 0.0 4.625 0.851 1.059
200.0 25.0 4.273 0.771 0.972
200.0 50.0 3.675 0.754 0.822
202.5 72.5 3.230 0.858 0.707
212.5 12.5 3.417 0.695 0.755
212.5 37.5 4.454 1.085 1.017
212.5 62.5 3.180 0.554 0.694
215.0 85.0 2.159 0.459 0.420
225.0 0.0 3.352 0.801 0.738
225.0 25.0 2.768 0.640 0.585
225.0 50.0 4.086 0.736 0.925
225.0 75.0 1.806 0.575 0.322
227.5 97.5 2.592 0.727 0.538
237.5 12.5 3.909 0.718 0.881
237.5 37.5 4.465 0.892 1.019
237.5 62.5 2.762 0.583 0.583
237.5 87.5 2.362 0.551 0.475
240.0 110.0 0.693 0.268 -0.001
250.0 0.0 3.450 0.805 0.764
250.0 25.0 1.935 0.593 0.358
250.0 50.0 2.159 0.617 0.420
250.0 75.0 2.014 0.548 0.380
250.0 100.0 1.551 0.459 0.249
262.5 12.5 4.412 1.656 1.006
262.5 37.5 3.675 0.749 0.821
262.5 62.5 2.082 0.687 0.398
262.5 87.5 2.652 0.636 0.554
275.0 0.0 2.411 0.502 0.489
275.0 25.0 2.270 0.507 0.450
275.0 50.0 2.432 0.551 0.494
275.0 75.0 1.720 0.457 0.297
287.5 12.5 3.410 0.655 0.753
287.5 37.5 3.141 0.671 0.683
287.5 62.5 1.722 0.428 0.298
300.0 0.0 3.099 0.577 0.672
300.0 25.0 2.807 0.533 0.595
300.0 50.0 2.917 0.561 0.624
300.0 75.0 2.274 0.444 0.451
300.0 100.0 2.534 0.711 0.522
312.5 12.5 2.190 0.412 0.428
312.5 37.5 2.493 0.670 0.511
325.0 0.0 1.525 0.344 0.242
325.0 25.0 1.637 0.335 0.274
325.0 50.0 1.630 0.420 0.272
325.0 75.0 1.536 0.376 0.245
325.0 100.0 1.873 0.362 0.340
337.5 12.5 2.434 0.398 0.495
350.0 0.0 1.994 0.450 0.374
350.0 25.0 1.790 0.295 0.317
350.0 50.0 1.721 0.295 0.298
350.0 75.0 1.114 0.258 0.123
350.0 100.0 1.081 0.224 0.114
375.0 0.0 1.702 0.498 0.292
375.0 25.0 1.204 0.232 0.150
375.0 50.0 1.084 0.217 0.115
375.0 75.0 1.277 0.231 0.171
400.0 0.0 1.102 0.245 0.120
400.0 25.0 1.209 0.268 0.151
400.0 50.0 1.924 0.348 0.355
400.0 75.0 0.984 0.266 0.085
400.0 100.0 1.314 0.277 0.181
425.0 0.0 0.874 0.234 0.053
425.0 25.0 0.743 0.208 0.014
425.0 50.0 1.620 0.465 0.269
425.0 75.0 0.590 0.160 -0.032
425.0 100.0 0.548 0.150 -0.045
450.0 0.0 0.596 0.140 -0.030
450.0 25.0 0.463 0.137 -0.071
450.0 50.0 1.037 0.256 0.101
450.0 75.0 1.033 0.253 0.099
450.0 100.0 0.817 0.186 0.036
475.0 0.0 0.581 0.128 -0.035
475.0 25.0 0.462 0.120 -0.071
475.0 50.0 0.525 0.126 -0.052
475.0 75.0 0.765 0.178 0.020
475.0 100.0 0.673 0.133 -0.007
500.0 0.0 0.470 0.123 -0.069
500.0 25.0 0.535 0.110 -0.049
500.0 50.0 0.569 0.114 -0.039
500.0 75.0 0.438 0.116 -0.078
525.0 0.0 0.417 0.097 -0.085
525.0 25.0 0.358 0.083 -0.103
525.0 50.0 0.554 0.101 -0.043
550.0 0.0 0.395 0.079 -0.092
550.0 25.0 0.366 0.084 -0.101
575.0 25.0 0.385 0.073 -0.095
#average significance: 1.007
