mC1:mN1:nSig:nSigErr:Zn
#Tag: SR_SS_ee_2_opt
#Zjets: -0.000035 +/- 0.031764 (2)
#multitop: 0.000000 +/- 0.000000 (0)
#Higgs: 0.014637 +/- 0.006515 (14)
#singletop: 0.135149 +/- 0.135149 (1)
#VVV: 0.195009 +/- 0.049853 (25)
#ttV: 0.212695 +/- 0.041958 (77)
#ttbar: 0.356850 +/- 0.356850 (1)
#Wjets: 0.371052 +/- 0.310979 (2)
#Vgamma: 0.519868 +/- 0.275020 (7)
#VV: 2.522990 +/- 0.315609 (561)
#Total BG: 4.328249 +/- 0.650275 (690)

150.0 0.0 2.544 0.623 0.730
152.5 22.5 2.611 0.689 0.752
162.5 12.5 2.636 0.599 0.761
175.0 0.0 2.186 0.537 0.605
175.0 25.0 1.119 0.377 0.214
177.5 47.5 1.956 0.476 0.523
187.5 12.5 1.166 0.423 0.231
187.5 37.5 1.814 0.439 0.472
190.0 60.0 1.299 0.420 0.282
200.0 0.0 3.020 0.903 0.891
200.0 25.0 3.365 0.808 1.004
200.0 50.0 1.851 0.513 0.485
202.5 72.5 0.992 0.336 0.165
212.5 12.5 2.592 0.674 0.746
212.5 37.5 1.735 0.486 0.444
212.5 62.5 1.256 0.359 0.265
215.0 85.0 0.649 0.231 0.030
225.0 0.0 1.618 0.507 0.401
225.0 25.0 2.214 0.709 0.615
225.0 50.0 1.492 0.464 0.354
225.0 75.0 0.473 0.237 -0.041
227.5 97.5 0.738 0.348 0.065
237.5 12.5 1.827 0.472 0.477
237.5 37.5 1.817 0.506 0.473
237.5 62.5 1.547 0.503 0.374
237.5 87.5 1.012 0.323 0.172
240.0 110.0 0.267 0.154 -0.125
250.0 0.0 0.954 0.363 0.150
250.0 25.0 1.884 0.569 0.497
250.0 50.0 0.634 0.286 0.024
250.0 75.0 1.683 0.646 0.425
250.0 100.0 0.739 0.342 0.065
262.5 12.5 1.169 0.395 0.233
262.5 37.5 2.270 0.713 0.635
262.5 62.5 0.913 0.360 0.134
262.5 87.5 1.674 0.504 0.421
275.0 0.0 1.100 0.357 0.206
275.0 25.0 1.202 0.393 0.245
275.0 50.0 2.100 0.565 0.575
275.0 75.0 0.841 0.283 0.106
287.5 12.5 1.112 0.312 0.211
287.5 37.5 0.941 0.328 0.145
287.5 62.5 1.646 0.787 0.411
300.0 0.0 0.887 0.288 0.124
300.0 25.0 1.012 0.285 0.172
300.0 50.0 1.276 0.463 0.273
300.0 75.0 1.034 0.312 0.181
300.0 100.0 1.192 0.335 0.241
312.5 12.5 1.845 0.478 0.483
312.5 37.5 0.950 0.285 0.148
325.0 0.0 1.071 0.290 0.195
325.0 25.0 0.905 0.274 0.131
325.0 50.0 0.698 0.195 0.049
325.0 75.0 1.017 0.262 0.174
325.0 100.0 1.212 0.293 0.249
337.5 12.5 0.833 0.228 0.103
350.0 0.0 0.682 0.181 0.043
350.0 25.0 0.731 0.188 0.063
350.0 50.0 0.504 0.183 -0.028
350.0 75.0 0.589 0.181 0.006
350.0 100.0 0.639 0.207 0.026
375.0 0.0 0.527 0.189 -0.019
375.0 25.0 0.577 0.148 0.001
375.0 50.0 0.419 0.117 -0.063
375.0 75.0 0.456 0.136 -0.048
400.0 0.0 0.917 0.274 0.135
400.0 25.0 0.809 0.252 0.093
400.0 50.0 1.103 0.524 0.207
400.0 75.0 0.415 0.147 -0.065
400.0 100.0 0.295 0.157 -0.114
425.0 0.0 0.289 0.129 -0.116
425.0 25.0 0.408 0.176 -0.067
425.0 50.0 0.471 0.176 -0.042
425.0 75.0 0.361 0.132 -0.087
425.0 100.0 0.219 0.090 -0.145
450.0 0.0 0.317 0.135 -0.105
450.0 25.0 0.400 0.122 -0.071
450.0 50.0 0.380 0.115 -0.079
450.0 75.0 0.263 0.094 -0.127
450.0 100.0 0.337 0.110 -0.097
475.0 0.0 0.356 0.106 -0.089
475.0 25.0 0.206 0.080 -0.151
475.0 50.0 0.162 0.067 -0.169
475.0 75.0 0.319 0.093 -0.104
475.0 100.0 0.096 0.048 -0.197
500.0 0.0 0.148 0.064 -0.175
500.0 25.0 0.120 0.055 -0.187
500.0 50.0 0.246 0.080 -0.134
500.0 75.0 0.432 0.116 -0.058
525.0 0.0 0.155 0.052 -0.172
525.0 25.0 0.175 0.064 -0.164
525.0 50.0 0.123 0.047 -0.186
550.0 0.0 0.193 0.061 -0.156
550.0 25.0 0.198 0.065 -0.154
575.0 25.0 0.089 0.034 -0.200
#average significance: 0.546
