200 180 0.068
300 280 -0.143
400 380 -0.183
500 480 -0.193
600 580 -0.197
700 680 -0.199
700 650 -0.192
800 780 -0.199
800 750 -0.196
900 880 -0.199
900 850 -0.198
1000 980 -0.200
1000 950 -0.199
200 150 1.423
200 100 2.201
300 250 0.181
300 200 0.372
300 100 0.276
400 350 -0.085
400 300 -0.022
400 200 -0.052
400 100 -0.115
500 450 -0.158
500 400 -0.134
500 300 -0.144
500 200 -0.167
600 550 -0.182
600 500 -0.172
600 400 -0.176
600 300 -0.186
700 600 -0.187
700 500 -0.189
700 400 -0.193
800 700 -0.193
800 600 -0.194
900 800 -0.196
900 700 -0.197
900 600 -0.198
1000 900 -0.198
1000 800 -0.198
1000 700 -0.199
