200 180 0.983
300 280 0.063
400 380 -0.129
500 480 -0.181
600 580 -0.199
700 680 -0.206
700 650 -0.166
800 780 -0.209
800 750 -0.189
900 880 -0.210
900 850 -0.200
1000 980 -0.211
1000 950 -0.206
200 150 5.987
200 100 8.585
300 250 1.641
300 200 2.570
300 100 3.741
400 350 0.404
400 300 0.775
400 200 1.269
400 100 1.094
500 450 0.021
500 400 0.170
500 300 0.391
500 200 0.324
600 550 -0.111
600 500 -0.044
600 400 0.055
600 300 0.022
700 600 -0.134
700 500 -0.089
700 400 -0.103
800 700 -0.174
800 600 -0.150
900 800 -0.192
900 700 -0.180
900 600 -0.184
1000 900 -0.201
1000 800 -0.194
1000 700 -0.197
