200 180 -0.159
300 280 -0.192
400 380 -0.198
500 480 -0.199
600 580 -0.200
700 680 -0.200
700 650 -0.195
800 780 -0.200
800 750 -0.198
900 880 -0.200
900 850 -0.199
1000 980 -0.200
1000 950 -0.199
200 150 0.858
200 100 1.268
300 250 0.038
300 200 0.129
300 100 0.018
400 350 -0.129
400 300 -0.099
400 200 -0.134
400 100 -0.175
500 450 -0.174
500 400 -0.163
500 300 -0.175
500 200 -0.190
600 550 -0.189
600 500 -0.184
600 400 -0.189
600 300 -0.196
700 600 -0.193
700 500 -0.195
700 400 -0.198
800 700 -0.197
800 600 -0.198
900 800 -0.198
900 700 -0.199
900 600 -0.200
1000 900 -0.199
1000 800 -0.199
1000 700 -0.200
