200 180 -0.053
300 280 -0.168
400 380 -0.190
500 480 -0.196
600 580 -0.198
700 680 -0.198
700 650 -0.196
800 780 -0.199
800 750 -0.198
900 880 -0.199
900 850 -0.198
1000 980 -0.199
1000 950 -0.199
200 150 0.478
200 100 0.917
300 250 -0.050
300 200 0.045
300 100 0.052
400 350 -0.155
400 300 -0.125
400 200 -0.122
400 100 -0.139
500 450 -0.183
500 400 -0.172
500 300 -0.170
500 200 -0.176
600 550 -0.192
600 500 -0.187
600 400 -0.187
600 300 -0.189
700 600 -0.194
700 500 -0.194
700 400 -0.195
800 700 -0.196
800 600 -0.196
900 800 -0.198
900 700 -0.198
900 600 -0.198
1000 900 -0.198
1000 800 -0.198
1000 700 -0.198
