200 180 1.124
300 280 0.088
400 380 -0.133
500 480 -0.193
600 580 -0.214
700 680 -0.222
700 650 -0.225
800 780 -0.225
800 750 -0.227
900 880 -0.227
900 850 -0.228
1000 980 -0.228
1000 950 -0.228
200 150 0.650
200 100 0.029
300 250 -0.031
300 200 -0.176
300 100 -0.199
400 350 -0.170
400 300 -0.213
400 200 -0.220
400 100 -0.229
500 450 -0.207
500 400 -0.223
500 300 -0.226
500 200 -0.229
600 550 -0.220
600 500 -0.226
600 400 -0.228
600 300 -0.229
700 600 -0.228
700 500 -0.228
700 400 -0.229
800 700 -0.228
800 600 -0.229
900 800 -0.229
900 700 -0.229
900 600 -0.229
1000 900 -0.229
1000 800 -0.229
1000 700 -0.229
