200 180 0.259
300 280 -0.100
400 380 -0.170
500 480 -0.189
600 580 -0.195
700 680 -0.198
700 650 -0.192
800 780 -0.199
800 750 -0.196
900 880 -0.199
900 850 -0.198
1000 980 -0.200
1000 950 -0.199
200 150 1.352
200 100 1.679
300 250 0.162
300 200 0.233
300 100 0.290
400 350 -0.091
400 300 -0.066
400 200 -0.048
400 100 -0.114
500 450 -0.160
500 400 -0.151
500 300 -0.143
500 200 -0.167
600 550 -0.183
600 500 -0.179
600 400 -0.175
600 300 -0.186
700 600 -0.190
700 500 -0.189
700 400 -0.194
800 700 -0.195
800 600 -0.194
900 800 -0.197
900 700 -0.197
900 600 -0.198
1000 900 -0.199
1000 800 -0.198
1000 700 -0.199
