200 180 -0.192
300 280 -0.199
400 380 -0.200
500 480 -0.200
600 580 -0.200
700 680 -0.200
700 650 -0.199
800 780 -0.200
800 750 -0.200
900 880 -0.200
900 850 -0.200
1000 980 -0.200
1000 950 -0.200
200 150 0.127
200 100 0.223
300 250 -0.130
300 200 -0.112
300 100 -0.012
400 350 -0.180
400 300 -0.174
400 200 -0.143
400 100 -0.094
500 450 -0.193
500 400 -0.191
500 300 -0.179
500 200 -0.160
600 550 -0.197
600 500 -0.196
600 400 -0.191
600 300 -0.183
700 600 -0.198
700 500 -0.196
700 400 -0.192
800 700 -0.199
800 600 -0.198
900 800 -0.200
900 700 -0.199
900 600 -0.198
1000 900 -0.200
1000 800 -0.200
1000 700 -0.199
