200 180 -0.158
300 280 -0.191
400 380 -0.198
500 480 -0.199
600 580 -0.200
700 680 -0.200
700 650 -0.198
800 780 -0.200
800 750 -0.199
900 880 -0.200
900 850 -0.200
1000 980 -0.200
1000 950 -0.200
200 150 0.321
200 100 0.317
300 250 -0.087
300 200 -0.092
300 100 -0.065
400 350 -0.167
400 300 -0.168
400 200 -0.159
400 100 -0.107
500 450 -0.188
500 400 -0.188
500 300 -0.185
500 200 -0.165
600 550 -0.195
600 500 -0.195
600 400 -0.194
600 300 -0.185
700 600 -0.198
700 500 -0.197
700 400 -0.193
800 700 -0.199
800 600 -0.199
900 800 -0.200
900 700 -0.200
900 600 -0.199
1000 900 -0.200
1000 800 -0.200
1000 700 -0.199
