200 180 -0.199
300 280 -0.199
400 380 -0.199
500 480 -0.199
600 580 -0.199
700 680 -0.199
700 650 -0.198
800 780 -0.199
800 750 -0.199
900 880 -0.199
900 850 -0.199
1000 980 -0.199
1000 950 -0.199
200 150 -0.076
200 100 -0.041
300 250 -0.173
300 200 -0.167
300 100 -0.186
400 350 -0.191
400 300 -0.189
400 200 -0.195
400 100 -0.195
500 450 -0.196
500 400 -0.196
500 300 -0.198
500 200 -0.197
600 550 -0.198
600 500 -0.198
600 400 -0.198
600 300 -0.198
700 600 -0.198
700 500 -0.199
700 400 -0.199
800 700 -0.199
800 600 -0.199
900 800 -0.199
900 700 -0.199
900 600 -0.199
1000 900 -0.199
1000 800 -0.199
1000 700 -0.199
