200 180 -0.220
300 280 -0.220
400 380 -0.220
500 480 -0.220
600 580 -0.220
700 680 -0.220
700 650 -0.218
800 780 -0.220
800 750 -0.219
900 880 -0.220
900 850 -0.220
1000 980 -0.220
1000 950 -0.220
200 150 0.249
200 100 1.524
300 250 -0.118
300 200 0.182
300 100 -0.006
400 350 -0.190
400 300 -0.096
400 200 -0.155
400 100 -0.151
500 450 -0.209
500 400 -0.175
500 300 -0.196
500 200 -0.194
600 550 -0.216
600 500 -0.201
600 400 -0.210
600 300 -0.209
700 600 -0.211
700 500 -0.216
700 400 -0.215
800 700 -0.216
800 600 -0.218
900 800 -0.218
900 700 -0.219
900 600 -0.219
1000 900 -0.219
1000 800 -0.220
1000 700 -0.220
