200 180 -0.189
300 280 -0.224
400 380 -0.231
500 480 -0.233
600 580 -0.233
700 680 -0.233
700 650 -0.226
800 780 -0.233
800 750 -0.230
900 880 -0.234
900 850 -0.232
1000 980 -0.234
1000 950 -0.232
200 150 1.292
200 100 0.860
300 250 0.127
300 200 0.008
300 100 0.289
400 350 -0.124
400 300 -0.160
400 200 -0.070
400 100 -0.110
500 450 -0.193
500 400 -0.207
500 300 -0.172
500 200 -0.186
600 550 -0.216
600 500 -0.222
600 400 -0.207
600 300 -0.213
700 600 -0.228
700 500 -0.222
700 400 -0.224
800 700 -0.231
800 600 -0.228
900 800 -0.232
900 700 -0.230
900 600 -0.231
1000 900 -0.233
1000 800 -0.232
1000 700 -0.232
