200 180 0.566
300 280 -0.034
400 380 -0.155
500 480 -0.187
600 580 -0.198
700 680 -0.202
700 650 -0.202
800 780 -0.204
800 750 -0.204
900 880 -0.205
900 850 -0.205
1000 980 -0.206
1000 950 -0.206
200 150 0.671
200 100 -0.083
300 250 -0.011
300 200 -0.181
300 100 -0.190
400 350 -0.148
400 300 -0.199
400 200 -0.201
400 100 -0.200
500 450 -0.185
500 400 -0.203
500 300 -0.204
500 200 -0.204
600 550 -0.197
600 500 -0.205
600 400 -0.205
600 300 -0.205
700 600 -0.206
700 500 -0.206
700 400 -0.206
800 700 -0.206
800 600 -0.206
900 800 -0.206
900 700 -0.206
900 600 -0.206
1000 900 -0.206
1000 800 -0.206
1000 700 -0.206
