200 180 -0.233
300 280 -0.301
400 380 -0.315
500 480 -0.318
600 580 -0.319
700 680 -0.320
700 650 -0.314
800 780 -0.320
800 750 -0.317
900 880 -0.320
900 850 -0.319
1000 980 -0.320
1000 950 -0.319
200 150 0.784
200 100 0.281
300 250 -0.058
300 200 -0.189
300 100 0.055
400 350 -0.240
400 300 -0.280
400 200 -0.203
400 100 -0.069
500 450 -0.291
500 400 -0.306
500 300 -0.276
500 200 -0.222
600 550 -0.308
600 500 -0.314
600 400 -0.301
600 300 -0.278
700 600 -0.317
700 500 -0.311
700 400 -0.301
800 700 -0.319
800 600 -0.316
900 800 -0.319
900 700 -0.318
900 600 -0.315
1000 900 -0.320
1000 800 -0.319
1000 700 -0.317
