200 180 0.121
300 280 -0.131
400 380 -0.179
500 480 -0.192
600 580 -0.196
700 680 -0.198
700 650 -0.198
800 780 -0.199
800 750 -0.199
900 880 -0.199
900 850 -0.199
1000 980 -0.200
1000 950 -0.199
200 150 0.189
200 100 -0.030
300 250 -0.116
300 200 -0.165
300 100 -0.161
400 350 -0.175
400 300 -0.189
400 200 -0.188
400 100 -0.198
500 450 -0.191
500 400 -0.196
500 300 -0.195
500 200 -0.199
600 550 -0.196
600 500 -0.198
600 400 -0.198
600 300 -0.199
700 600 -0.199
700 500 -0.199
700 400 -0.200
800 700 -0.199
800 600 -0.199
900 800 -0.200
900 700 -0.200
900 600 -0.200
1000 900 -0.200
1000 800 -0.200
1000 700 -0.200
