200 180 0.230
300 280 -0.157
400 380 -0.234
500 480 -0.254
600 580 -0.261
700 680 -0.264
700 650 -0.254
800 780 -0.265
800 750 -0.260
900 880 -0.266
900 850 -0.263
1000 980 -0.266
1000 950 -0.265
200 150 1.939
200 100 4.992
300 250 0.291
300 200 1.251
300 100 1.494
400 350 -0.094
400 300 0.247
400 200 0.340
400 100 0.306
500 450 -0.203
500 400 -0.071
500 300 -0.029
500 200 -0.038
600 550 -0.239
600 500 -0.181
600 400 -0.163
600 300 -0.168
700 600 -0.227
700 500 -0.219
700 400 -0.221
800 700 -0.247
800 600 -0.243
900 800 -0.256
900 700 -0.254
900 600 -0.255
1000 900 -0.261
1000 800 -0.260
1000 700 -0.260
