200 180 1.138
300 280 0.019
400 380 -0.242
500 480 -0.314
600 580 -0.340
700 680 -0.350
700 650 -0.328
800 780 -0.354
800 750 -0.343
900 880 -0.356
900 850 -0.350
1000 980 -0.357
1000 950 -0.354
200 150 3.699
200 100 6.325
300 250 0.847
300 200 1.776
300 100 2.518
400 350 0.048
400 300 0.423
400 200 0.741
400 100 0.695
500 450 -0.203
500 400 -0.049
500 300 0.099
500 200 0.086
600 550 -0.291
600 500 -0.221
600 400 -0.153
600 300 -0.161
700 600 -0.294
700 500 -0.264
700 400 -0.266
800 700 -0.327
800 600 -0.311
900 800 -0.342
900 700 -0.333
900 600 -0.335
1000 900 -0.350
1000 800 -0.345
1000 700 -0.345
