200 180 -0.187
300 280 -0.201
400 380 -0.204
500 480 -0.205
600 580 -0.205
700 680 -0.205
700 650 -0.202
800 780 -0.205
800 750 -0.203
900 880 -0.205
900 850 -0.204
1000 980 -0.205
1000 950 -0.205
200 150 0.577
200 100 0.248
300 250 -0.032
300 200 -0.111
300 100 -0.104
400 350 -0.154
400 300 -0.177
400 200 -0.175
400 100 -0.153
500 450 -0.186
500 400 -0.195
500 300 -0.194
500 200 -0.185
600 550 -0.197
600 500 -0.201
600 400 -0.200
600 300 -0.197
700 600 -0.203
700 500 -0.203
700 400 -0.201
800 700 -0.204
800 600 -0.204
900 800 -0.205
900 700 -0.205
900 600 -0.204
1000 900 -0.205
1000 800 -0.205
1000 700 -0.205
