200 180 -0.102
300 280 -0.179
400 380 -0.194
500 480 -0.197
600 580 -0.199
700 680 -0.199
700 650 -0.196
800 780 -0.199
800 750 -0.198
900 880 -0.200
900 850 -0.199
1000 980 -0.200
1000 950 -0.199
200 150 0.563
200 100 0.968
300 250 -0.031
300 200 0.057
300 100 -0.038
400 350 -0.150
400 300 -0.122
400 200 -0.151
400 100 -0.150
500 450 -0.181
500 400 -0.171
500 300 -0.181
500 200 -0.181
600 550 -0.192
600 500 -0.187
600 400 -0.192
600 300 -0.192
700 600 -0.194
700 500 -0.196
700 400 -0.196
800 700 -0.197
800 600 -0.198
900 800 -0.198
900 700 -0.199
900 600 -0.199
1000 900 -0.199
1000 800 -0.199
1000 700 -0.199
