200 180 0.761
300 280 -0.127
400 380 -0.333
500 480 -0.390
600 580 -0.411
700 680 -0.419
700 650 -0.419
800 780 -0.422
800 750 -0.422
900 880 -0.424
900 850 -0.424
1000 980 -0.425
1000 950 -0.425
200 150 0.807
200 100 -0.006
300 250 -0.115
300 200 -0.334
300 100 -0.297
400 350 -0.329
400 300 -0.398
400 200 -0.386
400 100 -0.426
500 450 -0.390
500 400 -0.415
500 300 -0.411
500 200 -0.426
600 550 -0.410
600 500 -0.421
600 400 -0.419
600 300 -0.426
700 600 -0.424
700 500 -0.423
700 400 -0.426
800 700 -0.425
800 600 -0.424
900 800 -0.425
900 700 -0.425
900 600 -0.426
1000 900 -0.425
1000 800 -0.425
1000 700 -0.426
