200 180 0.036
300 280 -0.150
400 380 -0.185
500 480 -0.195
600 580 -0.198
700 680 -0.199
700 650 -0.199
800 780 -0.200
800 750 -0.200
900 880 -0.200
900 850 -0.200
1000 980 -0.200
1000 950 -0.200
200 150 0.022
200 100 -0.092
300 250 -0.153
300 200 -0.178
300 100 -0.184
400 350 -0.186
400 300 -0.194
400 200 -0.195
400 100 -0.198
500 450 -0.195
500 400 -0.198
500 300 -0.198
500 200 -0.199
600 550 -0.198
600 500 -0.199
600 400 -0.199
600 300 -0.200
700 600 -0.200
700 500 -0.200
700 400 -0.200
800 700 -0.200
800 600 -0.200
900 800 -0.200
900 700 -0.200
900 600 -0.200
1000 900 -0.200
1000 800 -0.200
1000 700 -0.200
