200 180 0.486
300 280 -0.079
400 380 -0.193
500 480 -0.223
600 580 -0.234
700 680 -0.238
700 650 -0.240
800 780 -0.240
800 750 -0.241
900 880 -0.241
900 850 -0.241
1000 980 -0.241
1000 950 -0.242
200 150 0.080
200 100 0.045
300 250 -0.173
300 200 -0.182
300 100 -0.203
400 350 -0.221
400 300 -0.224
400 200 -0.230
400 100 -0.226
500 450 -0.234
500 400 -0.235
500 300 -0.237
500 200 -0.236
600 550 -0.239
600 500 -0.239
600 400 -0.240
600 300 -0.239
700 600 -0.240
700 500 -0.241
700 400 -0.241
800 700 -0.241
800 600 -0.241
900 800 -0.241
900 700 -0.242
900 600 -0.241
1000 900 -0.242
1000 800 -0.242
1000 700 -0.242
