200 180 -0.097
300 280 -0.197
400 380 -0.216
500 480 -0.221
600 580 -0.223
700 680 -0.223
700 650 -0.215
800 780 -0.224
800 750 -0.219
900 880 -0.224
900 850 -0.222
1000 980 -0.224
1000 950 -0.223
200 150 1.550
200 100 2.492
300 250 0.201
300 200 0.445
300 100 1.146
400 350 -0.095
400 300 -0.013
400 200 0.229
400 100 0.350
500 450 -0.176
500 400 -0.146
500 300 -0.050
500 200 0.003
600 550 -0.204
600 500 -0.190
600 400 -0.149
600 300 -0.127
700 600 -0.208
700 500 -0.190
700 400 -0.179
800 700 -0.216
800 600 -0.207
900 800 -0.220
900 700 -0.215
900 600 -0.212
1000 900 -0.222
1000 800 -0.219
1000 700 -0.218
