200 180 -0.139
300 280 -0.193
400 380 -0.203
500 480 -0.206
600 580 -0.207
700 680 -0.207
700 650 -0.199
800 780 -0.208
800 750 -0.203
900 880 -0.208
900 850 -0.205
1000 980 -0.208
1000 950 -0.206
200 150 1.530
200 100 5.945
300 250 0.204
300 200 1.568
300 100 0.945
400 350 -0.083
400 300 0.388
400 200 0.166
400 100 -0.082
500 450 -0.162
500 400 0.017
500 300 -0.065
500 200 -0.159
600 550 -0.188
600 500 -0.110
600 400 -0.146
600 300 -0.187
700 600 -0.162
700 500 -0.180
700 400 -0.198
800 700 -0.186
800 600 -0.194
900 800 -0.196
900 700 -0.200
900 600 -0.205
1000 900 -0.202
1000 800 -0.204
1000 700 -0.206
