200 180 -0.266
300 280 -0.266
400 380 -0.266
500 480 -0.266
600 580 -0.266
700 680 -0.266
700 650 -0.262
800 780 -0.266
800 750 -0.264
900 880 -0.266
900 850 -0.265
1000 980 -0.266
1000 950 -0.265
200 150 0.480
200 100 9.841
300 250 -0.098
300 200 3.123
300 100 7.107
400 350 -0.216
400 300 1.004
400 200 2.883
400 100 2.860
500 450 -0.248
500 400 0.242
500 300 1.146
500 200 1.158
600 550 -0.258
600 500 -0.039
600 400 0.395
600 300 0.395
700 600 -0.160
700 500 0.047
700 400 0.052
800 700 -0.214
800 600 -0.106
900 800 -0.238
900 700 -0.182
900 600 -0.183
1000 900 -0.251
1000 800 -0.220
1000 700 -0.220
