200 180 -0.199
300 280 -0.199
400 380 -0.199
500 480 -0.199
600 580 -0.199
700 680 -0.199
700 650 -0.198
800 780 -0.199
800 750 -0.198
900 880 -0.199
900 850 -0.199
1000 980 -0.199
1000 950 -0.199
200 150 0.055
200 100 0.026
300 250 -0.145
300 200 -0.153
300 100 -0.182
400 350 -0.183
400 300 -0.185
400 200 -0.194
400 100 -0.196
500 450 -0.193
500 400 -0.194
500 300 -0.197
500 200 -0.198
600 550 -0.197
600 500 -0.197
600 400 -0.198
600 300 -0.199
700 600 -0.198
700 500 -0.199
700 400 -0.199
800 700 -0.199
800 600 -0.199
900 800 -0.199
900 700 -0.199
900 600 -0.199
1000 900 -0.199
1000 800 -0.199
1000 700 -0.199
