200 180 -0.233
300 280 -0.233
400 380 -0.233
500 480 -0.233
600 580 -0.233
700 680 -0.233
700 650 -0.227
800 780 -0.233
800 750 -0.230
900 880 -0.233
900 850 -0.232
1000 980 -0.233
1000 950 -0.232
200 150 1.095
200 100 2.181
300 250 0.076
300 200 0.354
300 100 0.612
400 350 -0.140
400 300 -0.049
400 200 0.038
400 100 0.043
500 450 -0.199
500 400 -0.165
500 300 -0.130
500 200 -0.126
600 550 -0.219
600 500 -0.204
600 400 -0.189
600 300 -0.188
700 600 -0.220
700 500 -0.213
700 400 -0.212
800 700 -0.227
800 600 -0.223
900 800 -0.230
900 700 -0.228
900 600 -0.228
1000 900 -0.232
1000 800 -0.231
1000 700 -0.230
