200 180 -0.190
300 280 -0.200
400 380 -0.202
500 480 -0.203
600 580 -0.203
700 680 -0.203
700 650 -0.195
800 780 -0.203
800 750 -0.199
900 880 -0.203
900 850 -0.201
1000 980 -0.203
1000 950 -0.202
200 150 1.313
200 100 3.379
300 250 0.150
300 200 0.712
300 100 0.290
400 350 -0.096
400 300 0.088
400 200 -0.050
400 100 -0.123
500 450 -0.164
500 400 -0.095
500 300 -0.145
500 200 -0.172
600 550 -0.186
600 500 -0.156
600 400 -0.178
600 300 -0.190
700 600 -0.181
700 500 -0.192
700 400 -0.197
800 700 -0.192
800 600 -0.197
900 800 -0.197
900 700 -0.200
900 600 -0.201
1000 900 -0.200
1000 800 -0.201
1000 700 -0.202
