200 180 -0.156
300 280 -0.190
400 380 -0.197
500 480 -0.198
600 580 -0.199
700 680 -0.199
700 650 -0.194
800 780 -0.199
800 750 -0.197
900 880 -0.199
900 850 -0.198
1000 980 -0.199
1000 950 -0.199
200 150 0.951
200 100 3.068
300 250 0.062
300 200 0.619
300 100 0.608
400 350 -0.121
400 300 0.059
400 200 0.057
400 100 -0.002
500 450 -0.171
500 400 -0.104
500 300 -0.102
500 200 -0.123
600 550 -0.187
600 500 -0.158
600 400 -0.158
600 300 -0.167
700 600 -0.180
700 500 -0.180
700 400 -0.184
800 700 -0.190
800 600 -0.190
900 800 -0.194
900 700 -0.194
900 600 -0.196
1000 900 -0.197
1000 800 -0.197
1000 700 -0.197
