200 180 -0.155
300 280 -0.191
400 380 -0.198
500 480 -0.200
600 580 -0.200
700 680 -0.201
700 650 -0.196
800 780 -0.201
800 750 -0.198
900 880 -0.201
900 850 -0.199
1000 980 -0.201
1000 950 -0.200
200 150 0.905
200 100 3.416
300 250 0.049
300 200 0.724
300 100 0.678
400 350 -0.126
400 300 0.093
400 200 0.079
400 100 -0.020
500 450 -0.173
500 400 -0.092
500 300 -0.095
500 200 -0.131
600 550 -0.189
600 500 -0.154
600 400 -0.155
600 300 -0.171
700 600 -0.179
700 500 -0.180
700 400 -0.187
800 700 -0.190
800 600 -0.190
900 800 -0.195
900 700 -0.195
900 600 -0.197
1000 900 -0.198
1000 800 -0.198
1000 700 -0.199
