200 180 0.278
300 280 -0.145
400 380 -0.229
500 480 -0.252
600 580 -0.260
700 680 -0.263
700 650 -0.263
800 780 -0.264
800 750 -0.264
900 880 -0.265
900 850 -0.265
1000 980 -0.265
1000 950 -0.265
200 150 0.201
200 100 0.516
300 250 -0.163
300 200 -0.095
300 100 -0.265
400 350 -0.235
400 300 -0.214
400 200 -0.265
400 100 -0.246
500 450 -0.254
500 400 -0.246
500 300 -0.265
500 200 -0.258
600 550 -0.261
600 500 -0.257
600 400 -0.265
600 300 -0.262
700 600 -0.262
700 500 -0.265
700 400 -0.264
800 700 -0.263
800 600 -0.265
900 800 -0.264
900 700 -0.265
900 600 -0.265
1000 900 -0.265
1000 800 -0.265
1000 700 -0.265
