200 180 -0.020
300 280 -0.462
400 380 -0.561
500 480 -0.588
600 580 -0.598
700 680 -0.602
700 650 -0.605
800 780 -0.603
800 750 -0.605
900 880 -0.604
900 850 -0.605
1000 980 -0.604
1000 950 -0.605
200 150 -0.605
200 100 -0.044
300 250 -0.605
300 200 -0.474
300 100 -0.605
400 350 -0.605
400 300 -0.564
400 200 -0.605
400 100 -0.605
500 450 -0.605
500 400 -0.590
500 300 -0.605
500 200 -0.605
600 550 -0.605
600 500 -0.598
600 400 -0.605
600 300 -0.605
700 600 -0.602
700 500 -0.605
700 400 -0.605
800 700 -0.603
800 600 -0.605
900 800 -0.604
900 700 -0.605
900 600 -0.605
1000 900 -0.604
1000 800 -0.605
1000 700 -0.605
