200 180 -0.303
300 280 -0.303
400 380 -0.303
500 480 -0.303
600 580 -0.303
700 680 -0.303
700 650 -0.297
800 780 -0.303
800 750 -0.300
900 880 -0.303
900 850 -0.301
1000 980 -0.303
1000 950 -0.302
200 150 0.905
200 100 11.037
300 250 -0.016
300 200 3.650
300 100 6.577
400 350 -0.215
400 300 1.240
400 200 2.639
400 100 2.471
500 450 -0.271
500 400 0.332
500 300 1.024
500 200 0.960
600 550 -0.289
600 500 -0.015
600 400 0.322
600 300 0.284
700 600 -0.167
700 500 -0.006
700 400 -0.020
800 700 -0.236
800 600 -0.151
900 800 -0.267
900 700 -0.222
900 600 -0.229
1000 900 -0.284
1000 800 -0.259
1000 700 -0.262
