200 180 -0.164
300 280 -0.193
400 380 -0.198
500 480 -0.199
600 580 -0.200
700 680 -0.200
700 650 -0.199
800 780 -0.200
800 750 -0.200
900 880 -0.200
900 850 -0.200
1000 980 -0.200
1000 950 -0.200
200 150 0.047
200 100 3.559
300 250 -0.148
300 200 0.768
300 100 2.274
400 350 -0.185
400 300 0.109
400 200 0.661
400 100 0.675
500 450 -0.195
500 400 -0.086
500 300 0.138
500 200 0.150
600 550 -0.198
600 500 -0.151
600 400 -0.053
600 300 -0.049
700 600 -0.177
700 500 -0.133
700 400 -0.130
800 700 -0.189
800 600 -0.167
900 800 -0.194
900 700 -0.183
900 600 -0.182
1000 900 -0.197
1000 800 -0.191
1000 700 -0.190
