200 180 -1.044
300 280 -1.044
400 380 -1.044
500 480 -1.044
600 580 -1.044
700 680 -1.044
700 650 -1.038
800 780 -1.044
800 750 -1.041
900 880 -1.044
900 850 -1.042
1000 980 -1.044
1000 950 -1.043
200 150 -0.211
200 100 0.815
300 250 -0.804
300 200 -0.409
300 100 2.477
400 350 -0.966
400 300 -0.807
400 200 0.694
400 100 1.434
500 450 -1.015
500 400 -0.950
500 300 -0.129
500 200 0.332
600 550 -1.031
600 500 -1.002
600 400 -0.556
600 300 -0.276
700 600 -1.024
700 500 -0.792
700 400 -0.619
800 700 -1.034
800 600 -0.909
900 800 -1.039
900 700 -0.971
900 600 -0.916
1000 900 -1.041
1000 800 -1.003
1000 700 -0.972
