200 180 -0.186
300 280 -0.204
400 380 -0.207
500 480 -0.208
600 580 -0.208
700 680 -0.209
700 650 -0.205
800 780 -0.209
800 750 -0.207
900 880 -0.209
900 850 -0.208
1000 980 -0.209
1000 950 -0.208
200 150 0.669
200 100 1.411
300 250 -0.013
300 200 0.160
300 100 0.149
400 350 -0.150
400 300 -0.095
400 200 -0.099
400 100 -0.178
500 450 -0.187
500 400 -0.167
500 300 -0.167
500 200 -0.197
600 550 -0.200
600 500 -0.191
600 400 -0.191
600 300 -0.204
700 600 -0.200
700 500 -0.201
700 400 -0.206
800 700 -0.205
800 600 -0.205
900 800 -0.207
900 700 -0.207
900 600 -0.208
1000 900 -0.208
1000 800 -0.208
1000 700 -0.208
