200 180 -0.284
300 280 -0.284
400 380 -0.284
500 480 -0.284
600 580 -0.284
700 680 -0.284
700 650 -0.282
800 780 -0.284
800 750 -0.283
900 880 -0.284
900 850 -0.284
1000 980 -0.284
1000 950 -0.284
200 150 0.195
200 100 0.603
300 250 -0.179
300 200 -0.088
300 100 1.997
400 350 -0.253
400 300 -0.224
400 200 0.533
400 100 0.626
500 450 -0.273
500 400 -0.262
500 300 0.042
500 200 0.089
600 550 -0.279
600 500 -0.275
600 400 -0.141
600 300 -0.122
700 600 -0.280
700 500 -0.219
700 400 -0.208
800 700 -0.282
800 600 -0.251
900 800 -0.283
900 700 -0.267
900 600 -0.265
1000 900 -0.284
1000 800 -0.275
1000 700 -0.274
