200 180 -0.119
300 280 -0.188
400 380 -0.201
500 480 -0.204
600 580 -0.205
700 680 -0.206
700 650 -0.205
800 780 -0.206
800 750 -0.206
900 880 -0.206
900 850 -0.206
1000 980 -0.206
1000 950 -0.206
200 150 -0.080
200 100 -0.090
300 250 -0.180
300 200 -0.182
300 100 -0.206
400 350 -0.198
400 300 -0.199
400 200 -0.206
400 100 -0.206
500 450 -0.203
500 400 -0.203
500 300 -0.206
500 200 -0.206
600 550 -0.205
600 500 -0.205
600 400 -0.206
600 300 -0.206
700 600 -0.205
700 500 -0.206
700 400 -0.206
800 700 -0.206
800 600 -0.206
900 800 -0.206
900 700 -0.206
900 600 -0.206
1000 900 -0.206
1000 800 -0.206
1000 700 -0.206
