200 180 -0.193
300 280 -0.198
400 380 -0.199
500 480 -0.199
600 580 -0.199
700 680 -0.199
700 650 -0.196
800 780 -0.199
800 750 -0.197
900 880 -0.199
900 850 -0.198
1000 980 -0.199
1000 950 -0.199
200 150 0.535
200 100 0.454
300 250 -0.037
300 200 -0.061
300 100 -0.100
400 350 -0.151
400 300 -0.157
400 200 -0.169
400 100 -0.179
500 450 -0.181
500 400 -0.184
500 300 -0.188
500 200 -0.191
600 550 -0.192
600 500 -0.192
600 400 -0.194
600 300 -0.196
700 600 -0.196
700 500 -0.197
700 400 -0.198
800 700 -0.198
800 600 -0.198
900 800 -0.198
900 700 -0.198
900 600 -0.199
1000 900 -0.199
1000 800 -0.199
1000 700 -0.199
