200 180 -0.161
300 280 -0.193
400 380 -0.199
500 480 -0.200
600 580 -0.201
700 680 -0.201
700 650 -0.191
800 780 -0.201
800 750 -0.196
900 880 -0.201
900 850 -0.199
1000 980 -0.201
1000 950 -0.200
200 150 1.823
200 100 7.326
300 250 0.286
300 200 2.073
300 100 1.054
400 350 -0.053
400 300 0.581
400 200 0.207
400 100 0.185
500 450 -0.147
500 400 0.097
500 300 -0.045
500 200 -0.051
600 550 -0.178
600 500 -0.071
600 400 -0.134
600 300 -0.137
700 600 -0.141
700 500 -0.171
700 400 -0.172
800 700 -0.172
800 600 -0.186
900 800 -0.186
900 700 -0.193
900 600 -0.194
1000 900 -0.193
1000 800 -0.197
1000 700 -0.197
