200 180 -0.444
300 280 -0.444
400 380 -0.444
500 480 -0.444
600 580 -0.444
700 680 -0.444
700 650 -0.443
800 780 -0.444
800 750 -0.443
900 880 -0.444
900 850 -0.444
1000 980 -0.444
1000 950 -0.444
200 150 -0.230
200 100 -0.089
300 250 -0.397
300 200 -0.367
300 100 0.512
400 350 -0.430
400 300 -0.421
400 200 -0.114
400 100 0.079
500 450 -0.439
500 400 -0.435
500 300 -0.315
500 200 -0.230
600 550 -0.442
600 500 -0.440
600 400 -0.388
600 300 -0.350
700 600 -0.442
700 500 -0.418
700 400 -0.400
800 700 -0.443
800 600 -0.431
900 800 -0.443
900 700 -0.437
900 600 -0.433
1000 900 -0.444
1000 800 -0.440
1000 700 -0.438
