200 180 0.077
300 280 -0.340
400 380 -0.428
500 480 -0.452
600 580 -0.460
700 680 -0.464
700 650 -0.465
800 780 -0.465
800 750 -0.466
900 880 -0.466
900 850 -0.466
1000 980 -0.466
1000 950 -0.466
200 150 -0.266
200 100 -0.466
300 250 -0.423
300 200 -0.466
300 100 -0.357
400 350 -0.453
400 300 -0.466
400 200 -0.433
400 100 -0.410
500 450 -0.462
500 400 -0.466
500 300 -0.454
500 200 -0.445
600 550 -0.464
600 500 -0.466
600 400 -0.461
600 300 -0.457
700 600 -0.466
700 500 -0.464
700 400 -0.462
800 700 -0.466
800 600 -0.465
900 800 -0.466
900 700 -0.466
900 600 -0.465
1000 900 -0.466
1000 800 -0.466
1000 700 -0.466
