200 180 -0.154
300 280 -0.198
400 380 -0.206
500 480 -0.208
600 580 -0.209
700 680 -0.209
700 650 -0.199
800 780 -0.210
800 750 -0.204
900 880 -0.210
900 850 -0.207
1000 980 -0.210
1000 950 -0.208
200 150 1.891
200 100 8.420
300 250 0.301
300 200 2.503
300 100 1.450
400 350 -0.054
400 300 0.748
400 200 0.346
400 100 0.070
500 450 -0.152
500 400 0.160
500 300 0.005
500 200 -0.101
600 550 -0.185
600 500 -0.047
600 400 -0.117
600 300 -0.164
700 600 -0.134
700 500 -0.168
700 400 -0.188
800 700 -0.173
800 600 -0.189
900 800 -0.190
900 700 -0.199
900 600 -0.204
1000 900 -0.199
1000 800 -0.204
1000 700 -0.207
