200 180 -0.204
300 280 -0.204
400 380 -0.204
500 480 -0.204
600 580 -0.204
700 680 -0.204
700 650 -0.198
800 780 -0.204
800 750 -0.201
900 880 -0.204
900 850 -0.202
1000 980 -0.204
1000 950 -0.203
200 150 0.992
200 100 2.394
300 250 0.069
300 200 0.424
300 100 0.124
400 350 -0.122
400 300 -0.008
400 200 -0.103
400 100 -0.080
500 450 -0.174
500 400 -0.132
500 300 -0.166
500 200 -0.156
600 550 -0.191
600 500 -0.173
600 400 -0.188
600 300 -0.184
700 600 -0.189
700 500 -0.197
700 400 -0.195
800 700 -0.197
800 600 -0.200
900 800 -0.200
900 700 -0.202
900 600 -0.202
1000 900 -0.202
1000 800 -0.203
1000 700 -0.203
