200 180 0.090
300 280 -0.141
400 380 -0.185
500 480 -0.197
600 580 -0.201
700 680 -0.203
700 650 -0.203
800 780 -0.203
800 750 -0.204
900 880 -0.204
900 850 -0.204
1000 980 -0.204
1000 950 -0.204
200 150 0.007
200 100 -0.102
300 250 -0.159
300 200 -0.183
300 100 -0.187
400 350 -0.191
400 300 -0.198
400 200 -0.199
400 100 -0.204
500 450 -0.199
500 400 -0.202
500 300 -0.202
500 200 -0.204
600 550 -0.202
600 500 -0.203
600 400 -0.203
600 300 -0.204
700 600 -0.204
700 500 -0.204
700 400 -0.204
800 700 -0.204
800 600 -0.204
900 800 -0.204
900 700 -0.204
900 600 -0.204
1000 900 -0.204
1000 800 -0.204
1000 700 -0.204
