200 180 -0.047
300 280 -0.167
400 380 -0.190
500 480 -0.195
600 580 -0.198
700 680 -0.198
700 650 -0.198
800 780 -0.199
800 750 -0.199
900 880 -0.199
900 850 -0.199
1000 980 -0.199
1000 950 -0.199
200 150 -0.027
200 100 -0.130
300 250 -0.163
300 200 -0.185
300 100 -0.194
400 350 -0.188
400 300 -0.195
400 200 -0.197
400 100 -0.198
500 450 -0.195
500 400 -0.198
500 300 -0.198
500 200 -0.199
600 550 -0.197
600 500 -0.198
600 400 -0.199
600 300 -0.199
700 600 -0.199
700 500 -0.199
700 400 -0.199
800 700 -0.199
800 600 -0.199
900 800 -0.199
900 700 -0.199
900 600 -0.199
1000 900 -0.199
1000 800 -0.199
1000 700 -0.199
