200 180 0.212
300 280 -0.494
400 380 -0.678
500 480 -0.731
600 580 -0.750
700 680 -0.758
700 650 -0.759
800 780 -0.761
800 750 -0.762
900 880 -0.763
900 850 -0.763
1000 980 -0.763
1000 950 -0.764
200 150 0.107
200 100 -0.764
300 250 -0.530
300 200 -0.764
300 100 -0.764
400 350 -0.690
400 300 -0.764
400 200 -0.764
400 100 -0.764
500 450 -0.737
500 400 -0.764
500 300 -0.764
500 200 -0.764
600 550 -0.752
600 500 -0.764
600 400 -0.764
600 300 -0.764
700 600 -0.764
700 500 -0.764
700 400 -0.764
800 700 -0.764
800 600 -0.764
900 800 -0.764
900 700 -0.764
900 600 -0.764
1000 900 -0.764
1000 800 -0.764
1000 700 -0.764
