297730 3.539916
298595 0.306561
298609 2.038514
298633 6.126455
298687 21.478222
298690 1.47446
298771 8.42217
298773 8.18302
298862 24.791675
298967 55.9486
299055 46.393232
299144 30.9584
299147 24.286768
299184 95.300343
299243 6.0853
299584 227.640391
300279 5.494332
300345 5.038334
300415 92.319154
300418 5.758711
300487 124.55881
300540 182.557558
300571 147.807207
300600 50.88581
300655 239.96066
300687 337.658438
300784 7.560546
300800 287.574325
300863 341.348278
300908 222.7633
301912 6.669922
301918 20.4846
301932 369.227912
301973 482.915902
302053 397.097848
302137 207.7135
302265 107.711258
302269 59.02594
302300 401.839103
302347 206.088924
302380 110.98889
302391 134.34099
302393 526.239298
302737 84.953042
302831 16.28424
302872 672.328562
302919 65.73013
302925 134.458595
302956 352.435522
303007 16.82218
303079 108.140427
303201 98.34243
303208 559.923304
303264 32.37723
303266 285.180973
303291 179.64275
303304 501.000182
303338 543.21504
303421 507.708447
303499 442.23337
303560 343.830039
