393822 MGPy8EG_A14N23LO_C1N2_Wh_hall_162p5_12p5_2L7 162.5 12.5 3.871788 1. 1.0816E-01
393831 MGPy8EG_A14N23LO_C1N2_Wh_hall_200p0_50p0_2L7 200.0 50.0 1.8074 1. 1.1253E-01
393832 MGPy8EG_A14N23LO_C1N2_Wh_hall_202p5_72p5_2L7 202.5 72.5 1.726133 1. 1.1031E-01
393833 MGPy8EG_A14N23LO_C1N2_Wh_hall_212p5_12p5_2L7 212.5 12.5 1.443136 1. 1.1842E-01
393839 MGPy8EG_A14N23LO_C1N2_Wh_hall_225p0_50p0_2L7 225.0 50.0 1.165122 1. 1.1794E-01
393842 MGPy8EG_A14N23LO_C1N2_Wh_hall_237p5_12p5_2L7 237.5 12.5 0.950655 1. 1.2238E-01
393844 MGPy8EG_A14N23LO_C1N2_Wh_hall_237p5_62p5_2L7 237.5 62.5 0.950655 1. 1.1997E-01
393845 MGPy8EG_A14N23LO_C1N2_Wh_hall_237p5_87p5_2L7 237.5 87.5 0.950655 1. 1.1401E-01
393846 MGPy8EG_A14N23LO_C1N2_Wh_hall_240p0_110p0_2L7 240.0 110.0 0.913692 1. 1.1273E-01
393847 MGPy8EG_A14N23LO_C1N2_Wh_hall_250p0_0p0_2L7 250.0 0.0 0.782514 1. 1.2732E-01
393848 MGPy8EG_A14N23LO_C1N2_Wh_hall_250p0_25p0_2L7 250.0 25.0 0.782514 1. 1.2395E-01
393853 MGPy8EG_A14N23LO_C1N2_Wh_hall_262p5_37p5_2L7 262.5 37.5 0.649397 1. 1.2603E-01
393854 MGPy8EG_A14N23LO_C1N2_Wh_hall_262p5_62p5_2L7 262.5 62.5 0.649397 1. 1.2457E-01
393855 MGPy8EG_A14N23LO_C1N2_Wh_hall_262p5_87p5_2L7 262.5 87.5 0.649397 1. 1.2131E-01
393861 MGPy8EG_A14N23LO_C1N2_Wh_hall_287p5_37p5_2L7 287.5 37.5 0.456978 1. 1.2975E-01
393862 MGPy8EG_A14N23LO_C1N2_Wh_hall_287p5_62p5_2L7 287.5 62.5 0.456978 1. 1.2952E-01
393864 MGPy8EG_A14N23LO_C1N2_Wh_hall_300p0_25p0_2L7 300.0 25.0 0.386946 1. 1.3473E-01
393866 MGPy8EG_A14N23LO_C1N2_Wh_hall_300p0_75p0_2L7 300.0 75.0 0.386946 1. 1.2999E-01
393868 MGPy8EG_A14N23LO_C1N2_Wh_hall_312p5_12p5_2L7 312.5 12.5 0.329476 1. 1.3550E-01
393869 MGPy8EG_A14N23LO_C1N2_Wh_hall_312p5_37p5_2L7 312.5 37.5 0.329476 1. 1.3478E-01
393870 MGPy8EG_A14N23LO_C1N2_Wh_hall_325p0_0p0_2L7 325.0 0.0 0.281924 1. 1.3702E-01
393872 MGPy8EG_A14N23LO_C1N2_Wh_hall_325p0_50p0_2L7 325.0 50.0 0.281924 1. 1.3644E-01
393873 MGPy8EG_A14N23LO_C1N2_Wh_hall_325p0_75p0_2L7 325.0 75.0 0.281924 1. 1.3477E-01
393877 MGPy8EG_A14N23LO_C1N2_Wh_hall_350p0_25p0_2L7 350.0 25.0 0.209458 1. 1.4240E-01
393878 MGPy8EG_A14N23LO_C1N2_Wh_hall_350p0_50p0_2L7 350.0 50.0 0.209458 1. 1.4057E-01
393880 MGPy8EG_A14N23LO_C1N2_Wh_hall_350p0_100p0_2L7 350.0 100.0 0.209458 1. 1.3746E-01
393883 MGPy8EG_A14N23LO_C1N2_Wh_hall_375p0_50p0_2L7 375.0 50.0 0.158076 1. 1.4322E-01
393887 MGPy8EG_A14N23LO_C1N2_Wh_hall_400p0_50p0_2L7 400.0 50.0 0.121027 1. 1.4735E-01
393888 MGPy8EG_A14N23LO_C1N2_Wh_hall_400p0_75p0_2L7 400.0 75.0 0.121027 1. 1.4707E-01
393893 MGPy8EG_A14N23LO_C1N2_Wh_hall_425p0_75p0_2L7 425.0 75.0 0.093788 1. 1.5161E-01
393894 MGPy8EG_A14N23LO_C1N2_Wh_hall_425p0_100p0_2L7 425.0 100.0 0.093788 1. 1.4988E-01
393895 MGPy8EG_A14N23LO_C1N2_Wh_hall_450p0_0p0_2L7 450.0 0.0 0.073446 1. 1.5549E-01
393898 MGPy8EG_A14N23LO_C1N2_Wh_hall_450p0_75p0_2L7 450.0 75.0 0.073446 1. 1.5568E-01
393900 MGPy8EG_A14N23LO_C1N2_Wh_hall_475p0_0p0_2L7 475.0 0.0 0.058091 1. 1.6055E-01
393901 MGPy8EG_A14N23LO_C1N2_Wh_hall_475p0_25p0_2L7 475.0 25.0 0.058091 1. 1.6178E-01
393902 MGPy8EG_A14N23LO_C1N2_Wh_hall_475p0_50p0_2L7 475.0 50.0 0.058091 1. 1.6086E-01
393903 MGPy8EG_A14N23LO_C1N2_Wh_hall_475p0_75p0_2L7 475.0 75.0 0.058091 1. 1.5701E-01
393904 MGPy8EG_A14N23LO_C1N2_Wh_hall_475p0_100p0_2L7 475.0 100.0 0.058091 1. 1.6078E-01
393907 MGPy8EG_A14N23LO_C1N2_Wh_hall_500p0_50p0_2L7 500.0 50.0 0.046357 1. 1.6591E-01
393908 MGPy8EG_A14N23LO_C1N2_Wh_hall_500p0_75p0_2L7 500.0 75.0 0.046357 1. 1.6130E-01
393911 MGPy8EG_A14N23LO_C1N2_Wh_hall_525p0_50p0_2L7 525.0 50.0 0.0372699 1. 1.6592E-01
393912 MGPy8EG_A14N23LO_C1N2_Wh_hall_550p0_0p0_2L7 550.0 0.0 0.03017074 1. 1.7007E-01
393913 MGPy8EG_A14N23LO_C1N2_Wh_hall_550p0_25p0_2L7 550.0 25.0 0.03017074 1. 1.6650E-01
