393820 MGPy8EG_A14N23LO_C1N2_Wh_hall_150p0_0p0_2L7 150.0 0.0 5.12 1.011890625 1. 1.0619E-01
393821 MGPy8EG_A14N23LO_C1N2_Wh_hall_152p5_22p5_2L7 152.5 22.5 4.811 1.0141213885 1. 1.0559E-01
393822 MGPy8EG_A14N23LO_C1N2_Wh_hall_162p5_12p5_2L7 162.5 12.5 3.787 1.0223892263 1. 1.0816E-01
393823 MGPy8EG_A14N23LO_C1N2_Wh_hall_175p0_0p0_2L7 175.0 0.0 2.863 1.0315298638 1. 1.1018E-01
393824 MGPy8EG_A14N23LO_C1N2_Wh_hall_175p0_25p0_2L7 175.0 25.0 2.864 1.0311696927 1. 1.0959E-01
393825 MGPy8EG_A14N23LO_C1N2_Wh_hall_177p5_47p5_2L7 177.5 47.5 2.713 1.0334316255 1. 1.0879E-01
393826 MGPy8EG_A14N23LO_C1N2_Wh_hall_187p5_12p5_2L7 187.5 12.5 2.203 1.0407090332 1. 1.137E-01
393827 MGPy8EG_A14N23LO_C1N2_Wh_hall_187p5_37p5_2L7 187.5 37.5 2.203 1.0407090332 1. 1.1098E-01
393828 MGPy8EG_A14N23LO_C1N2_Wh_hall_190p0_60p0_2L7 190.0 60.0 2.095 1.0423093079 1. 1.0982E-01
393829 MGPy8EG_A14N23LO_C1N2_Wh_hall_200p0_0p0_2L7 200.0 0.0 1.721 1.0502033701 1. 1.1534E-01
393830 MGPy8EG_A14N23LO_C1N2_Wh_hall_200p0_25p0_2L7 200.0 25.0 1.722 1.0495934959 1. 1.1434E-01
393831 MGPy8EG_A14N23LO_C1N2_Wh_hall_200p0_50p0_2L7 200.0 50.0 1.722 1.0495934959 1. 1.1253E-01
393832 MGPy8EG_A14N23LO_C1N2_Wh_hall_202p5_72p5_2L7 202.5 72.5 1.641 1.0518787325 1. 1.1031E-01
393833 MGPy8EG_A14N23LO_C1N2_Wh_hall_212p5_12p5_2L7 212.5 12.5 1.363 1.0587938371 1. 1.1842E-01
393834 MGPy8EG_A14N23LO_C1N2_Wh_hall_212p5_37p5_2L7 212.5 37.5 1.363 1.0587938371 1. 1.1662E-01
393835 MGPy8EG_A14N23LO_C1N2_Wh_hall_212p5_62p5_2L7 212.5 62.5 1.364 1.0580175953 1. 1.138E-01
393836 MGPy8EG_A14N23LO_C1N2_Wh_hall_215p0_85p0_2L7 215.0 85.0 1.303 1.0602356101 1. 1.1159E-01
393837 MGPy8EG_A14N23LO_C1N2_Wh_hall_225p0_0p0_2L7 225.0 0.0 1.093 1.0659853614 1. 1.209E-01
393838 MGPy8EG_A14N23LO_C1N2_Wh_hall_225p0_25p0_2L7 225.0 25.0 1.093 1.0659853614 1. 1.1996E-01
393839 MGPy8EG_A14N23LO_C1N2_Wh_hall_225p0_50p0_2L7 225.0 50.0 1.093 1.0659853614 1. 1.1794E-01
393840 MGPy8EG_A14N23LO_C1N2_Wh_hall_225p0_75p0_2L7 225.0 75.0 1.093 1.0659853614 1. 1.1487E-01
393841 MGPy8EG_A14N23LO_C1N2_Wh_hall_227p5_97p5_2L7 227.5 97.5 1.046 1.0688594647 1. 1.1211E-01
393842 MGPy8EG_A14N23LO_C1N2_Wh_hall_237p5_12p5_2L7 237.5 12.5 0.8849 1.0743078314 1. 1.2238E-01
393843 MGPy8EG_A14N23LO_C1N2_Wh_hall_237p5_37p5_2L7 237.5 37.5 0.8842 1.0751583352 1. 1.2171E-01
393844 MGPy8EG_A14N23LO_C1N2_Wh_hall_237p5_62p5_2L7 237.5 62.5 0.88533 1.0737860459 1. 1.1997E-01
393845 MGPy8EG_A14N23LO_C1N2_Wh_hall_237p5_87p5_2L7 237.5 87.5 0.88487 1.074344254 1. 1.1401E-01
393846 MGPy8EG_A14N23LO_C1N2_Wh_hall_240p0_110p0_2L7 240.0 110.0 0.85007 1.0748432482 1. 1.1273E-01
393847 MGPy8EG_A14N23LO_C1N2_Wh_hall_250p0_0p0_2L7 250.0 0.0 0.7237 1.0812684814 1. 1.2732E-01
393848 MGPy8EG_A14N23LO_C1N2_Wh_hall_250p0_25p0_2L7 250.0 25.0 0.72368 1.0812983639 1. 1.2395E-01
393849 MGPy8EG_A14N23LO_C1N2_Wh_hall_250p0_50p0_2L7 250.0 50.0 0.72395 1.0808950894 1. 1.2211E-01
393850 MGPy8EG_A14N23LO_C1N2_Wh_hall_250p0_75p0_2L7 250.0 75.0 0.7232 1.0820160398 1. 1.2087E-01
393851 MGPy8EG_A14N23LO_C1N2_Wh_hall_250p0_100p0_2L7 250.0 100.0 0.72373 1.0812236608 1. 1.1736E-01
393852 MGPy8EG_A14N23LO_C1N2_Wh_hall_262p5_12p5_2L7 262.5 12.5 0.59675 1.0882228739 1. 1.2647E-01
393853 MGPy8EG_A14N23LO_C1N2_Wh_hall_262p5_37p5_2L7 262.5 37.5 0.59688 1.0879858598 1. 1.2603E-01
393854 MGPy8EG_A14N23LO_C1N2_Wh_hall_262p5_62p5_2L7 262.5 62.5 0.5971 1.0875849942 1. 1.2457E-01
393855 MGPy8EG_A14N23LO_C1N2_Wh_hall_262p5_87p5_2L7 262.5 87.5 0.59668 1.0883505397 1. 1.2131E-01
393856 MGPy8EG_A14N23LO_C1N2_Wh_hall_275p0_0p0_2L7 275.0 0.0 0.49573 1.0954551873 1. 1.2896E-01
393857 MGPy8EG_A14N23LO_C1N2_Wh_hall_275p0_25p0_2L7 275.0 25.0 0.4957 1.0955214847 1. 1.285E-01
393858 MGPy8EG_A14N23LO_C1N2_Wh_hall_275p0_50p0_2L7 275.0 50.0 0.49583 1.0952342537 1. 1.2794E-01
393859 MGPy8EG_A14N23LO_C1N2_Wh_hall_275p0_75p0_2L7 275.0 75.0 0.4956 1.0957425343 1. 1.2526E-01
393860 MGPy8EG_A14N23LO_C1N2_Wh_hall_287p5_12p5_2L7 287.5 12.5 0.41453 1.1024003087 1. 1.3264E-01
393861 MGPy8EG_A14N23LO_C1N2_Wh_hall_287p5_37p5_2L7 287.5 37.5 0.41453 1.1024003087 1. 1.2975E-01
393862 MGPy8EG_A14N23LO_C1N2_Wh_hall_287p5_62p5_2L7 287.5 62.5 0.41433 1.1029324451 1. 1.2952E-01
393863 MGPy8EG_A14N23LO_C1N2_Wh_hall_300p0_0p0_2L7 300.0 0.0 0.3487 1.1096816748 1. 1.3283E-01
393864 MGPy8EG_A14N23LO_C1N2_Wh_hall_300p0_25p0_2L7 300.0 25.0 0.34888 1.1091091493 1. 1.3473E-01
393865 MGPy8EG_A14N23LO_C1N2_Wh_hall_300p0_50p0_2L7 300.0 50.0 0.349 1.1087277937 1. 1.3213E-01
393866 MGPy8EG_A14N23LO_C1N2_Wh_hall_300p0_75p0_2L7 300.0 75.0 0.34878 1.109427146 1. 1.2999E-01
393867 MGPy8EG_A14N23LO_C1N2_Wh_hall_300p0_100p0_2L7 300.0 100.0 0.3489 1.1090455718 1. 1.2741E-01
393868 MGPy8EG_A14N23LO_C1N2_Wh_hall_312p5_12p5_2L7 312.5 12.5 0.29563 1.1144877042 1. 1.355E-01
393869 MGPy8EG_A14N23LO_C1N2_Wh_hall_312p5_37p5_2L7 312.5 37.5 0.29565 1.1144123119 1. 1.3478E-01
393870 MGPy8EG_A14N23LO_C1N2_Wh_hall_325p0_0p0_2L7 325.0 0.0 0.25148 1.1210593288 1. 1.3702E-01
393871 MGPy8EG_A14N23LO_C1N2_Wh_hall_325p0_25p0_2L7 325.0 25.0 0.2516 1.1205246423 1. 1.3792E-01
393872 MGPy8EG_A14N23LO_C1N2_Wh_hall_325p0_50p0_2L7 325.0 50.0 0.2514 1.12141607 1. 1.3644E-01
393873 MGPy8EG_A14N23LO_C1N2_Wh_hall_325p0_75p0_2L7 325.0 75.0 0.2516 1.1205246423 1. 1.3477E-01
393874 MGPy8EG_A14N23LO_C1N2_Wh_hall_325p0_100p0_2L7 325.0 100.0 0.25155 1.1207473663 1. 1.3162E-01
393875 MGPy8EG_A14N23LO_C1N2_Wh_hall_337p5_12p5_2L7 337.5 12.5 0.1505 1.6111627907 1. 1.4099E-01
393876 MGPy8EG_A14N23LO_C1N2_Wh_hall_350p0_0p0_2L7 350.0 0.0 0.18483 1.1332467673 1. 1.4094E-01
393877 MGPy8EG_A14N23LO_C1N2_Wh_hall_350p0_25p0_2L7 350.0 25.0 0.18493 1.1326339696 1. 1.424E-01
393878 MGPy8EG_A14N23LO_C1N2_Wh_hall_350p0_50p0_2L7 350.0 50.0 0.18493 1.1326339696 1. 1.4057E-01
393879 MGPy8EG_A14N23LO_C1N2_Wh_hall_350p0_75p0_2L7 350.0 75.0 0.1848 1.1334307359 1. 1.4114E-01
393880 MGPy8EG_A14N23LO_C1N2_Wh_hall_350p0_100p0_2L7 350.0 100.0 0.18475 1.1337374831 1. 1.3746E-01
393881 MGPy8EG_A14N23LO_C1N2_Wh_hall_375p0_0p0_2L7 375.0 0.0 0.13805 1.1450633829 1. 1.4497E-01
393882 MGPy8EG_A14N23LO_C1N2_Wh_hall_375p0_25p0_2L7 375.0 25.0 0.13823 1.143572307 1. 1.4609E-01
393883 MGPy8EG_A14N23LO_C1N2_Wh_hall_375p0_50p0_2L7 375.0 50.0 0.1382 1.14382055 1. 1.4322E-01
393884 MGPy8EG_A14N23LO_C1N2_Wh_hall_375p0_75p0_2L7 375.0 75.0 0.1382 1.14382055 1. 1.4262E-01
393885 MGPy8EG_A14N23LO_C1N2_Wh_hall_400p0_0p0_2L7 400.0 0.0 0.10485 1.1542870767 1. 1.5012E-01
393886 MGPy8EG_A14N23LO_C1N2_Wh_hall_400p0_25p0_2L7 400.0 25.0 0.1048 1.1548377863 1. 1.4731E-01
393887 MGPy8EG_A14N23LO_C1N2_Wh_hall_400p0_50p0_2L7 400.0 50.0 0.10475 1.1553890215 1. 1.4735E-01
393888 MGPy8EG_A14N23LO_C1N2_Wh_hall_400p0_75p0_2L7 400.0 75.0 0.1047 1.1559407832 1. 1.4707E-01
393889 MGPy8EG_A14N23LO_C1N2_Wh_hall_400p0_100p0_2L7 400.0 100.0 0.1047 1.1559407832 1. 1.46E-01
393890 MGPy8EG_A14N23LO_C1N2_Wh_hall_425p0_0p0_2L7 425.0 0.0 0.080655 1.1628293349 1. 1.5456E-01
393891 MGPy8EG_A14N23LO_C1N2_Wh_hall_425p0_25p0_2L7 425.0 25.0 0.080595 1.1636950183 1. 1.531E-01
393892 MGPy8EG_A14N23LO_C1N2_Wh_hall_425p0_50p0_2L7 425.0 50.0 0.080475 1.1654302579 1. 1.5361E-01
393893 MGPy8EG_A14N23LO_C1N2_Wh_hall_425p0_75p0_2L7 425.0 75.0 0.08053 1.1646342977 1. 1.5161E-01
393894 MGPy8EG_A14N23LO_C1N2_Wh_hall_425p0_100p0_2L7 425.0 100.0 0.0806 1.1636228288 1. 1.4988E-01
393895 MGPy8EG_A14N23LO_C1N2_Wh_hall_450p0_0p0_2L7 450.0 0.0 0.06265 1.1723224262 1. 1.5549E-01
393896 MGPy8EG_A14N23LO_C1N2_Wh_hall_450p0_25p0_2L7 450.0 25.0 0.06268 1.1717613274 1. 1.5494E-01
393897 MGPy8EG_A14N23LO_C1N2_Wh_hall_450p0_50p0_2L7 450.0 50.0 0.062605 1.1731650826 1. 1.5682E-01
393898 MGPy8EG_A14N23LO_C1N2_Wh_hall_450p0_75p0_2L7 450.0 75.0 0.062645 1.1724159949 1. 1.5568E-01
393899 MGPy8EG_A14N23LO_C1N2_Wh_hall_450p0_100p0_2L7 450.0 100.0 0.06262 1.1728840626 1. 1.5442E-01
393900 MGPy8EG_A14N23LO_C1N2_Wh_hall_475p0_0p0_2L7 475.0 0.0 0.04915 1.1819125127 1. 1.6055E-01
393901 MGPy8EG_A14N23LO_C1N2_Wh_hall_475p0_25p0_2L7 475.0 25.0 0.049155 1.1817922897 1. 1.6178E-01
393902 MGPy8EG_A14N23LO_C1N2_Wh_hall_475p0_50p0_2L7 475.0 50.0 0.04919 1.1809514129 1. 1.6086E-01
393903 MGPy8EG_A14N23LO_C1N2_Wh_hall_475p0_75p0_2L7 475.0 75.0 0.049145 1.1820327602 1. 1.5701E-01
393904 MGPy8EG_A14N23LO_C1N2_Wh_hall_475p0_100p0_2L7 475.0 100.0 0.049185 1.1810714649 1. 1.6078E-01
393905 MGPy8EG_A14N23LO_C1N2_Wh_hall_500p0_0p0_2L7 500.0 0.0 0.038905 1.1915435034 1. 1.6288E-01
393906 MGPy8EG_A14N23LO_C1N2_Wh_hall_500p0_25p0_2L7 500.0 25.0 0.038915 1.1912373121 1. 1.6494E-01
393907 MGPy8EG_A14N23LO_C1N2_Wh_hall_500p0_50p0_2L7 500.0 50.0 0.038905 1.1915435034 1. 1.6591E-01
393908 MGPy8EG_A14N23LO_C1N2_Wh_hall_500p0_75p0_2L7 500.0 75.0 0.0389 1.1916966581 1. 1.613E-01
393909 MGPy8EG_A14N23LO_C1N2_Wh_hall_525p0_0p0_2L7 525.0 0.0 0.03107 1.1995172192 1. 1.6579E-01
393910 MGPy8EG_A14N23LO_C1N2_Wh_hall_525p0_25p0_2L7 525.0 25.0 0.03108 1.1991312741 1. 1.6455E-01
393911 MGPy8EG_A14N23LO_C1N2_Wh_hall_525p0_50p0_2L7 525.0 50.0 0.031065 1.1997102849 1. 1.6592E-01
393912 MGPy8EG_A14N23LO_C1N2_Wh_hall_550p0_0p0_2L7 550.0 0.0 0.025025 1.2055944056 1. 1.7007E-01
393913 MGPy8EG_A14N23LO_C1N2_Wh_hall_550p0_25p0_2L7 550.0 25.0 0.02503 1.2053535757 1. 1.665E-01
393914 MGPy8EG_A14N23LO_C1N2_Wh_hall_575p0_25p0_2L7 575.0 25.0 0.02026 1.2133267522 1. 1.7201E-01
