mC1:mN1:nSig:nSigErr:Zn
#Tag: SR_SS_jet23_opt
#Zjets: 0.000000 +/- 0.000000 (0)
#multitop: 0.000000 +/- 0.000000 (0)
#Higgs: 0.026340 +/- 0.007626 (22)
#Vgamma: 0.076564 +/- 0.056510 (2)
#ttbar: 0.220604 +/- 0.220604 (1)
#Wjets: 0.239200 +/- 0.239200 (1)
#VVV: 0.266816 +/- 0.070921 (32)
#ttV: 0.270217 +/- 0.045091 (126)
#singletop: 0.416387 +/- 0.416387 (1)
#VV: 4.543528 +/- 0.460577 (1025)
#Total BG: 6.059655 +/- 0.708312 (1210)

150.0 0.0 7.321 1.453 1.839
152.5 22.5 6.695 1.068 1.689
162.5 12.5 6.550 0.872 1.654
175.0 0.0 9.539 1.583 2.341
175.0 25.0 6.484 1.105 1.638
177.5 47.5 4.795 0.905 1.212
187.5 12.5 7.599 0.896 1.904
187.5 37.5 4.838 0.775 1.223
190.0 60.0 3.425 0.711 0.842
200.0 0.0 6.534 1.090 1.650
200.0 25.0 6.263 0.991 1.584
200.0 50.0 5.002 0.811 1.266
202.5 72.5 3.885 0.704 0.969
212.5 12.5 5.933 1.005 1.502
212.5 37.5 5.431 1.119 1.376
212.5 62.5 3.797 0.627 0.945
215.0 85.0 3.036 0.588 0.733
225.0 0.0 5.666 1.159 1.436
225.0 25.0 4.867 0.922 1.231
225.0 50.0 5.687 0.902 1.441
225.0 75.0 3.174 0.855 0.772
227.5 97.5 2.887 0.764 0.690
237.5 12.5 5.607 0.911 1.421
237.5 37.5 5.457 0.908 1.383
237.5 62.5 3.539 0.685 0.874
237.5 87.5 3.365 0.655 0.825
240.0 110.0 2.148 0.479 0.473
250.0 0.0 5.721 1.101 1.449
250.0 25.0 4.273 0.821 1.074
250.0 50.0 4.003 0.818 1.001
250.0 75.0 3.115 0.783 0.755
250.0 100.0 2.212 0.589 0.492
262.5 12.5 5.188 1.694 1.314
262.5 37.5 4.477 0.980 1.128
262.5 62.5 1.940 0.461 0.411
262.5 87.5 3.715 0.873 0.923
275.0 0.0 3.516 0.638 0.867
275.0 25.0 4.316 0.714 1.085
275.0 50.0 4.775 0.798 1.207
275.0 75.0 2.740 0.543 0.648
287.5 12.5 3.438 0.569 0.846
287.5 37.5 3.510 0.732 0.866
287.5 62.5 3.010 0.535 0.725
300.0 0.0 3.062 0.502 0.740
300.0 25.0 3.938 0.703 0.983
300.0 50.0 3.669 0.632 0.910
300.0 75.0 2.901 0.777 0.694
300.0 100.0 2.925 0.525 0.701
312.5 12.5 3.015 0.531 0.726
312.5 37.5 2.826 0.473 0.672
325.0 0.0 2.421 0.606 0.554
325.0 25.0 2.830 0.657 0.674
325.0 50.0 3.315 0.639 0.811
325.0 75.0 2.510 0.437 0.580
325.0 100.0 2.541 0.474 0.590
337.5 12.5 2.297 0.357 0.518
350.0 0.0 2.104 0.449 0.460
350.0 25.0 1.797 0.285 0.367
350.0 50.0 2.047 0.334 0.443
350.0 75.0 1.566 0.303 0.296
350.0 100.0 1.064 0.217 0.138
375.0 0.0 2.174 0.547 0.481
375.0 25.0 1.249 0.230 0.197
375.0 50.0 1.249 0.225 0.197
375.0 75.0 1.563 0.414 0.295
400.0 0.0 1.284 0.274 0.208
400.0 25.0 1.119 0.242 0.156
400.0 50.0 2.276 0.575 0.512
400.0 75.0 1.462 0.300 0.264
400.0 100.0 0.709 0.184 0.023
425.0 0.0 1.241 0.245 0.194
425.0 25.0 0.794 0.245 0.051
425.0 50.0 1.354 0.435 0.230
425.0 75.0 0.787 0.185 0.049
425.0 100.0 0.765 0.207 0.042
450.0 0.0 1.141 0.219 0.163
450.0 25.0 0.693 0.156 0.018
450.0 50.0 0.779 0.178 0.046
450.0 75.0 1.117 0.257 0.155
450.0 100.0 1.094 0.227 0.148
475.0 0.0 0.594 0.131 -0.015
475.0 25.0 0.778 0.171 0.046
475.0 50.0 0.499 0.122 -0.046
475.0 75.0 0.780 0.151 0.046
475.0 100.0 0.931 0.202 0.096
500.0 0.0 0.524 0.130 -0.038
500.0 25.0 0.591 0.116 -0.016
500.0 50.0 0.545 0.114 -0.031
500.0 75.0 0.858 0.164 0.072
525.0 0.0 0.309 0.078 -0.110
525.0 25.0 0.372 0.083 -0.089
525.0 50.0 0.610 0.113 -0.009
550.0 0.0 0.425 0.085 -0.071
550.0 25.0 0.309 0.075 -0.110
575.0 25.0 0.391 0.072 -0.082
#average significance: 1.599
