mC1:mN1:nSig:nSigErr:Zn
#Tag: SR_SS_jet1_pre
#multitop: 0.000000 +/- 0.000000 (0)
#ttV: 1.956145 +/- 0.140354 (689)
#VVV: 10.879418 +/- 0.388052 (1773)
#singletop: 18.082343 +/- 2.308931 (98)
#Higgs: 39.906525 +/- 4.429376 (279)
#ttbar: 41.585702 +/- 5.502816 (108)
#Vgamma: 517.242549 +/- 19.306737 (1621)
#Wjets: 612.386299 +/- 150.327668 (879)
#VV: 980.985096 +/- 9.076251 (137300)
#Zjets: 5393.449601 +/- 412.050912 (5616)
#Total BG: 7616.473679 +/- 439.198010 (148363)

150.0 0.0 161.594 5.618 -0.088
152.5 22.5 142.019 4.961 -0.098
162.5 12.5 119.971 3.978 -0.109
175.0 0.0 81.063 3.767 -0.129
175.0 25.0 92.226 4.484 -0.123
177.5 47.5 82.862 3.608 -0.128
187.5 12.5 69.927 3.234 -0.134
187.5 37.5 69.841 3.226 -0.135
190.0 60.0 65.554 3.191 -0.137
200.0 0.0 52.541 2.893 -0.143
200.0 25.0 54.464 2.911 -0.142
200.0 50.0 58.799 3.380 -0.140
202.5 72.5 51.658 2.798 -0.144
212.5 12.5 42.705 2.526 -0.148
212.5 37.5 43.565 2.480 -0.148
212.5 62.5 45.623 2.486 -0.147
215.0 85.0 45.611 2.635 -0.147
225.0 0.0 35.845 2.521 -0.152
225.0 25.0 34.849 2.782 -0.152
225.0 50.0 40.304 2.985 -0.150
225.0 75.0 35.298 2.639 -0.152
227.5 97.5 34.204 2.360 -0.153
237.5 12.5 35.061 2.987 -0.152
237.5 37.5 29.883 2.176 -0.155
237.5 62.5 29.250 1.997 -0.155
237.5 87.5 28.066 2.066 -0.156
240.0 110.0 31.070 2.221 -0.154
250.0 0.0 22.788 2.136 -0.159
250.0 25.0 24.952 2.634 -0.158
250.0 50.0 24.918 2.141 -0.158
250.0 75.0 24.407 2.160 -0.158
250.0 100.0 25.200 2.276 -0.157
262.5 12.5 19.096 1.792 -0.161
262.5 37.5 19.872 1.662 -0.160
262.5 62.5 21.198 1.831 -0.160
262.5 87.5 20.039 1.847 -0.160
275.0 0.0 20.059 1.672 -0.160
275.0 25.0 16.384 1.364 -0.162
275.0 50.0 15.590 1.514 -0.162
275.0 75.0 18.223 1.537 -0.161
287.5 12.5 16.969 1.642 -0.162
287.5 37.5 16.362 1.710 -0.162
287.5 62.5 15.959 1.386 -0.162
300.0 0.0 10.335 1.003 -0.165
300.0 25.0 13.452 1.317 -0.163
300.0 50.0 12.136 1.182 -0.164
300.0 75.0 14.845 1.403 -0.163
300.0 100.0 12.816 1.285 -0.164
312.5 12.5 10.607 0.965 -0.165
312.5 37.5 12.565 1.282 -0.164
325.0 0.0 10.109 0.854 -0.165
325.0 25.0 10.513 1.084 -0.165
325.0 50.0 10.160 0.910 -0.165
325.0 75.0 8.535 0.801 -0.166
325.0 100.0 9.110 0.859 -0.166
337.5 12.5 9.050 1.091 -0.166
350.0 0.0 7.174 0.708 -0.167
350.0 25.0 6.650 0.681 -0.167
350.0 50.0 7.328 0.697 -0.167
350.0 75.0 7.168 0.888 -0.167
350.0 100.0 6.856 0.657 -0.167
375.0 0.0 5.738 0.967 -0.167
375.0 25.0 5.639 0.546 -0.168
375.0 50.0 4.236 0.410 -0.168
375.0 75.0 5.722 0.559 -0.167
400.0 0.0 2.873 0.454 -0.169
400.0 25.0 4.504 0.559 -0.168
400.0 50.0 3.685 0.499 -0.169
400.0 75.0 5.121 0.574 -0.168
400.0 100.0 3.947 0.538 -0.168
425.0 0.0 3.118 0.436 -0.169
425.0 25.0 3.662 0.504 -0.169
425.0 50.0 3.360 0.433 -0.169
425.0 75.0 3.378 0.418 -0.169
425.0 100.0 3.517 0.551 -0.169
450.0 0.0 1.806 0.287 -0.170
450.0 25.0 2.491 0.441 -0.169
450.0 50.0 2.311 0.342 -0.169
450.0 75.0 2.104 0.283 -0.169
450.0 100.0 2.539 0.524 -0.169
475.0 0.0 1.980 0.264 -0.169
475.0 25.0 2.398 0.377 -0.169
475.0 50.0 2.220 0.314 -0.169
475.0 75.0 2.013 0.254 -0.169
475.0 100.0 1.713 0.257 -0.170
500.0 0.0 1.504 0.203 -0.170
500.0 25.0 1.764 0.230 -0.170
500.0 50.0 1.861 0.290 -0.169
500.0 75.0 1.341 0.199 -0.170
525.0 0.0 1.274 0.192 -0.170
525.0 25.0 1.677 0.254 -0.170
525.0 50.0 1.279 0.167 -0.170
550.0 0.0 1.221 0.178 -0.170
550.0 25.0 1.132 0.191 -0.170
575.0 25.0 0.917 0.155 -0.170
#average significance: -0.122
