mC1:mN1:nSig:nSigErr:Zn
#Tag: SR_SS_mumu_2_opt
#Zjets: 0.000000 +/- 0.000000 (0)
#multitop: 0.000000 +/- 0.000000 (0)
#Vgamma: 0.000000 +/- 0.000000 (0)
#singletop: 0.109258 +/- 0.109258 (1)
#VVV: 0.190759 +/- 0.062913 (25)
#Wjets: 0.211866 +/- 0.211866 (1)
#ttbar: 0.288458 +/- 0.288458 (1)
#ttV: 0.292358 +/- 0.044195 (122)
#Higgs: 0.421531 +/- 0.393277 (17)
#VV: 5.644888 +/- 0.414359 (1505)
#Total BG: 7.159117 +/- 0.687244 (1672)

150.0 0.0 5.451 1.052 1.262
152.5 22.5 5.206 0.957 1.203
162.5 12.5 7.207 1.013 1.664
175.0 0.0 6.254 1.445 1.449
175.0 25.0 4.950 1.058 1.142
177.5 47.5 3.146 0.732 0.689
187.5 12.5 5.473 0.876 1.267
187.5 37.5 3.644 0.643 0.817
190.0 60.0 5.028 1.348 1.161
200.0 0.0 4.156 0.755 0.947
200.0 25.0 3.800 0.766 0.857
200.0 50.0 2.065 0.552 0.399
202.5 72.5 2.649 0.635 0.557
212.5 12.5 2.934 0.638 0.633
212.5 37.5 3.586 0.722 0.803
212.5 62.5 2.892 0.606 0.622
215.0 85.0 1.292 0.410 0.181
225.0 0.0 4.163 1.001 0.948
225.0 25.0 2.708 0.623 0.573
225.0 50.0 3.144 0.659 0.688
225.0 75.0 2.632 0.678 0.553
227.5 97.5 1.502 0.561 0.241
237.5 12.5 3.311 0.710 0.732
237.5 37.5 3.279 0.668 0.723
237.5 62.5 2.905 0.607 0.625
237.5 87.5 1.353 0.371 0.198
240.0 110.0 3.222 1.013 0.709
250.0 0.0 4.655 1.463 1.070
250.0 25.0 2.880 0.725 0.619
250.0 50.0 2.124 0.629 0.415
250.0 75.0 1.716 0.566 0.301
250.0 100.0 1.038 0.374 0.108
262.5 12.5 1.620 0.509 0.274
262.5 37.5 2.401 0.697 0.490
262.5 62.5 2.395 0.604 0.489
262.5 87.5 1.191 0.393 0.152
275.0 0.0 2.371 0.530 0.482
275.0 25.0 1.816 0.479 0.330
275.0 50.0 1.935 0.481 0.363
275.0 75.0 1.530 0.400 0.249
287.5 12.5 1.542 0.421 0.252
287.5 37.5 1.837 0.472 0.335
287.5 62.5 2.331 0.464 0.471
300.0 0.0 1.693 0.408 0.295
300.0 25.0 2.882 0.713 0.619
300.0 50.0 1.651 0.358 0.283
300.0 75.0 1.863 0.700 0.343
300.0 100.0 1.686 0.397 0.293
312.5 12.5 1.717 0.472 0.302
312.5 37.5 1.618 0.358 0.274
325.0 0.0 1.241 0.528 0.166
325.0 25.0 1.343 0.559 0.196
325.0 50.0 1.590 0.469 0.266
325.0 75.0 1.233 0.284 0.164
325.0 100.0 1.355 0.370 0.199
337.5 12.5 1.304 0.276 0.185
350.0 0.0 0.782 0.221 0.032
350.0 25.0 0.729 0.189 0.016
350.0 50.0 0.969 0.257 0.087
350.0 75.0 1.130 0.263 0.134
350.0 100.0 0.762 0.175 0.026
375.0 0.0 0.723 0.225 0.015
375.0 25.0 0.986 0.261 0.092
375.0 50.0 0.578 0.156 -0.029
375.0 75.0 1.070 0.400 0.117
400.0 0.0 0.529 0.168 -0.043
400.0 25.0 0.539 0.164 -0.040
400.0 50.0 0.893 0.273 0.065
400.0 75.0 0.955 0.259 0.083
400.0 100.0 0.479 0.174 -0.058
425.0 0.0 0.514 0.159 -0.048
425.0 25.0 0.303 0.108 -0.112
425.0 50.0 0.455 0.147 -0.065
425.0 75.0 0.485 0.151 -0.056
425.0 100.0 0.458 0.181 -0.065
450.0 0.0 0.583 0.139 -0.027
450.0 25.0 0.374 0.113 -0.090
450.0 50.0 0.441 0.132 -0.070
450.0 75.0 0.442 0.134 -0.069
450.0 100.0 0.419 0.153 -0.076
475.0 0.0 0.189 0.072 -0.146
475.0 25.0 0.394 0.133 -0.084
475.0 50.0 0.321 0.114 -0.106
475.0 75.0 0.404 0.107 -0.081
475.0 100.0 0.306 0.104 -0.111
500.0 0.0 0.384 0.159 -0.087
500.0 25.0 0.380 0.098 -0.088
500.0 50.0 0.259 0.075 -0.125
500.0 75.0 0.303 0.083 -0.112
525.0 0.0 0.197 0.061 -0.144
525.0 25.0 0.198 0.061 -0.144
525.0 50.0 0.284 0.075 -0.118
550.0 0.0 0.241 0.061 -0.130
550.0 25.0 0.106 0.041 -0.172
575.0 25.0 0.072 0.030 -0.183
#average significance: 1.160
