mC1:mN1:nSig:nSigErr:Zn
#Tag: SR_SS_emu_2_opt
#multitop: 0.000000 +/- 0.000000 (0)
#Zjets: 0.004904 +/- 0.004904 (1)
#Higgs: 0.014788 +/- 0.007963 (21)
#Vgamma: 0.068115 +/- 0.049238 (2)
#Wjets: 0.090438 +/- 0.079085 (2)
#ttbar: 0.264376 +/- 0.264376 (1)
#VVV: 0.292151 +/- 0.060935 (39)
#ttV: 0.294704 +/- 0.039768 (118)
#singletop: 0.416387 +/- 0.416387 (1)
#VV: 3.929313 +/- 0.721898 (1175)
#Total BG: 5.375177 +/- 0.882310 (1360)

150.0 0.0 5.326 1.378 1.395
152.5 22.5 5.018 1.033 1.314
162.5 12.5 4.429 0.724 1.155
175.0 0.0 5.003 0.832 1.310
175.0 25.0 4.829 0.822 1.263
177.5 47.5 3.392 0.711 0.863
187.5 12.5 5.104 0.730 1.337
187.5 37.5 4.532 0.738 1.183
190.0 60.0 2.001 0.552 0.445
200.0 0.0 4.733 0.852 1.237
200.0 25.0 4.512 0.804 1.178
200.0 50.0 3.696 0.757 0.951
202.5 72.5 2.749 0.683 0.674
212.5 12.5 3.995 0.771 1.035
212.5 37.5 4.490 1.094 1.172
212.5 62.5 2.755 0.529 0.676
215.0 85.0 2.049 0.445 0.460
225.0 0.0 3.527 0.845 0.903
225.0 25.0 2.855 0.661 0.706
225.0 50.0 3.933 0.720 1.018
225.0 75.0 1.581 0.552 0.311
227.5 97.5 2.248 0.659 0.522
237.5 12.5 3.165 0.626 0.797
237.5 37.5 4.426 0.873 1.154
237.5 62.5 2.448 0.553 0.583
237.5 87.5 2.077 0.526 0.469
240.0 110.0 0.718 0.277 0.023
250.0 0.0 3.440 0.757 0.877
250.0 25.0 1.832 0.585 0.391
250.0 50.0 2.002 0.596 0.445
250.0 75.0 1.611 0.454 0.320
250.0 100.0 1.320 0.429 0.226
262.5 12.5 4.140 1.644 1.075
262.5 37.5 3.580 0.742 0.917
262.5 62.5 1.417 0.612 0.257
262.5 87.5 2.536 0.617 0.610
275.0 0.0 2.411 0.502 0.572
275.0 25.0 2.612 0.550 0.633
275.0 50.0 2.317 0.539 0.543
275.0 75.0 1.897 0.474 0.412
287.5 12.5 3.342 0.652 0.849
287.5 37.5 3.508 0.699 0.897
287.5 62.5 1.770 0.428 0.372
300.0 0.0 3.736 0.770 0.962
300.0 25.0 3.009 0.546 0.752
300.0 50.0 2.960 0.536 0.737
300.0 75.0 2.154 0.436 0.492
300.0 100.0 2.838 0.726 0.701
312.5 12.5 1.975 0.380 0.436
312.5 37.5 2.569 0.671 0.620
325.0 0.0 1.551 0.347 0.301
325.0 25.0 1.230 0.279 0.196
325.0 50.0 1.968 0.497 0.434
325.0 75.0 1.654 0.385 0.335
325.0 100.0 1.779 0.351 0.375
337.5 12.5 2.255 0.383 0.524
350.0 0.0 2.112 0.445 0.479
350.0 25.0 1.635 0.280 0.328
350.0 50.0 1.664 0.289 0.338
350.0 75.0 1.199 0.265 0.186
350.0 100.0 1.380 0.295 0.246
375.0 0.0 1.590 0.484 0.314
375.0 25.0 1.316 0.242 0.225
375.0 50.0 1.165 0.222 0.175
375.0 75.0 1.169 0.212 0.176
400.0 0.0 1.207 0.256 0.189
400.0 25.0 1.209 0.268 0.189
400.0 50.0 1.863 0.343 0.401
400.0 75.0 0.931 0.260 0.096
400.0 100.0 1.267 0.273 0.208
425.0 0.0 0.791 0.181 0.048
425.0 25.0 0.661 0.205 0.004
425.0 50.0 1.542 0.459 0.298
425.0 75.0 0.420 0.135 -0.081
425.0 100.0 0.694 0.172 0.015
450.0 0.0 0.553 0.137 -0.034
450.0 25.0 0.485 0.139 -0.058
450.0 50.0 1.003 0.253 0.120
450.0 75.0 1.081 0.255 0.146
450.0 100.0 0.815 0.186 0.056
475.0 0.0 0.630 0.132 -0.007
475.0 25.0 0.458 0.119 -0.067
475.0 50.0 0.512 0.122 -0.048
475.0 75.0 0.792 0.180 0.049
475.0 100.0 0.670 0.132 0.007
500.0 0.0 0.520 0.128 -0.046
500.0 25.0 0.634 0.121 -0.006
500.0 50.0 0.513 0.109 -0.048
500.0 75.0 0.590 0.176 -0.021
525.0 0.0 0.452 0.093 -0.069
525.0 25.0 0.358 0.083 -0.102
525.0 50.0 0.560 0.102 -0.031
550.0 0.0 0.359 0.077 -0.102
550.0 25.0 0.321 0.080 -0.115
575.0 25.0 0.408 0.074 -0.085
#average significance: 1.150
