mC1:mN1:nSig:nSigErr:Zn
#Tag: SR_SS_emu_1_opt
#Zjets: 0.000000 +/- 0.000000 (0)
#multitop: 0.000000 +/- 0.000000 (0)
#Wjets: 0.007899 +/- 0.007899 (1)
#ttV: 0.011764 +/- 0.014065 (11)
#singletop: 0.108644 +/- 0.108644 (1)
#Vgamma: 0.181268 +/- 0.157284 (3)
#VVV: 0.205175 +/- 0.048229 (27)
#Higgs: 0.314011 +/- 0.308169 (4)
#ttbar: 0.328763 +/- 0.328763 (1)
#VV: 2.408584 +/- 0.393176 (374)
#Total BG: 3.566109 +/- 0.629895 (422)

150.0 0.0 4.663 0.862 1.543
152.5 22.5 4.706 0.832 1.557
162.5 12.5 3.216 0.606 1.054
175.0 0.0 4.558 0.925 1.509
175.0 25.0 3.978 0.899 1.317
177.5 47.5 1.312 0.404 0.327
187.5 12.5 2.745 0.572 0.884
187.5 37.5 1.863 0.425 0.550
190.0 60.0 1.857 0.432 0.547
200.0 0.0 3.083 0.663 1.007
200.0 25.0 4.118 0.842 1.364
200.0 50.0 2.347 0.547 0.736
202.5 72.5 1.641 0.449 0.461
212.5 12.5 2.364 0.591 0.743
212.5 37.5 2.730 0.652 0.879
212.5 62.5 2.004 0.478 0.605
215.0 85.0 1.533 0.367 0.418
225.0 0.0 1.410 0.500 0.367
225.0 25.0 2.225 0.566 0.690
225.0 50.0 1.899 0.497 0.564
225.0 75.0 2.332 0.826 0.731
227.5 97.5 0.964 0.323 0.181
237.5 12.5 2.435 0.553 0.770
237.5 37.5 2.292 0.679 0.715
237.5 62.5 1.514 0.440 0.410
237.5 87.5 0.956 0.325 0.178
240.0 110.0 0.839 0.318 0.127
250.0 0.0 1.878 0.652 0.556
250.0 25.0 1.883 0.509 0.557
250.0 50.0 2.342 0.738 0.734
250.0 75.0 1.969 0.527 0.591
250.0 100.0 0.609 0.275 0.026
262.5 12.5 1.762 0.500 0.510
262.5 37.5 1.629 0.472 0.456
262.5 62.5 1.885 0.464 0.558
262.5 87.5 1.110 0.366 0.243
275.0 0.0 1.161 0.337 0.264
275.0 25.0 1.548 0.415 0.424
275.0 50.0 1.431 0.511 0.376
275.0 75.0 1.486 0.393 0.399
287.5 12.5 0.840 0.296 0.127
287.5 37.5 1.453 0.758 0.385
287.5 62.5 1.444 0.452 0.382
300.0 0.0 1.277 0.397 0.313
300.0 25.0 1.420 0.375 0.372
300.0 50.0 1.611 0.383 0.449
300.0 75.0 1.487 0.328 0.399
300.0 100.0 1.131 0.317 0.252
312.5 12.5 0.562 0.203 0.005
312.5 37.5 1.547 0.631 0.424
325.0 0.0 1.448 0.308 0.383
325.0 25.0 0.700 0.201 0.066
325.0 50.0 0.636 0.220 0.038
325.0 75.0 1.104 0.277 0.240
325.0 100.0 0.800 0.246 0.110
337.5 12.5 0.875 0.211 0.142
350.0 0.0 0.893 0.262 0.150
350.0 25.0 0.986 0.221 0.190
350.0 50.0 1.066 0.234 0.224
350.0 75.0 0.749 0.190 0.088
350.0 100.0 0.543 0.146 -0.003
375.0 0.0 1.191 0.569 0.277
375.0 25.0 0.880 0.228 0.145
375.0 50.0 0.303 0.104 -0.113
375.0 75.0 0.586 0.157 0.015
400.0 0.0 0.266 0.119 -0.130
400.0 25.0 0.590 0.182 0.017
400.0 50.0 0.864 0.261 0.138
400.0 75.0 0.755 0.198 0.090
400.0 100.0 0.706 0.218 0.069
425.0 0.0 0.224 0.092 -0.149
425.0 25.0 0.629 0.200 0.035
425.0 50.0 0.420 0.196 -0.059
425.0 75.0 0.555 0.160 0.002
425.0 100.0 0.315 0.112 -0.107
450.0 0.0 0.361 0.121 -0.086
450.0 25.0 0.242 0.103 -0.141
450.0 50.0 0.322 0.123 -0.104
450.0 75.0 0.170 0.083 -0.175
450.0 100.0 0.323 0.104 -0.103
475.0 0.0 0.119 0.054 -0.198
475.0 25.0 0.626 0.178 0.033
475.0 50.0 0.207 0.074 -0.157
475.0 75.0 0.100 0.051 -0.207
475.0 100.0 0.189 0.073 -0.166
500.0 0.0 0.181 0.067 -0.169
500.0 25.0 0.275 0.099 -0.125
500.0 50.0 0.575 0.228 0.011
500.0 75.0 0.197 0.073 -0.162
525.0 0.0 0.279 0.082 -0.123
525.0 25.0 0.193 0.059 -0.164
525.0 50.0 0.155 0.052 -0.181
550.0 0.0 0.234 0.063 -0.145
550.0 25.0 0.173 0.053 -0.173
575.0 25.0 0.252 0.086 -0.136
#average significance: 1.030
