mC1:mN1:nSig:nSigErr:Zn
#Tag: SR_SS_mumu_1_opt
#Zjets: 0.000000 +/- 0.000000 (0)
#multitop: 0.000000 +/- 0.000000 (0)
#Vgamma: 0.000000 +/- 0.000000 (0)
#ttV: 0.043003 +/- 0.016459 (17)
#singletop: 0.235893 +/- 0.235893 (1)
#VVV: 0.242853 +/- 0.047550 (39)
#Wjets: 0.306715 +/- 0.306715 (1)
#ttbar: 0.380504 +/- 0.380504 (1)
#Higgs: 0.786555 +/- 0.556634 (2)
#VV: 6.988782 +/- 0.653094 (1033)
#Total BG: 8.984305 +/- 1.016566 (1094)

150.0 0.0 8.467 1.246 1.660
152.5 22.5 5.958 0.956 1.169
162.5 12.5 5.275 0.872 1.027
175.0 0.0 3.587 0.783 0.663
175.0 25.0 4.533 0.841 0.870
177.5 47.5 4.456 0.802 0.854
187.5 12.5 2.620 0.509 0.444
187.5 37.5 3.311 0.620 0.602
190.0 60.0 2.912 0.604 0.511
200.0 0.0 2.987 0.612 0.528
200.0 25.0 2.890 0.614 0.506
200.0 50.0 2.589 0.769 0.437
202.5 72.5 1.369 0.382 0.146
212.5 12.5 4.142 0.689 0.786
212.5 37.5 2.225 0.587 0.351
212.5 62.5 1.722 0.455 0.231
215.0 85.0 2.691 0.532 0.460
225.0 0.0 3.964 0.852 0.747
225.0 25.0 2.350 0.588 0.381
225.0 50.0 2.781 0.714 0.481
225.0 75.0 2.023 0.509 0.304
227.5 97.5 1.508 0.513 0.180
237.5 12.5 1.821 0.554 0.255
237.5 37.5 2.230 0.593 0.353
237.5 62.5 2.281 0.519 0.365
237.5 87.5 1.255 0.379 0.118
240.0 110.0 1.856 0.791 0.264
250.0 0.0 1.547 0.471 0.189
250.0 25.0 2.561 0.975 0.430
250.0 50.0 1.748 0.530 0.238
250.0 75.0 1.585 0.521 0.198
250.0 100.0 2.146 0.580 0.333
262.5 12.5 1.708 0.520 0.228
262.5 37.5 1.794 0.477 0.249
262.5 62.5 0.977 0.353 0.049
262.5 87.5 1.141 0.394 0.089
275.0 0.0 1.565 0.453 0.194
275.0 25.0 0.439 0.234 -0.088
275.0 50.0 1.678 0.433 0.221
275.0 75.0 1.695 0.447 0.225
287.5 12.5 1.378 0.586 0.148
287.5 37.5 1.553 0.496 0.191
287.5 62.5 1.799 0.426 0.250
300.0 0.0 1.222 0.319 0.109
300.0 25.0 1.711 0.431 0.229
300.0 50.0 0.841 0.255 0.015
300.0 75.0 1.510 0.456 0.180
300.0 100.0 1.213 0.351 0.107
312.5 12.5 0.991 0.264 0.052
312.5 37.5 1.035 0.274 0.063
325.0 0.0 1.174 0.284 0.098
325.0 25.0 1.422 0.344 0.159
325.0 50.0 0.881 0.340 0.025
325.0 75.0 1.067 0.255 0.071
325.0 100.0 0.868 0.239 0.021
337.5 12.5 0.473 0.178 -0.079
350.0 0.0 0.584 0.174 -0.051
350.0 25.0 0.971 0.286 0.047
350.0 50.0 0.558 0.178 -0.057
350.0 75.0 0.603 0.238 -0.046
350.0 100.0 0.702 0.172 -0.021
375.0 0.0 0.764 0.376 -0.005
375.0 25.0 0.420 0.123 -0.092
375.0 50.0 0.366 0.116 -0.106
375.0 75.0 0.230 0.089 -0.142
400.0 0.0 0.107 0.076 -0.174
400.0 25.0 0.192 0.096 -0.151
400.0 50.0 0.337 0.128 -0.114
400.0 75.0 0.669 0.213 -0.029
400.0 100.0 0.492 0.156 -0.074
425.0 0.0 0.425 0.183 -0.091
425.0 25.0 0.381 0.129 -0.102
425.0 50.0 0.201 0.090 -0.149
425.0 75.0 0.184 0.083 -0.154
425.0 100.0 0.929 0.412 0.037
450.0 0.0 0.062 0.044 -0.185
450.0 25.0 0.178 0.080 -0.155
450.0 50.0 0.309 0.103 -0.121
450.0 75.0 0.387 0.119 -0.101
450.0 100.0 0.125 0.061 -0.169
475.0 0.0 0.384 0.124 -0.102
475.0 25.0 0.180 0.076 -0.154
475.0 50.0 0.073 0.052 -0.182
475.0 75.0 0.323 0.110 -0.117
475.0 100.0 0.140 0.074 -0.165
500.0 0.0 0.126 0.051 -0.169
500.0 25.0 0.337 0.093 -0.114
500.0 50.0 0.127 0.056 -0.168
500.0 75.0 0.345 0.105 -0.112
525.0 0.0 0.125 0.051 -0.169
525.0 25.0 0.153 0.052 -0.162
525.0 50.0 0.125 0.053 -0.169
550.0 0.0 0.056 0.028 -0.187
550.0 25.0 0.140 0.051 -0.165
575.0 25.0 0.055 0.025 -0.187
#average significance: 0.833
