mC1:mN1:nSig:nSigErr:Zn
#Tag: SR_SS_mumu_2_pre
#multitop: 0.000238 +/- 0.000238 (1)
#Vgamma: 0.015268 +/- 0.010936 (2)
#VVV: 3.488119 +/- 0.228909 (632)
#ttV: 4.906009 +/- 0.187888 (1921)
#singletop: 6.337801 +/- 1.795583 (32)
#Higgs: 20.014418 +/- 4.481653 (196)
#Zjets: 30.911743 +/- 16.623014 (118)
#ttbar: 52.409081 +/- 4.246995 (182)
#Wjets: 75.577828 +/- 16.297410 (307)
#VV: 326.965631 +/- 4.030877 (85579)
#Total BG: 520.626134 +/- 24.486982 (88970)

150.0 0.0 62.894 3.663 0.286
152.5 22.5 58.001 3.302 0.251
162.5 12.5 48.774 2.523 0.186
175.0 0.0 42.919 3.338 0.145
175.0 25.0 38.359 2.797 0.112
177.5 47.5 40.478 2.942 0.127
187.5 12.5 35.146 3.057 0.089
187.5 37.5 27.721 1.942 0.036
190.0 60.0 28.874 2.240 0.044
200.0 0.0 24.306 2.045 0.011
200.0 25.0 21.642 2.097 -0.009
200.0 50.0 28.273 2.748 0.040
202.5 72.5 26.389 2.074 0.026
212.5 12.5 22.086 1.923 -0.005
212.5 37.5 23.053 2.038 0.002
212.5 62.5 19.045 1.736 -0.028
215.0 85.0 18.129 1.457 -0.034
225.0 0.0 17.410 1.857 -0.040
225.0 25.0 15.001 1.566 -0.057
225.0 50.0 17.860 1.712 -0.036
225.0 75.0 17.829 2.181 -0.037
227.5 97.5 14.246 1.595 -0.063
237.5 12.5 15.150 2.143 -0.056
237.5 37.5 15.412 1.545 -0.054
237.5 62.5 13.689 1.456 -0.067
237.5 87.5 13.087 1.225 -0.072
240.0 110.0 15.585 1.575 -0.053
250.0 0.0 14.413 1.979 -0.062
250.0 25.0 11.762 1.471 -0.081
250.0 50.0 10.704 1.524 -0.089
250.0 75.0 12.472 1.525 -0.076
250.0 100.0 13.688 1.864 -0.067
262.5 12.5 9.178 1.114 -0.101
262.5 37.5 9.103 1.254 -0.101
262.5 62.5 11.659 1.365 -0.082
262.5 87.5 8.479 1.242 -0.106
275.0 0.0 9.873 1.429 -0.095
275.0 25.0 7.158 0.997 -0.116
275.0 50.0 9.100 1.088 -0.101
275.0 75.0 9.476 1.381 -0.098
287.5 12.5 7.489 0.937 -0.113
287.5 37.5 6.933 0.951 -0.117
287.5 62.5 8.340 1.436 -0.107
300.0 0.0 5.798 0.814 -0.126
300.0 25.0 7.673 0.959 -0.112
300.0 50.0 7.246 0.863 -0.115
300.0 75.0 7.145 1.171 -0.116
300.0 100.0 6.455 0.791 -0.121
312.5 12.5 5.774 0.764 -0.126
312.5 37.5 5.345 0.682 -0.129
325.0 0.0 5.032 0.752 -0.131
325.0 25.0 4.081 0.708 -0.138
325.0 50.0 4.995 0.683 -0.132
325.0 75.0 4.940 0.555 -0.132
325.0 100.0 4.358 0.618 -0.136
337.5 12.5 3.855 0.465 -0.140
350.0 0.0 3.091 0.544 -0.146
350.0 25.0 3.822 0.462 -0.140
350.0 50.0 3.425 0.459 -0.143
350.0 75.0 3.945 0.512 -0.139
350.0 100.0 3.905 0.507 -0.140
375.0 0.0 2.473 0.436 -0.150
375.0 25.0 2.789 0.407 -0.148
375.0 50.0 2.120 0.291 -0.153
375.0 75.0 2.922 0.502 -0.147
400.0 0.0 1.569 0.311 -0.157
400.0 25.0 1.997 0.359 -0.154
400.0 50.0 2.843 0.533 -0.148
400.0 75.0 3.183 0.495 -0.145
400.0 100.0 2.488 0.448 -0.150
425.0 0.0 1.974 0.484 -0.154
425.0 25.0 1.256 0.241 -0.160
425.0 50.0 2.030 0.335 -0.154
425.0 75.0 2.751 0.910 -0.148
425.0 100.0 1.858 0.416 -0.155
450.0 0.0 1.726 0.271 -0.156
450.0 25.0 1.118 0.207 -0.161
450.0 50.0 1.261 0.239 -0.160
450.0 75.0 1.075 0.210 -0.161
450.0 100.0 1.721 0.342 -0.156
475.0 0.0 1.029 0.193 -0.161
475.0 25.0 1.167 0.262 -0.160
475.0 50.0 1.086 0.203 -0.161
475.0 75.0 0.949 0.173 -0.162
475.0 100.0 1.145 0.189 -0.160
500.0 0.0 0.759 0.188 -0.163
500.0 25.0 0.776 0.140 -0.163
500.0 50.0 0.881 0.142 -0.162
500.0 75.0 0.930 0.165 -0.162
525.0 0.0 0.567 0.103 -0.165
525.0 25.0 0.612 0.110 -0.164
525.0 50.0 0.765 0.144 -0.163
550.0 0.0 0.551 0.095 -0.165
550.0 25.0 0.609 0.181 -0.164
575.0 25.0 0.210 0.050 -0.167
