mC1:mN1:nSig:nSigErr:Zn
#Tag: SR_SS_emu_1_opt
#Zjets: 0.000000 +/- 0.000000 (0)
#multitop: 0.000000 +/- 0.000000 (0)
#Higgs: 0.005658 +/- 0.003414 (3)
#ttV: 0.015861 +/- 0.014204 (12)
#Vgamma: 0.091218 +/- 0.050770 (4)
#singletop: 0.129181 +/- 0.129181 (1)
#VVV: 0.140266 +/- 0.034881 (23)
#ttbar: 0.231236 +/- 0.231236 (1)
#Wjets: 0.707213 +/- 0.503077 (6)
#VV: 1.929387 +/- 0.337846 (344)
#Total BG: 3.250020 +/- 0.664373 (394)

150.0 0.0 2.817 0.660 0.940
152.5 22.5 3.596 0.745 1.224
162.5 12.5 1.982 0.450 0.617
175.0 0.0 3.612 0.855 1.229
175.0 25.0 2.923 0.817 0.980
177.5 47.5 1.465 0.465 0.404
187.5 12.5 1.665 0.467 0.488
187.5 37.5 1.569 0.458 0.447
190.0 60.0 1.739 0.443 0.518
200.0 0.0 3.411 0.665 1.158
200.0 25.0 3.684 0.802 1.255
200.0 50.0 1.603 0.455 0.462
202.5 72.5 1.791 0.473 0.539
212.5 12.5 2.678 0.653 0.888
212.5 37.5 3.158 0.678 1.067
212.5 62.5 1.884 0.472 0.577
215.0 85.0 0.732 0.246 0.082
225.0 0.0 1.181 0.423 0.282
225.0 25.0 1.346 0.432 0.354
225.0 50.0 2.148 0.579 0.683
225.0 75.0 1.303 0.467 0.335
227.5 97.5 0.901 0.328 0.159
237.5 12.5 2.535 0.562 0.834
237.5 37.5 2.151 0.716 0.684
237.5 62.5 1.653 0.464 0.483
237.5 87.5 0.904 0.327 0.160
240.0 110.0 0.796 0.324 0.111
250.0 0.0 1.986 0.660 0.619
250.0 25.0 2.254 0.607 0.725
250.0 50.0 1.915 0.689 0.590
250.0 75.0 1.379 0.440 0.368
250.0 100.0 0.990 0.634 0.199
262.5 12.5 1.198 0.408 0.290
262.5 37.5 1.633 0.518 0.474
262.5 62.5 1.316 0.385 0.341
262.5 87.5 1.209 0.395 0.294
275.0 0.0 0.985 0.348 0.196
275.0 25.0 1.762 0.461 0.528
275.0 50.0 1.684 0.545 0.495
275.0 75.0 1.528 0.426 0.430
287.5 12.5 1.239 0.359 0.307
287.5 37.5 1.589 0.764 0.456
287.5 62.5 1.352 0.444 0.356
300.0 0.0 1.124 0.320 0.258
300.0 25.0 1.215 0.342 0.297
300.0 50.0 1.396 0.350 0.375
300.0 75.0 2.462 0.736 0.806
300.0 100.0 1.270 0.347 0.321
312.5 12.5 0.746 0.212 0.089
312.5 37.5 1.628 0.631 0.472
325.0 0.0 1.308 0.291 0.337
325.0 25.0 0.738 0.214 0.085
325.0 50.0 0.743 0.217 0.088
325.0 75.0 1.151 0.290 0.269
325.0 100.0 0.812 0.238 0.119
337.5 12.5 0.833 0.207 0.128
350.0 0.0 0.936 0.265 0.175
350.0 25.0 0.932 0.214 0.173
350.0 50.0 1.141 0.252 0.265
350.0 75.0 0.927 0.231 0.170
350.0 100.0 0.607 0.153 0.025
375.0 0.0 1.301 0.574 0.334
375.0 25.0 1.093 0.247 0.244
375.0 50.0 0.398 0.118 -0.074
375.0 75.0 0.651 0.158 0.045
400.0 0.0 0.217 0.108 -0.161
400.0 25.0 0.662 0.187 0.050
400.0 50.0 1.021 0.277 0.212
400.0 75.0 0.833 0.213 0.128
400.0 100.0 0.758 0.224 0.094
425.0 0.0 0.277 0.107 -0.131
425.0 25.0 0.537 0.164 -0.008
425.0 50.0 0.282 0.176 -0.129
425.0 75.0 0.554 0.160 0.000
425.0 100.0 0.399 0.127 -0.073
450.0 0.0 0.446 0.136 -0.050
450.0 25.0 0.342 0.119 -0.100
450.0 50.0 0.355 0.128 -0.094
450.0 75.0 0.170 0.083 -0.184
450.0 100.0 0.382 0.112 -0.081
475.0 0.0 0.166 0.071 -0.186
475.0 25.0 0.623 0.177 0.032
475.0 50.0 0.267 0.085 -0.136
475.0 75.0 0.125 0.056 -0.206
475.0 100.0 0.240 0.082 -0.149
500.0 0.0 0.181 0.067 -0.178
500.0 25.0 0.296 0.101 -0.122
500.0 50.0 0.597 0.229 0.020
500.0 75.0 0.222 0.078 -0.158
525.0 0.0 0.286 0.084 -0.127
525.0 25.0 0.223 0.063 -0.157
525.0 50.0 0.168 0.054 -0.185
550.0 0.0 0.247 0.064 -0.146
550.0 25.0 0.226 0.062 -0.156
575.0 25.0 0.349 0.114 -0.097
#average significance: 0.801
