mC1:mN1:nSig:nSigErr:Zn
#Tag: SR_SS_mumu_2_opt
#Zjets: -0.056539 +/- 0.078004 (2)
#multitop: 0.000000 +/- 0.000000 (0)
#Vgamma: 0.000000 +/- 0.000000 (0)
#singletop: 0.109258 +/- 0.109258 (1)
#VVV: 0.241586 +/- 0.078714 (26)
#ttbar: 0.281397 +/- 0.281397 (1)
#ttV: 0.286331 +/- 0.041332 (122)
#Higgs: 0.830180 +/- 0.572651 (18)
#Wjets: 0.832263 +/- 0.565292 (4)
#VV: 6.540150 +/- 0.442527 (1658)
#Total BG: 9.121166 +/- 0.973871 (1832)

150.0 0.0 6.647 1.120 1.302
152.5 22.5 6.969 1.096 1.365
162.5 12.5 7.749 0.955 1.517
175.0 0.0 7.108 1.487 1.393
175.0 25.0 5.722 1.096 1.115
177.5 47.5 4.231 1.196 0.801
187.5 12.5 6.338 0.949 1.240
187.5 37.5 3.994 0.678 0.750
190.0 60.0 5.095 1.358 0.985
200.0 0.0 3.893 0.718 0.728
200.0 25.0 3.927 0.760 0.735
200.0 50.0 2.493 0.593 0.412
202.5 72.5 2.972 0.675 0.522
212.5 12.5 3.508 0.709 0.643
212.5 37.5 3.931 0.753 0.736
212.5 62.5 3.664 0.679 0.677
215.0 85.0 1.773 0.455 0.243
225.0 0.0 4.156 1.000 0.785
225.0 25.0 3.076 0.658 0.546
225.0 50.0 2.947 0.682 0.516
225.0 75.0 3.076 0.810 0.546
227.5 97.5 1.817 0.590 0.253
237.5 12.5 3.443 0.735 0.628
237.5 37.5 4.195 0.854 0.793
237.5 62.5 3.036 0.673 0.537
237.5 87.5 1.655 0.457 0.215
240.0 110.0 3.377 1.019 0.613
250.0 0.0 4.761 1.020 0.915
250.0 25.0 2.619 0.701 0.441
250.0 50.0 2.546 0.675 0.424
250.0 75.0 1.512 0.497 0.180
250.0 100.0 0.883 0.339 0.025
262.5 12.5 1.736 0.522 0.234
262.5 37.5 2.267 0.683 0.360
262.5 62.5 2.280 0.593 0.363
262.5 87.5 1.311 0.440 0.131
275.0 0.0 2.459 0.526 0.404
275.0 25.0 1.712 0.442 0.228
275.0 50.0 2.315 0.571 0.371
275.0 75.0 1.301 0.365 0.129
287.5 12.5 1.797 0.477 0.249
287.5 37.5 1.762 0.466 0.240
287.5 62.5 2.331 0.479 0.375
300.0 0.0 1.861 0.413 0.264
300.0 25.0 2.796 0.683 0.482
300.0 50.0 1.758 0.364 0.239
300.0 75.0 1.853 0.698 0.262
300.0 100.0 1.883 0.414 0.269
312.5 12.5 1.644 0.466 0.212
312.5 37.5 1.335 0.336 0.137
325.0 0.0 1.236 0.527 0.113
325.0 25.0 1.524 0.569 0.183
325.0 50.0 1.287 0.393 0.125
325.0 75.0 1.288 0.289 0.125
325.0 100.0 1.620 0.402 0.206
337.5 12.5 1.392 0.283 0.151
350.0 0.0 0.825 0.225 0.011
350.0 25.0 0.851 0.202 0.017
350.0 50.0 1.214 0.273 0.107
350.0 75.0 1.356 0.308 0.142
350.0 100.0 0.843 0.185 0.015
375.0 0.0 0.842 0.240 0.015
375.0 25.0 0.895 0.256 0.028
375.0 50.0 0.647 0.164 -0.034
375.0 75.0 0.646 0.166 -0.034
400.0 0.0 0.477 0.159 -0.077
400.0 25.0 0.474 0.151 -0.078
400.0 50.0 0.825 0.228 0.011
400.0 75.0 1.007 0.264 0.056
400.0 100.0 0.527 0.181 -0.064
425.0 0.0 0.430 0.131 -0.089
425.0 25.0 0.380 0.121 -0.102
425.0 50.0 0.461 0.148 -0.081
425.0 75.0 0.406 0.131 -0.095
425.0 100.0 0.462 0.182 -0.081
450.0 0.0 0.543 0.133 -0.060
450.0 25.0 0.338 0.107 -0.112
450.0 50.0 0.324 0.113 -0.116
450.0 75.0 0.401 0.127 -0.096
450.0 100.0 0.357 0.147 -0.108
475.0 0.0 0.179 0.068 -0.153
475.0 25.0 0.362 0.129 -0.106
475.0 50.0 0.263 0.098 -0.132
475.0 75.0 0.381 0.105 -0.101
475.0 100.0 0.312 0.105 -0.119
500.0 0.0 0.226 0.091 -0.141
500.0 25.0 0.317 0.091 -0.118
500.0 50.0 0.278 0.078 -0.128
500.0 75.0 0.280 0.080 -0.127
525.0 0.0 0.214 0.064 -0.144
525.0 25.0 0.183 0.059 -0.152
525.0 50.0 0.245 0.069 -0.136
550.0 0.0 0.237 0.061 -0.138
550.0 25.0 0.092 0.039 -0.176
575.0 25.0 0.058 0.026 -0.185
#average significance: 1.119
