364100 7891000 3660959
364101 4917000 2561857
364102 7902000 4507911
364103 5917000 3403337
364104 1969800 1157265
364105 5900600 3823727
364106 4943000 3156280
364107 2954400 1934770
364108 12339300 8385810
364109 1973000 1335526
364110 986000 675545
364111 1971400 1412167
364112 2960500 2147459
364113 988000 786266
364114 7900000 3265401
364115 4940500 2312818
364116 7883600 4073736
364117 5925000 3124452
364118 1972600 1075647
364119 5855000 3536018
364120 4949000 2870028
364121 2962600 1775256
364122 12330900 7843850
364123 1932800 1182834
364124 988900 614503
364125 1976850 1300828
364126 2973000 1941609
364127 988000 704876
364128 7907000 125144
364129 4941000 90649
364130 7890600 176131
364131 5935500 163280
364132 1961200 59730
364133 5912550 243864
364134 4956000 210644
364135 2973000 135715
364136 4932950 308361
364137 1973000 116894
364138 986000 62273
364139 1974950 174402
364140 2944800 250823
364141 980000 126233
364156 24723000 180073
364157 9847000 110853
364158 17226200 201543
364159 14788000 303943
364160 9853800 299280
364161 19639000 706103
364162 9882000 306489
364163 7408000 351138
364164 24585000 1579540
364165 4940000 231997
364166 2958000 210564
364167 2959500 314015
364168 5910500 558932
364169 3959000 653872
364170 24740000 148832
364171 9853500 96245
364172 17242400 167906
364173 14660500 276216
364174 9813400 284592
364175 9801900 331919
364176 9879000 275307
364177 7410000 330226
364178 24677800 1472441
364179 4923800 208107
364180 2963400 194271
364181 2958000 288640
364182 5911800 510940
364183 3947000 605388
364184 24784000 15575
364185 9865600 11644
364186 17273200 20429
364187 14808500 42611
364188 9860000 47750
364189 9857000 55727
364190 9899000 58795
364191 7415000 70869
364192 24595900 331576
364193 4931200 54486
364194 2956400 49699
364195 2954100 82478
364196 5945000 158119
364197 3946000 230893
364198 7429000 310150
364199 1478000 107790
364200 2367000 689037
364201 1085000 324797
364202 593400 225173
364203 247810 101173
364204 7395000 137297
364205 1476000 53178
364206 2370000 529570
364207 1086000 245276
364208 590000 157361
364209 249000 73892
364210 7413000 773
364211 1480400 488
364212 2363400 14444
364213 1083740 9807
364214 592000 10218
364215 243000 7785
410080 198800 88102
304014 200000 76461
407311 49000 32420
407312 50000 35227
407313 49000 33636
407314 48000 28667
407315 59000 21589
410011 4986200 390946
410012 4989800 404953
410015 993200 468368
410016 991600 467336
410025 997800 93082
410026 995400 95105
410000 49386600 10286361
410218 1408800 1105568
410219 1409600 1164395
410220 934300 276034
410155 7492900 1695395
410081 50000 17683
407321 30000 21910
361069 492000 179022
361070 488000 197295
361071 978000 503184
361072 60000 34358
361073 502000 298449
361077 199800 64000
363356 5317000 2327216
363358 5324000 2238202
363359 7083000 160909
363360 7115000 163573
363489 7100000 262641
363490 17825300 7310300
363491 15772084 6007653
363492 14803000 5216236
301535 4985800 1828205
301536 4981400 2077750
301890 499200 17565
301891 250000 21483
301892 249800 30322
301893 499000 20230
301894 249400 24015
301895 249400 36136
301896 498200 3260
301897 249600 5190
301898 249600 9416
301899 500000 145517
301900 246400 118916
301901 250000 158303
301902 498600 163029
301903 249800 139542
301904 249200 179935
301905 499000 10316
301906 249800 11904
301907 249000 23098
341079 478600 259830
341122 1522300 421777
341195 957000 685448
342178 66000 44367
341080 250000 149823
341155 2078800 689056
341206 999400 624117
342189 100000 71624
342284 99400 5643
342285 99200 7067
341270 953800 273827
341271 951800 68953
341177 1913000 1154023
343272 292000 55492
410215 88000 61907
