393820 123000 58355
393821 125000 58999
393822 125000 59385
393823 75000 36081
393824 75000 35840
393825 74000 35438
393826 74000 35815
393827 75000 36243
393828 71000 34126
393829 49000 23729
393830 50000 24398
393831 50000 24293
393832 120000 57897
393833 120000 58785
393834 118000 57583
393835 119000 57991
393836 118000 57517
393837 97000 47603
393838 99000 48622
393839 90000 44324
393840 89000 43725
393841 90000 44023
393842 89000 44149
393843 89000 44172
393844 90000 44370
393845 90000 44430
393846 30000 14686
393847 80000 39885
393848 79000 39323
393849 80000 39559
393850 19000 9258
393851 20000 9868
393852 20000 10001
393853 20000 10124
393854 20000 9973
393855 20000 9991
393856 20000 10145
393857 20000 10054
393858 20000 10078
393859 20000 9995
393860 20000 10110
393861 20000 10049
393862 20000 10109
393863 18000 9177
393864 20000 10043
393865 20000 10105
393866 20000 10129
393867 19000 9576
393868 20000 10111
393869 20000 10117
393870 20000 10225
393871 20000 10158
393872 20000 10050
393873 20000 10250
393874 18000 9133
393875 20000 10194
393876 19000 9722
393877 20000 10122
393878 20000 10145
393879 18000 9252
393880 20000 10262
393881 19000 9747
393882 19000 9837
393883 20000 10159
393884 19000 9673
393885 9000 4612
393886 10000 5208
393887 10000 5138
393888 10000 5090
393889 10000 5138
393890 10000 5141
393891 10000 5097
393892 10000 5139
393893 10000 5150
393894 10000 5060
393895 10000 5038
393896 9000 4579
393897 9000 4604
393898 10000 5199
393899 10000 5082
393900 10000 5072
393901 10000 5038
393902 10000 5155
393903 10000 4980
393904 10000 5024
393905 10000 5059
393906 10000 5103
393907 10000 5099
393908 10000 4986
393909 10000 5095
393910 10000 5161
393911 10000 4933
393912 10000 5100
393913 10000 5084
393914 10000 5063
