392825 MGPy8EG_A14N23LO_C1N2_Slep_200_180_0p95_2L5 1.717 1.2188E-01 0.0
392826 MGPy8EG_A14N23LO_C1N2_Slep_300_280_0p95_2L5 0.3493 1.2740E-01 0.0
392827 MGPy8EG_A14N23LO_C1N2_Slep_400_380_0p95_2L5 0.1047 1.2799E-01 0.0
392828 MGPy8EG_A14N23LO_C1N2_Slep_500_480_0p95_2L5 0.03889 1.3146E-01 0.000257135510414
392829 MGPy8EG_A14N23LO_C1N2_Slep_600_580_0p95_2L5 0.01652 1.3225E-01 0.0
392830 MGPy8EG_A14N23LO_C1N2_Slep_700_680_0p95_2L5 0.007672 1.3192E-01 0.0
392831 MGPy8EG_A14N23LO_C1N2_Slep_700_650_0p95_2L5 0.007681 1.6548E-01 0.0
392832 MGPy8EG_A14N23LO_C1N2_Slep_800_780_0p95_2L5 0.003801 1.3366E-01 0.0
392833 MGPy8EG_A14N23LO_C1N2_Slep_800_750_0p95_2L5 0.003805 1.6523E-01 0.0
392834 MGPy8EG_A14N23LO_C1N2_Slep_900_880_0p95_2L5 0.0019795 1.3520E-01 0.000757767112907
392835 MGPy8EG_A14N23LO_C1N2_Slep_900_850_0p95_2L5 0.00198 1.6819E-01 0.0
392836 MGPy8EG_A14N23LO_C1N2_Slep_1000_980_0p95_2L5 0.00107 1.3134E-01 0.0
392837 MGPy8EG_A14N23LO_C1N2_Slep_1000_950_0p95_2L5 0.001071 1.6366E-01 0.0
392838 MGPy8EG_A14N23LO_C1N2_Slep_200_150_0p95_2L5 1.725 1.6183E-01 0.0
392839 MGPy8EG_A14N23LO_C1N2_Slep_200_100_0p95_2L5 1.721 2.6473E-01 0.0
392840 MGPy8EG_A14N23LO_C1N2_Slep_300_250_0p95_2L5 0.3486 1.6364E-01 0.0
392841 MGPy8EG_A14N23LO_C1N2_Slep_300_200_0p95_2L5 0.348 2.7004E-01 0.0
392842 MGPy8EG_A14N23LO_C1N2_Slep_300_100_0p95_2L5 0.3486 3.5111E-01 0.0
392843 MGPy8EG_A14N23LO_C1N2_Slep_400_350_0p95_2L5 0.1049 1.6346E-01 0.0
392844 MGPy8EG_A14N23LO_C1N2_Slep_400_300_0p95_2L5 0.1051 2.7799E-01 0.0
392845 MGPy8EG_A14N23LO_C1N2_Slep_400_200_0p95_2L5 0.1051 3.5879E-01 0.0
392846 MGPy8EG_A14N23LO_C1N2_Slep_400_100_0p95_2L5 0.1052 3.7697E-01 0.0
392847 MGPy8EG_A14N23LO_C1N2_Slep_500_450_0p95_2L5 0.038915 1.6992E-01 0.000899396119748
392848 MGPy8EG_A14N23LO_C1N2_Slep_500_400_0p95_2L5 0.03895 2.7782E-01 0.000513478818999
392849 MGPy8EG_A14N23LO_C1N2_Slep_500_300_0p95_2L5 0.03892 3.5683E-01 0.000770811921891
392850 MGPy8EG_A14N23LO_C1N2_Slep_500_200_0p95_2L5 0.03892 3.8498E-01 0.00205549845838
392851 MGPy8EG_A14N23LO_C1N2_Slep_500_100_0p95_2L5 0.038915 3.9275E-01 0.00064242579982
392852 MGPy8EG_A14N23LO_C1N2_Slep_500_0_0p95_2L5 0.038935 4.0139E-01 0.000642095800693
392853 MGPy8EG_A14N23LO_C1N2_Slep_600_550_0p95_2L5 0.01652 1.6716E-01 0.0
392854 MGPy8EG_A14N23LO_C1N2_Slep_600_500_0p95_2L5 0.01656 2.7010E-01 0.0
392855 MGPy8EG_A14N23LO_C1N2_Slep_600_400_0p95_2L5 0.01655 3.6481E-01 0.0
392856 MGPy8EG_A14N23LO_C1N2_Slep_600_300_0p95_2L5 0.01655 3.8459E-01 0.0
392857 MGPy8EG_A14N23LO_C1N2_Slep_600_200_0p95_2L5 0.01655 4.0155E-01 0.0
392858 MGPy8EG_A14N23LO_C1N2_Slep_600_100_0p95_2L5 0.01653 4.0223E-01 0.0
392859 MGPy8EG_A14N23LO_C1N2_Slep_600_0_0p95_2L5 0.01653 3.9412E-01 0.0
392860 MGPy8EG_A14N23LO_C1N2_Slep_700_600_0p95_2L5 0.007674 2.7432E-01 0.0
392861 MGPy8EG_A14N23LO_C1N2_Slep_700_500_0p95_2L5 0.007681 3.5918E-01 0.0
392862 MGPy8EG_A14N23LO_C1N2_Slep_700_400_0p95_2L5 0.007677 3.8928E-01 0.0
392863 MGPy8EG_A14N23LO_C1N2_Slep_700_300_0p95_2L5 0.007681 3.9074E-01 0.0
392864 MGPy8EG_A14N23LO_C1N2_Slep_700_200_0p95_2L5 0.007677 4.0099E-01 0.0
392865 MGPy8EG_A14N23LO_C1N2_Slep_700_100_0p95_2L5 0.007681 4.1291E-01 0.0
392866 MGPy8EG_A14N23LO_C1N2_Slep_700_0_0p95_2L5 0.007684 4.0442E-01 0.0
392867 MGPy8EG_A14N23LO_C1N2_Slep_800_700_0p95_2L5 0.003809 2.7163E-01 0.0
392868 MGPy8EG_A14N23LO_C1N2_Slep_800_600_0p95_2L5 0.003803 3.6726E-01 0.0
392869 MGPy8EG_A14N23LO_C1N2_Slep_800_400_0p95_2L5 0.003803 3.9949E-01 0.0
392870 MGPy8EG_A14N23LO_C1N2_Slep_800_200_0p95_2L5 0.003806 4.0579E-01 0.0
392871 MGPy8EG_A14N23LO_C1N2_Slep_800_0_0p95_2L5 0.003801 4.0943E-01 0.0
392872 MGPy8EG_A14N23LO_C1N2_Slep_900_800_0p95_2L5 0.0019805 2.7495E-01 0.00126230749811
392873 MGPy8EG_A14N23LO_C1N2_Slep_900_700_0p95_2L5 0.0019805 3.7032E-01 0.000757384498864
392874 MGPy8EG_A14N23LO_C1N2_Slep_900_600_0p95_2L5 0.001981 3.8192E-01 0.0015143866734
392875 MGPy8EG_A14N23LO_C1N2_Slep_900_500_0p95_2L5 0.001981 3.9453E-01 0.0010095911156
392876 MGPy8EG_A14N23LO_C1N2_Slep_900_400_0p95_2L5 0.001981 3.9508E-01 0.0015143866734
392877 MGPy8EG_A14N23LO_C1N2_Slep_900_300_0p95_2L5 0.001981 4.0554E-01 0.000504795557799
392878 MGPy8EG_A14N23LO_C1N2_Slep_900_200_0p95_2L5 0.001981 4.0282E-01 0.0020191822312
392879 MGPy8EG_A14N23LO_C1N2_Slep_900_100_0p95_2L5 0.0019805 4.0603E-01 0.00126230749811
392880 MGPy8EG_A14N23LO_C1N2_Slep_900_0_0p95_2L5 0.00198 4.1012E-01 0.00151515151515
392881 MGPy8EG_A14N23LO_C1N2_Slep_1000_900_0p95_2L5 0.001071 2.7031E-01 0.0
392882 MGPy8EG_A14N23LO_C1N2_Slep_1000_800_0p95_2L5 0.001072 3.7473E-01 0.0
392883 MGPy8EG_A14N23LO_C1N2_Slep_1000_700_0p95_2L5 0.001072 3.8252E-01 0.0
392884 MGPy8EG_A14N23LO_C1N2_Slep_1000_600_0p95_2L5 0.001072 4.0299E-01 0.0
392885 MGPy8EG_A14N23LO_C1N2_Slep_1000_500_0p95_2L5 0.001072 4.0594E-01 0.0
392886 MGPy8EG_A14N23LO_C1N2_Slep_1000_400_0p95_2L5 0.001072 4.0451E-01 0.0
392887 MGPy8EG_A14N23LO_C1N2_Slep_1000_300_0p95_2L5 0.001072 4.0040E-01 0.0
392888 MGPy8EG_A14N23LO_C1N2_Slep_1000_200_0p95_2L5 0.001072 4.0376E-01 0.0
392889 MGPy8EG_A14N23LO_C1N2_Slep_1000_100_0p95_2L5 0.001072 4.0958E-01 0.0
392890 MGPy8EG_A14N23LO_C1N2_Slep_1000_0_0p95_2L5 0.001072 4.1059E-01 0.0
