mC1:mN1:nSig:nSigErr:Zn
#Tag: SR_SS_emu_1_opt
#Zjets: 0.000000 +/- 0.000000 (0)
#multitop: 0.000000 +/- 0.000000 (0)
#Higgs: 0.005862 +/- 0.003493 (3)
#ttV: 0.044381 +/- 0.015035 (13)
#Wjets: 0.076797 +/- 0.061863 (3)
#singletop: 0.108644 +/- 0.108644 (1)
#Vgamma: 0.181268 +/- 0.157284 (3)
#VVV: 0.188112 +/- 0.046975 (24)
#ttbar: 0.255477 +/- 0.255477 (1)
#VV: 2.495253 +/- 0.370515 (425)
#Total BG: 3.355795 +/- 0.495342 (473)

150.0 0.0 2.851 0.674 0.983
152.5 22.5 4.480 0.818 1.569
162.5 12.5 3.478 0.643 1.216
175.0 0.0 4.495 0.912 1.574
175.0 25.0 3.299 0.791 1.151
177.5 47.5 1.269 0.387 0.341
187.5 12.5 2.787 0.580 0.959
187.5 37.5 1.979 0.494 0.640
190.0 60.0 2.492 0.557 0.845
200.0 0.0 3.488 0.712 1.220
200.0 25.0 3.883 0.771 1.361
200.0 50.0 1.942 0.510 0.625
202.5 72.5 1.862 0.483 0.592
212.5 12.5 2.961 0.634 1.025
212.5 37.5 3.691 0.725 1.293
212.5 62.5 2.147 0.497 0.708
215.0 85.0 1.461 0.360 0.424
225.0 0.0 1.901 0.513 0.608
225.0 25.0 3.119 1.269 1.084
225.0 50.0 1.816 0.490 0.573
225.0 75.0 2.087 0.612 0.684
227.5 97.5 1.380 0.407 0.389
237.5 12.5 2.601 0.564 0.887
237.5 37.5 2.701 0.737 0.926
237.5 62.5 1.549 0.425 0.461
237.5 87.5 0.956 0.325 0.203
240.0 110.0 0.966 0.308 0.207
250.0 0.0 2.261 0.688 0.754
250.0 25.0 2.879 0.877 0.994
250.0 50.0 1.991 0.692 0.645
250.0 75.0 2.240 0.568 0.746
250.0 100.0 0.503 0.253 -0.006
262.5 12.5 2.059 0.530 0.672
262.5 37.5 1.944 0.549 0.626
262.5 62.5 1.797 0.457 0.565
262.5 87.5 1.126 0.370 0.278
275.0 0.0 1.682 0.453 0.517
275.0 25.0 1.672 0.433 0.513
275.0 50.0 1.726 0.539 0.536
275.0 75.0 1.504 0.399 0.442
287.5 12.5 1.702 0.432 0.526
287.5 37.5 1.941 0.784 0.624
287.5 62.5 1.518 0.459 0.448
300.0 0.0 1.349 0.404 0.376
300.0 25.0 1.051 0.302 0.245
300.0 50.0 1.913 0.413 0.613
300.0 75.0 2.153 0.650 0.710
300.0 100.0 1.333 0.338 0.369
312.5 12.5 0.717 0.221 0.094
312.5 37.5 1.993 0.659 0.646
325.0 0.0 1.636 0.327 0.498
325.0 25.0 0.881 0.227 0.169
325.0 50.0 1.036 0.298 0.238
325.0 75.0 1.418 0.315 0.406
325.0 100.0 1.213 0.324 0.317
337.5 12.5 1.182 0.248 0.303
350.0 0.0 0.870 0.258 0.164
350.0 25.0 0.942 0.207 0.196
350.0 50.0 1.105 0.237 0.269
350.0 75.0 0.840 0.201 0.150
350.0 100.0 0.687 0.163 0.080
375.0 0.0 1.257 0.573 0.336
375.0 25.0 1.073 0.242 0.255
375.0 50.0 0.503 0.135 -0.006
375.0 75.0 0.649 0.157 0.062
400.0 0.0 0.266 0.119 -0.120
400.0 25.0 0.752 0.205 0.110
400.0 50.0 0.867 0.261 0.162
400.0 75.0 0.871 0.216 0.164
400.0 100.0 0.796 0.227 0.130
425.0 0.0 0.242 0.101 -0.132
425.0 25.0 0.838 0.231 0.149
425.0 50.0 0.185 0.098 -0.159
425.0 75.0 0.467 0.147 -0.023
425.0 100.0 0.315 0.112 -0.096
450.0 0.0 0.469 0.136 -0.023
450.0 25.0 0.380 0.125 -0.065
450.0 50.0 0.486 0.144 -0.014
450.0 75.0 0.261 0.107 -0.122
450.0 100.0 0.480 0.126 -0.017
475.0 0.0 0.143 0.059 -0.180
475.0 25.0 0.746 0.186 0.107
475.0 50.0 0.307 0.089 -0.100
475.0 75.0 0.155 0.064 -0.175
475.0 100.0 0.303 0.094 -0.102
500.0 0.0 0.398 0.119 -0.056
500.0 25.0 0.275 0.099 -0.116
500.0 50.0 0.676 0.233 0.075
500.0 75.0 0.216 0.076 -0.144
525.0 0.0 0.309 0.087 -0.099
525.0 25.0 0.294 0.072 -0.106
525.0 50.0 0.240 0.065 -0.132
550.0 0.0 0.288 0.069 -0.109
550.0 25.0 0.226 0.062 -0.140
575.0 25.0 0.402 0.131 -0.054
