mC1:mN1:nSig:nSigErr:Zn
#Tag: SR_SS_ee_2_opt
#Wjets: -0.079334 +/- 0.357300 (3)
#Zjets: 0.000000 +/- 0.000000 (0)
#multitop: 0.000000 +/- 0.000000 (0)
#singletop: 0.161341 +/- 0.161341 (1)
#VVV: 0.179405 +/- 0.047530 (26)
#ttV: 0.213028 +/- 0.034466 (87)
#Higgs: 0.532657 +/- 0.523089 (13)
#Vgamma: 1.020866 +/- 0.491290 (7)
#ttbar: 1.275492 +/- 0.650886 (4)
#VV: 4.831508 +/- 0.477421 (1038)
#Total BG: 8.214297 +/- 1.150527 (1179)

150.0 0.0 5.029 0.996 1.012
152.5 22.5 3.822 0.772 0.744
162.5 12.5 5.538 0.964 1.122
175.0 0.0 3.253 0.919 0.612
175.0 25.0 1.771 0.477 0.254
177.5 47.5 2.862 0.847 0.520
187.5 12.5 2.282 0.469 0.380
187.5 37.5 1.536 0.391 0.195
190.0 60.0 1.399 0.389 0.160
200.0 0.0 2.531 0.805 0.441
200.0 25.0 3.404 0.745 0.647
200.0 50.0 2.527 0.607 0.440
202.5 72.5 2.412 1.007 0.412
212.5 12.5 2.393 0.650 0.407
212.5 37.5 1.065 0.316 0.074
212.5 62.5 1.568 0.387 0.203
215.0 85.0 1.347 0.389 0.147
225.0 0.0 2.083 0.575 0.332
225.0 25.0 2.492 0.696 0.431
225.0 50.0 1.423 0.462 0.166
225.0 75.0 0.878 0.333 0.025
227.5 97.5 1.070 0.397 0.075
237.5 12.5 1.027 0.360 0.064
237.5 37.5 1.942 0.517 0.297
237.5 62.5 1.357 0.458 0.149
237.5 87.5 1.323 0.447 0.141
240.0 110.0 0.453 0.203 -0.087
250.0 0.0 2.051 0.801 0.324
250.0 25.0 1.821 0.533 0.267
250.0 50.0 0.508 0.254 -0.073
250.0 75.0 0.952 0.527 0.045
250.0 100.0 1.262 0.458 0.125
262.5 12.5 1.581 0.462 0.206
262.5 37.5 1.981 0.657 0.306
262.5 62.5 0.657 0.269 -0.033
262.5 87.5 1.412 0.471 0.163
275.0 0.0 1.013 0.347 0.061
275.0 25.0 0.767 0.327 -0.004
275.0 50.0 2.248 0.587 0.372
275.0 75.0 1.193 0.375 0.107
287.5 12.5 1.382 0.350 0.156
287.5 37.5 1.462 0.413 0.176
287.5 62.5 0.546 0.224 -0.063
300.0 0.0 0.771 0.262 -0.003
300.0 25.0 0.981 0.290 0.052
300.0 50.0 0.966 0.429 0.048
300.0 75.0 0.944 0.281 0.043
300.0 100.0 0.994 0.302 0.056
312.5 12.5 1.773 0.469 0.255
312.5 37.5 0.730 0.270 -0.014
325.0 0.0 0.658 0.227 -0.033
325.0 25.0 0.962 0.288 0.047
325.0 50.0 0.705 0.198 -0.020
325.0 75.0 0.829 0.222 0.012
325.0 100.0 0.966 0.261 0.048
337.5 12.5 0.582 0.171 -0.053
350.0 0.0 0.592 0.169 -0.050
350.0 25.0 0.812 0.188 0.008
350.0 50.0 0.471 0.143 -0.082
350.0 75.0 0.414 0.153 -0.098
350.0 100.0 0.331 0.118 -0.120
375.0 0.0 0.751 0.247 -0.008
375.0 25.0 0.463 0.137 -0.085
375.0 50.0 0.528 0.175 -0.067
375.0 75.0 0.415 0.129 -0.097
400.0 0.0 0.645 0.211 -0.036
400.0 25.0 0.463 0.157 -0.085
400.0 50.0 1.002 0.519 0.058
400.0 75.0 0.331 0.138 -0.120
400.0 100.0 0.251 0.128 -0.142
425.0 0.0 0.324 0.133 -0.122
425.0 25.0 0.247 0.156 -0.143
425.0 50.0 0.242 0.109 -0.144
425.0 75.0 0.312 0.123 -0.125
425.0 100.0 0.144 0.072 -0.171
450.0 0.0 0.284 0.131 -0.133
450.0 25.0 0.339 0.115 -0.118
450.0 50.0 0.304 0.101 -0.128
450.0 75.0 0.324 0.106 -0.122
450.0 100.0 0.239 0.094 -0.145
475.0 0.0 0.193 0.074 -0.158
475.0 25.0 0.109 0.056 -0.181
475.0 50.0 0.099 0.050 -0.183
475.0 75.0 0.274 0.089 -0.136
475.0 100.0 0.183 0.081 -0.160
500.0 0.0 0.100 0.053 -0.183
500.0 25.0 0.157 0.060 -0.168
500.0 50.0 0.171 0.067 -0.164
500.0 75.0 0.334 0.103 -0.119
525.0 0.0 0.068 0.034 -0.192
525.0 25.0 0.071 0.036 -0.191
525.0 50.0 0.103 0.042 -0.182
550.0 0.0 0.160 0.056 -0.167
550.0 25.0 0.124 0.053 -0.177
575.0 25.0 0.059 0.026 -0.194
#average significance: 0.544
