mC1:mN1:nSig:nSigErr:Zn
#Tag: SR_SS_emu_2_opt
#Zjets: 0.000000 +/- 0.000000 (0)
#multitop: 0.000000 +/- 0.000000 (0)
#Higgs: 0.032523 +/- 0.015380 (19)
#Vgamma: 0.068115 +/- 0.049238 (2)
#Wjets: 0.094060 +/- 0.094060 (1)
#VVV: 0.151974 +/- 0.038502 (25)
#ttbar: 0.263278 +/- 0.263278 (1)
#ttV: 0.289540 +/- 0.046795 (103)
#singletop: 0.416387 +/- 0.416387 (1)
#VV: 3.080695 +/- 0.314611 (694)
#Total BG: 4.396573 +/- 0.597372 (846)

150.0 0.0 4.678 1.325 1.418
152.5 22.5 3.854 0.758 1.163
162.5 12.5 3.248 0.641 0.968
175.0 0.0 4.800 0.833 1.455
175.0 25.0 5.023 0.896 1.521
177.5 47.5 4.533 1.275 1.374
187.5 12.5 4.594 0.706 1.393
187.5 37.5 3.034 0.740 0.897
190.0 60.0 1.971 0.539 0.531
200.0 0.0 3.574 0.746 1.074
200.0 25.0 3.524 0.673 1.058
200.0 50.0 3.446 0.740 1.032
202.5 72.5 3.026 0.838 0.895
212.5 12.5 2.588 0.590 0.747
212.5 37.5 3.967 1.067 1.199
212.5 62.5 2.452 0.490 0.700
215.0 85.0 1.659 0.394 0.418
225.0 0.0 4.071 0.953 1.231
225.0 25.0 2.191 0.584 0.609
225.0 50.0 3.261 0.650 0.972
225.0 75.0 1.760 0.544 0.455
227.5 97.5 1.115 0.481 0.215
237.5 12.5 3.441 0.691 1.031
237.5 37.5 2.996 0.735 0.885
237.5 62.5 2.109 0.493 0.580
237.5 87.5 2.872 0.610 0.843
240.0 110.0 0.719 0.275 0.061
250.0 0.0 2.938 0.733 0.865
250.0 25.0 1.308 0.427 0.288
250.0 50.0 1.371 0.445 0.312
250.0 75.0 1.730 0.482 0.444
250.0 100.0 1.283 0.419 0.279
262.5 12.5 3.905 1.636 1.179
262.5 37.5 3.204 0.707 0.954
262.5 62.5 1.596 0.459 0.395
262.5 87.5 1.788 0.536 0.465
275.0 0.0 1.775 0.427 0.461
275.0 25.0 1.950 0.472 0.524
275.0 50.0 2.066 0.506 0.565
275.0 75.0 1.396 0.389 0.321
287.5 12.5 2.001 0.423 0.542
287.5 37.5 2.154 0.576 0.596
287.5 62.5 2.594 0.874 0.749
300.0 0.0 1.923 0.395 0.514
300.0 25.0 2.171 0.488 0.602
300.0 50.0 2.010 0.455 0.545
300.0 75.0 1.696 0.393 0.432
300.0 100.0 1.893 0.671 0.503
312.5 12.5 1.699 0.357 0.433
312.5 37.5 1.379 0.333 0.315
325.0 0.0 1.138 0.303 0.224
325.0 25.0 1.286 0.291 0.280
325.0 50.0 1.607 0.417 0.399
325.0 75.0 1.231 0.349 0.259
325.0 100.0 1.166 0.276 0.234
337.5 12.5 1.578 0.290 0.388
350.0 0.0 1.544 0.460 0.376
350.0 25.0 1.525 0.279 0.369
350.0 50.0 1.164 0.243 0.234
350.0 75.0 0.966 0.238 0.157
350.0 100.0 0.789 0.226 0.088
375.0 0.0 1.087 0.450 0.204
375.0 25.0 0.690 0.168 0.049
375.0 50.0 0.722 0.178 0.062
375.0 75.0 0.770 0.169 0.081
400.0 0.0 0.860 0.218 0.116
400.0 25.0 0.633 0.186 0.027
400.0 50.0 1.369 0.282 0.311
400.0 75.0 0.570 0.175 0.001
400.0 100.0 0.712 0.185 0.058
425.0 0.0 0.669 0.215 0.041
425.0 25.0 0.537 0.186 -0.012
425.0 50.0 0.981 0.414 0.163
425.0 75.0 0.379 0.129 -0.076
425.0 100.0 0.363 0.117 -0.082
450.0 0.0 0.473 0.126 -0.038
450.0 25.0 0.296 0.108 -0.110
450.0 50.0 0.658 0.182 0.037
450.0 75.0 0.641 0.205 0.030
450.0 100.0 0.632 0.170 0.026
475.0 0.0 0.484 0.119 -0.033
475.0 25.0 0.457 0.120 -0.044
475.0 50.0 0.338 0.092 -0.093
475.0 75.0 0.478 0.118 -0.036
475.0 100.0 0.508 0.114 -0.023
500.0 0.0 0.291 0.099 -0.112
500.0 25.0 0.345 0.087 -0.090
500.0 50.0 0.375 0.093 -0.077
500.0 75.0 0.224 0.080 -0.140
525.0 0.0 0.316 0.088 -0.102
525.0 25.0 0.229 0.062 -0.138
525.0 50.0 0.339 0.081 -0.092
550.0 0.0 0.242 0.060 -0.132
550.0 25.0 0.174 0.052 -0.160
575.0 25.0 0.297 0.066 -0.109
#average significance: 1.179
