mC1:mN1:nSig:nSigErr:Zn
#Tag: SR_SS_mumu_2_opt
#Zjets: 0.000000 +/- 0.000000 (0)
#multitop: 0.000000 +/- 0.000000 (0)
#Vgamma: 0.000000 +/- 0.000000 (0)
#Wjets: 0.101438 +/- 0.101438 (1)
#singletop: 0.109258 +/- 0.109258 (1)
#ttV: 0.223543 +/- 0.041937 (108)
#VVV: 0.250317 +/- 0.081020 (26)
#Higgs: 0.416094 +/- 0.393216 (15)
#ttbar: 0.518507 +/- 0.366735 (2)
#VV: 7.824568 +/- 0.471359 (1984)
#Total BG: 9.443725 +/- 0.736100 (2137)

150.0 0.0 6.158 1.056 1.202
152.5 22.5 6.056 0.931 1.182
162.5 12.5 7.280 0.923 1.425
175.0 0.0 5.985 1.425 1.167
175.0 25.0 4.775 0.911 0.917
177.5 47.5 4.506 0.853 0.860
187.5 12.5 5.333 0.864 1.034
187.5 37.5 3.499 0.637 0.641
190.0 60.0 3.446 0.605 0.629
200.0 0.0 3.319 0.706 0.601
200.0 25.0 3.390 0.719 0.617
200.0 50.0 2.600 0.615 0.438
202.5 72.5 2.346 0.539 0.380
212.5 12.5 2.691 0.628 0.459
212.5 37.5 3.468 0.790 0.634
212.5 62.5 3.016 0.593 0.533
215.0 85.0 1.960 0.503 0.289
225.0 0.0 3.687 0.944 0.682
225.0 25.0 1.992 0.525 0.297
225.0 50.0 2.499 0.547 0.415
225.0 75.0 2.073 0.657 0.316
227.5 97.5 1.579 0.541 0.199
237.5 12.5 3.109 0.705 0.554
237.5 37.5 2.830 0.615 0.491
237.5 62.5 2.715 0.605 0.465
237.5 87.5 1.702 0.450 0.228
240.0 110.0 3.208 1.063 0.576
250.0 0.0 3.999 0.971 0.751
250.0 25.0 1.929 0.544 0.282
250.0 50.0 3.122 1.059 0.557
250.0 75.0 1.374 0.477 0.150
250.0 100.0 0.878 0.337 0.028
262.5 12.5 1.278 0.430 0.126
262.5 37.5 1.961 0.646 0.290
262.5 62.5 2.507 0.650 0.417
262.5 87.5 1.114 0.384 0.086
275.0 0.0 1.856 0.476 0.265
275.0 25.0 2.031 0.469 0.306
275.0 50.0 1.994 0.479 0.298
275.0 75.0 1.223 0.425 0.113
287.5 12.5 1.263 0.360 0.123
287.5 37.5 1.436 0.418 0.165
287.5 62.5 1.984 0.430 0.295
300.0 0.0 1.632 0.392 0.212
300.0 25.0 2.318 0.630 0.373
300.0 50.0 1.564 0.347 0.195
300.0 75.0 1.870 0.700 0.268
300.0 100.0 1.428 0.374 0.163
312.5 12.5 1.552 0.456 0.193
312.5 37.5 1.127 0.323 0.089
325.0 0.0 1.101 0.521 0.083
325.0 25.0 1.470 0.567 0.173
325.0 50.0 1.287 0.398 0.128
325.0 75.0 1.217 0.279 0.112
325.0 100.0 1.210 0.371 0.110
337.5 12.5 0.933 0.234 0.042
350.0 0.0 0.686 0.199 -0.019
350.0 25.0 0.721 0.186 -0.011
350.0 50.0 1.209 0.286 0.110
350.0 75.0 1.043 0.267 0.069
350.0 100.0 0.521 0.146 -0.061
375.0 0.0 0.558 0.203 -0.051
375.0 25.0 0.698 0.243 -0.016
375.0 50.0 0.516 0.150 -0.062
375.0 75.0 0.649 0.167 -0.029
400.0 0.0 0.423 0.150 -0.086
400.0 25.0 0.429 0.144 -0.084
400.0 50.0 0.732 0.228 -0.008
400.0 75.0 0.835 0.245 0.018
400.0 100.0 0.473 0.171 -0.073
425.0 0.0 0.291 0.103 -0.119
425.0 25.0 0.262 0.100 -0.126
425.0 50.0 0.401 0.144 -0.091
425.0 75.0 0.237 0.098 -0.133
425.0 100.0 0.813 0.316 0.012
450.0 0.0 0.514 0.129 -0.063
450.0 25.0 0.243 0.092 -0.131
450.0 50.0 0.255 0.102 -0.128
450.0 75.0 0.188 0.089 -0.145
450.0 100.0 0.237 0.114 -0.133
475.0 0.0 0.075 0.044 -0.174
475.0 25.0 0.362 0.129 -0.101
475.0 50.0 0.243 0.091 -0.131
475.0 75.0 0.333 0.099 -0.108
475.0 100.0 0.275 0.103 -0.123
500.0 0.0 0.191 0.087 -0.145
500.0 25.0 0.290 0.087 -0.119
500.0 50.0 0.232 0.070 -0.134
500.0 75.0 0.280 0.080 -0.122
525.0 0.0 0.195 0.061 -0.144
525.0 25.0 0.169 0.057 -0.150
525.0 50.0 0.223 0.066 -0.136
550.0 0.0 0.159 0.049 -0.153
550.0 25.0 0.054 0.027 -0.180
575.0 25.0 0.045 0.022 -0.182
#average significance: 0.966
