mC1:mN1:nSig:nSigErr:Zn
#Tag: SR_SS_mumu_2_opt
#Zjets: -0.056539 +/- 0.078004 (2)
#multitop: 0.000000 +/- 0.000000 (0)
#Vgamma: 0.000000 +/- 0.000000 (0)
#singletop: 0.109258 +/- 0.109258 (1)
#VVV: 0.241586 +/- 0.078714 (26)
#ttV: 0.278089 +/- 0.040917 (120)
#ttbar: 0.281397 +/- 0.281397 (1)
#Higgs: 0.830180 +/- 0.572651 (18)
#Wjets: 0.832263 +/- 0.565292 (4)
#VV: 6.423533 +/- 0.435934 (1638)
#Total BG: 8.996307 +/- 0.970875 (1810)

150.0 0.0 6.647 1.120 1.313
152.5 22.5 6.969 1.096 1.377
162.5 12.5 7.749 0.955 1.529
175.0 0.0 6.981 1.481 1.379
175.0 25.0 5.722 1.096 1.125
177.5 47.5 4.231 1.196 0.809
187.5 12.5 6.338 0.949 1.250
187.5 37.5 3.994 0.678 0.757
190.0 60.0 5.008 1.355 0.976
200.0 0.0 3.893 0.718 0.735
200.0 25.0 3.927 0.760 0.742
200.0 50.0 2.493 0.593 0.417
202.5 72.5 2.826 0.659 0.494
212.5 12.5 3.508 0.709 0.649
212.5 37.5 3.834 0.747 0.722
212.5 62.5 3.550 0.669 0.658
215.0 85.0 1.773 0.455 0.246
225.0 0.0 4.028 0.991 0.764
225.0 25.0 3.076 0.658 0.551
225.0 50.0 2.947 0.682 0.522
225.0 75.0 3.076 0.810 0.551
227.5 97.5 1.817 0.590 0.257
237.5 12.5 3.443 0.735 0.634
237.5 37.5 3.757 0.733 0.705
237.5 62.5 3.036 0.673 0.542
237.5 87.5 1.655 0.457 0.218
240.0 110.0 3.377 1.019 0.620
250.0 0.0 4.761 1.020 0.923
250.0 25.0 2.619 0.701 0.446
250.0 50.0 2.546 0.675 0.429
250.0 75.0 1.512 0.497 0.183
250.0 100.0 0.883 0.339 0.027
262.5 12.5 1.736 0.522 0.237
262.5 37.5 2.267 0.683 0.364
262.5 62.5 2.280 0.593 0.367
262.5 87.5 1.311 0.440 0.133
275.0 0.0 2.459 0.526 0.409
275.0 25.0 1.712 0.442 0.231
275.0 50.0 2.315 0.571 0.375
275.0 75.0 1.301 0.365 0.131
287.5 12.5 1.797 0.477 0.252
287.5 37.5 1.762 0.466 0.243
287.5 62.5 2.331 0.479 0.379
300.0 0.0 1.861 0.413 0.267
300.0 25.0 2.796 0.683 0.487
300.0 50.0 1.758 0.364 0.242
300.0 75.0 1.853 0.698 0.265
300.0 100.0 1.883 0.414 0.273
312.5 12.5 1.644 0.466 0.215
312.5 37.5 1.335 0.336 0.139
325.0 0.0 1.236 0.527 0.115
325.0 25.0 1.524 0.569 0.186
325.0 50.0 1.287 0.393 0.127
325.0 75.0 1.288 0.289 0.128
325.0 100.0 1.620 0.402 0.209
337.5 12.5 1.392 0.283 0.153
350.0 0.0 0.825 0.225 0.012
350.0 25.0 0.851 0.202 0.019
350.0 50.0 1.178 0.271 0.101
350.0 75.0 1.356 0.308 0.144
350.0 100.0 0.843 0.185 0.017
375.0 0.0 0.842 0.240 0.016
375.0 25.0 0.895 0.256 0.030
375.0 50.0 0.647 0.164 -0.033
375.0 75.0 0.646 0.166 -0.033
400.0 0.0 0.477 0.159 -0.076
400.0 25.0 0.474 0.151 -0.077
400.0 50.0 0.825 0.228 0.012
400.0 75.0 1.007 0.264 0.058
400.0 100.0 0.527 0.181 -0.064
425.0 0.0 0.430 0.131 -0.088
425.0 25.0 0.380 0.121 -0.101
425.0 50.0 0.461 0.148 -0.081
425.0 75.0 0.406 0.131 -0.095
425.0 100.0 0.462 0.182 -0.080
450.0 0.0 0.543 0.133 -0.059
450.0 25.0 0.304 0.101 -0.121
450.0 50.0 0.324 0.113 -0.116
450.0 75.0 0.401 0.127 -0.096
450.0 100.0 0.357 0.147 -0.107
475.0 0.0 0.179 0.068 -0.153
475.0 25.0 0.362 0.129 -0.106
475.0 50.0 0.263 0.098 -0.132
475.0 75.0 0.381 0.105 -0.101
475.0 100.0 0.312 0.105 -0.119
500.0 0.0 0.226 0.091 -0.141
500.0 25.0 0.317 0.091 -0.118
500.0 50.0 0.278 0.078 -0.128
500.0 75.0 0.280 0.080 -0.127
525.0 0.0 0.214 0.064 -0.144
525.0 25.0 0.183 0.059 -0.152
525.0 50.0 0.245 0.069 -0.136
550.0 0.0 0.237 0.061 -0.138
550.0 25.0 0.092 0.039 -0.176
575.0 25.0 0.058 0.026 -0.185
#average significance: 1.125
