mC1:mN1:nSig:nSigErr:Zn
#Tag: SR_SS_emu_2_opt
#Zjets: 0.000000 +/- 0.000000 (0)
#multitop: 0.000000 +/- 0.000000 (0)
#Higgs: 0.020732 +/- 0.008282 (19)
#Vgamma: 0.041288 +/- 0.041288 (1)
#Wjets: 0.094060 +/- 0.094060 (1)
#VVV: 0.189989 +/- 0.047264 (28)
#ttbar: 0.263278 +/- 0.263278 (1)
#ttV: 0.321068 +/- 0.048617 (106)
#singletop: 0.416387 +/- 0.416387 (1)
#VV: 2.361964 +/- 0.273621 (559)
#Total BG: 3.708766 +/- 0.576871 (716)

150.0 0.0 4.698 1.328 1.546
152.5 22.5 3.700 0.751 1.216
162.5 12.5 3.207 0.643 1.045
175.0 0.0 4.190 0.796 1.380
175.0 25.0 3.910 0.749 1.287
177.5 47.5 4.985 1.304 1.638
187.5 12.5 4.935 0.753 1.622
187.5 37.5 3.319 0.769 1.084
190.0 60.0 1.723 0.475 0.492
200.0 0.0 3.414 0.729 1.117
200.0 25.0 3.874 0.729 1.275
200.0 50.0 3.063 0.680 0.994
202.5 72.5 3.548 0.885 1.164
212.5 12.5 2.608 0.596 0.829
212.5 37.5 3.964 1.067 1.305
212.5 62.5 2.400 0.490 0.752
215.0 85.0 1.517 0.361 0.410
225.0 0.0 4.748 1.022 1.562
225.0 25.0 2.178 0.582 0.668
225.0 50.0 2.908 0.599 0.938
225.0 75.0 1.623 0.527 0.453
227.5 97.5 1.443 0.583 0.380
237.5 12.5 3.177 0.647 1.034
237.5 37.5 2.918 0.717 0.942
237.5 62.5 1.798 0.431 0.522
237.5 87.5 2.473 0.558 0.779
240.0 110.0 0.621 0.257 0.034
250.0 0.0 3.063 0.744 0.994
250.0 25.0 1.206 0.415 0.284
250.0 50.0 1.390 0.493 0.359
250.0 75.0 1.736 0.484 0.498
250.0 100.0 1.283 0.419 0.315
262.5 12.5 4.066 1.639 1.339
262.5 37.5 2.774 0.659 0.890
262.5 62.5 1.718 0.475 0.490
262.5 87.5 2.030 0.563 0.612
275.0 0.0 1.621 0.398 0.452
275.0 25.0 2.152 0.493 0.659
275.0 50.0 1.690 0.454 0.479
275.0 75.0 1.642 0.541 0.460
287.5 12.5 2.182 0.482 0.670
287.5 37.5 2.683 0.619 0.857
287.5 62.5 2.746 0.881 0.880
300.0 0.0 1.759 0.378 0.507
300.0 25.0 1.989 0.467 0.596
300.0 50.0 2.314 0.511 0.720
300.0 75.0 1.850 0.408 0.542
300.0 100.0 2.013 0.679 0.605
312.5 12.5 1.696 0.357 0.482
312.5 37.5 1.238 0.305 0.297
325.0 0.0 1.047 0.289 0.217
325.0 25.0 1.086 0.257 0.234
325.0 50.0 1.809 0.485 0.526
325.0 75.0 1.371 0.358 0.351
325.0 100.0 1.299 0.292 0.322
337.5 12.5 1.574 0.290 0.433
350.0 0.0 1.620 0.451 0.451
350.0 25.0 1.564 0.282 0.429
350.0 50.0 1.198 0.246 0.280
350.0 75.0 0.864 0.226 0.140
350.0 100.0 1.050 0.294 0.218
375.0 0.0 1.226 0.461 0.292
375.0 25.0 0.796 0.181 0.110
375.0 50.0 0.862 0.189 0.139
375.0 75.0 0.816 0.175 0.119
400.0 0.0 0.997 0.231 0.196
400.0 25.0 0.650 0.191 0.047
400.0 50.0 1.369 0.282 0.350
400.0 75.0 0.568 0.174 0.011
400.0 100.0 0.857 0.212 0.137
425.0 0.0 0.706 0.218 0.071
425.0 25.0 0.503 0.183 -0.018
425.0 50.0 1.017 0.415 0.205
425.0 75.0 0.421 0.135 -0.054
425.0 100.0 0.451 0.132 -0.041
450.0 0.0 0.473 0.126 -0.031
450.0 25.0 0.326 0.112 -0.097
450.0 50.0 0.692 0.185 0.065
450.0 75.0 0.670 0.207 0.056
450.0 100.0 0.660 0.172 0.052
475.0 0.0 0.555 0.126 0.005
475.0 25.0 0.482 0.122 -0.027
475.0 50.0 0.472 0.117 -0.031
475.0 75.0 0.475 0.117 -0.030
475.0 100.0 0.592 0.131 0.022
500.0 0.0 0.362 0.107 -0.081
500.0 25.0 0.448 0.101 -0.042
500.0 50.0 0.375 0.093 -0.075
500.0 75.0 0.355 0.153 -0.084
525.0 0.0 0.321 0.080 -0.099
525.0 25.0 0.199 0.058 -0.155
525.0 50.0 0.374 0.085 -0.075
550.0 0.0 0.231 0.059 -0.140
550.0 25.0 0.174 0.052 -0.166
575.0 25.0 0.297 0.066 -0.110
#average significance: 1.243
