mC1:mN1:nSig:nSigErr:Zn
#Tag: SR_SS_ee_1_opt
#Zjets: -0.189831 +/- 0.216714 (2)
#multitop: 0.000000 +/- 0.000000 (0)
#Higgs: 0.001582 +/- 0.002644 (3)
#ttV: 0.051286 +/- 0.018906 (15)
#VVV: 0.166192 +/- 0.045264 (20)
#ttbar: 0.203811 +/- 0.203811 (1)
#singletop: 0.204645 +/- 0.204645 (1)
#Wjets: 0.485336 +/- 1.076568 (10)
#Vgamma: 1.143647 +/- 0.899092 (8)
#VV: 2.190850 +/- 0.517476 (449)
#Total BG: 4.447349 +/- 1.538812 (509)

150.0 0.0 4.344 0.886 1.011
152.5 22.5 2.820 0.603 0.599
162.5 12.5 3.084 0.641 0.674
175.0 0.0 2.457 0.654 0.495
175.0 25.0 2.450 0.593 0.493
177.5 47.5 2.007 0.523 0.361
187.5 12.5 2.018 0.543 0.364
187.5 37.5 1.803 0.447 0.299
190.0 60.0 1.505 0.469 0.206
200.0 0.0 2.256 0.576 0.435
200.0 25.0 1.510 0.422 0.207
200.0 50.0 2.288 0.600 0.445
202.5 72.5 0.303 0.175 -0.196
212.5 12.5 1.346 0.377 0.155
212.5 37.5 2.033 0.510 0.369
212.5 62.5 1.189 0.390 0.105
215.0 85.0 1.063 0.328 0.063
225.0 0.0 2.036 0.565 0.370
225.0 25.0 1.345 0.436 0.155
225.0 50.0 1.717 0.478 0.272
225.0 75.0 1.875 0.506 0.321
227.5 97.5 0.874 0.335 0.001
237.5 12.5 1.563 0.463 0.224
237.5 37.5 0.925 0.330 0.018
237.5 62.5 1.348 0.425 0.156
237.5 87.5 0.730 0.285 -0.048
240.0 110.0 0.424 0.214 -0.153
250.0 0.0 2.316 0.746 0.453
250.0 25.0 1.149 0.455 0.092
250.0 50.0 2.228 0.776 0.427
250.0 75.0 0.316 0.228 -0.192
250.0 100.0 0.912 0.389 0.013
262.5 12.5 0.683 0.318 -0.064
262.5 37.5 1.214 0.409 0.113
262.5 62.5 1.289 0.453 0.137
262.5 87.5 0.646 0.264 -0.076
275.0 0.0 1.790 0.529 0.295
275.0 25.0 0.794 0.283 -0.026
275.0 50.0 0.656 0.282 -0.073
275.0 75.0 1.499 0.542 0.204
287.5 12.5 0.492 0.201 -0.130
287.5 37.5 1.595 0.822 0.234
287.5 62.5 0.934 0.567 0.021
300.0 0.0 0.882 0.292 0.003
300.0 25.0 0.597 0.229 -0.094
300.0 50.0 1.320 0.349 0.147
300.0 75.0 1.461 0.430 0.192
300.0 100.0 0.715 0.244 -0.053
312.5 12.5 0.662 0.207 -0.071
312.5 37.5 1.020 0.337 0.049
325.0 0.0 0.655 0.200 -0.073
325.0 25.0 0.703 0.205 -0.057
325.0 50.0 0.791 0.223 -0.027
325.0 75.0 0.421 0.149 -0.155
325.0 100.0 0.446 0.158 -0.146
337.5 12.5 1.215 0.532 0.113
350.0 0.0 0.508 0.176 -0.124
350.0 25.0 0.844 0.346 -0.010
350.0 50.0 0.658 0.274 -0.072
350.0 75.0 0.528 0.174 -0.117
350.0 100.0 0.897 0.345 0.008
375.0 0.0 0.206 0.120 -0.231
375.0 25.0 0.241 0.088 -0.218
375.0 50.0 0.458 0.128 -0.142
375.0 75.0 0.360 0.110 -0.176
400.0 0.0 0.420 0.179 -0.155
400.0 25.0 0.353 0.134 -0.179
400.0 50.0 0.535 0.209 -0.115
400.0 75.0 0.503 0.203 -0.126
400.0 100.0 0.199 0.099 -0.233
425.0 0.0 0.417 0.172 -0.156
425.0 25.0 0.430 0.207 -0.152
425.0 50.0 0.431 0.150 -0.151
425.0 75.0 0.260 0.124 -0.211
425.0 100.0 0.086 0.061 -0.274
450.0 0.0 0.030 0.030 -0.295
450.0 25.0 0.175 0.078 -0.242
450.0 50.0 0.139 0.108 -0.255
450.0 75.0 0.152 0.068 -0.250
450.0 100.0 0.667 0.448 -0.069
475.0 0.0 0.190 0.081 -0.237
475.0 25.0 0.159 0.065 -0.248
475.0 50.0 0.190 0.101 -0.237
475.0 75.0 0.216 0.077 -0.227
475.0 100.0 0.315 0.091 -0.192
500.0 0.0 0.087 0.043 -0.274
500.0 25.0 0.220 0.088 -0.226
500.0 50.0 0.118 0.053 -0.263
500.0 75.0 0.058 0.034 -0.284
525.0 0.0 0.071 0.045 -0.280
525.0 25.0 0.176 0.064 -0.242
525.0 50.0 0.209 0.064 -0.230
550.0 0.0 0.161 0.049 -0.247
550.0 25.0 0.079 0.036 -0.277
575.0 25.0 0.024 0.017 -0.297
#average significance: 0.494
