mC1:mN1:nSig:nSigErr:Zn
#Tag: SR_SS_ee_2_opt
#Zjets: 0.000000 +/- 0.000000 (0)
#multitop: 0.000000 +/- 0.000000 (0)
#VVV: 0.144759 +/- 0.043429 (25)
#singletop: 0.161341 +/- 0.161341 (1)
#ttV: 0.220626 +/- 0.034528 (82)
#Wjets: 0.246702 +/- 0.255672 (3)
#Vgamma: 0.534637 +/- 0.280995 (6)
#Higgs: 0.545289 +/- 0.523112 (19)
#ttbar: 1.866709 +/- 0.991098 (5)
#VV: 5.530623 +/- 0.488104 (1103)
#Total BG: 9.250685 +/- 1.291357 (1244)

150.0 0.0 5.143 1.014 0.950
152.5 22.5 4.901 0.881 0.901
162.5 12.5 4.534 0.699 0.825
175.0 0.0 2.801 0.878 0.454
175.0 25.0 2.489 0.585 0.385
177.5 47.5 3.661 1.156 0.642
187.5 12.5 2.788 0.555 0.452
187.5 37.5 1.774 0.428 0.222
190.0 60.0 1.521 0.406 0.163
200.0 0.0 2.747 0.830 0.442
200.0 25.0 3.214 0.714 0.545
200.0 50.0 3.175 0.702 0.537
202.5 72.5 2.406 1.006 0.366
212.5 12.5 2.914 0.693 0.479
212.5 37.5 0.974 0.303 0.033
212.5 62.5 1.732 0.405 0.212
215.0 85.0 1.754 0.441 0.217
225.0 0.0 2.042 0.586 0.284
225.0 25.0 2.018 0.654 0.278
225.0 50.0 2.020 0.534 0.279
225.0 75.0 0.871 0.330 0.008
227.5 97.5 1.075 0.431 0.057
237.5 12.5 1.483 0.425 0.154
237.5 37.5 2.169 0.523 0.312
237.5 62.5 1.357 0.458 0.124
237.5 87.5 1.399 0.397 0.134
240.0 110.0 0.544 0.222 -0.072
250.0 0.0 1.032 0.365 0.047
250.0 25.0 1.967 0.552 0.266
250.0 50.0 0.645 0.290 -0.047
250.0 75.0 1.861 0.769 0.242
250.0 100.0 0.890 0.374 0.013
262.5 12.5 1.805 0.491 0.229
262.5 37.5 1.440 0.597 0.144
262.5 62.5 0.657 0.269 -0.044
262.5 87.5 1.561 0.494 0.172
275.0 0.0 1.303 0.387 0.111
275.0 25.0 0.849 0.310 0.003
275.0 50.0 2.482 0.610 0.383
275.0 75.0 1.196 0.352 0.086
287.5 12.5 1.468 0.360 0.150
287.5 37.5 1.302 0.398 0.111
287.5 62.5 0.868 0.276 0.007
300.0 0.0 0.890 0.288 0.013
300.0 25.0 2.291 0.898 0.340
300.0 50.0 1.158 0.450 0.077
300.0 75.0 0.806 0.263 -0.008
300.0 100.0 1.087 0.324 0.060
312.5 12.5 1.773 0.469 0.222
312.5 37.5 0.807 0.298 -0.007
325.0 0.0 0.772 0.241 -0.016
325.0 25.0 1.086 0.301 0.060
325.0 50.0 0.758 0.205 -0.019
325.0 75.0 0.778 0.216 -0.014
325.0 100.0 1.031 0.270 0.047
337.5 12.5 0.588 0.173 -0.061
350.0 0.0 0.592 0.169 -0.060
350.0 25.0 0.914 0.211 0.018
350.0 50.0 0.419 0.134 -0.103
350.0 75.0 0.455 0.159 -0.094
350.0 100.0 0.340 0.121 -0.122
375.0 0.0 0.644 0.223 -0.047
375.0 25.0 0.494 0.140 -0.084
375.0 50.0 0.565 0.179 -0.067
375.0 75.0 0.405 0.132 -0.106
400.0 0.0 0.593 0.231 -0.060
400.0 25.0 0.473 0.160 -0.089
400.0 50.0 0.961 0.517 0.030
400.0 75.0 0.381 0.147 -0.112
400.0 100.0 0.161 0.094 -0.167
425.0 0.0 0.324 0.133 -0.126
425.0 25.0 0.405 0.175 -0.106
425.0 50.0 0.226 0.103 -0.150
425.0 75.0 0.385 0.133 -0.111
425.0 100.0 0.144 0.072 -0.171
450.0 0.0 0.284 0.131 -0.136
450.0 25.0 0.451 0.133 -0.095
450.0 50.0 0.338 0.107 -0.123
450.0 75.0 0.324 0.106 -0.126
450.0 100.0 0.258 0.096 -0.143
475.0 0.0 0.254 0.086 -0.143
475.0 25.0 0.244 0.091 -0.146
475.0 50.0 0.176 0.067 -0.163
475.0 75.0 0.274 0.089 -0.139
475.0 100.0 0.124 0.056 -0.176
500.0 0.0 0.100 0.053 -0.182
500.0 25.0 0.190 0.069 -0.160
500.0 50.0 0.171 0.067 -0.164
500.0 75.0 0.355 0.106 -0.118
525.0 0.0 0.068 0.034 -0.190
525.0 25.0 0.149 0.054 -0.170
525.0 50.0 0.132 0.051 -0.174
550.0 0.0 0.175 0.058 -0.163
550.0 25.0 0.170 0.059 -0.165
575.0 25.0 0.059 0.026 -0.193
#average significance: 0.544
