mC1:mN1:nSig:nSigErr:Zn
#Tag: SR_SS_mumu_2_opt
#multitop: 0.000000 +/- 0.000000 (0)
#Vgamma: 0.000000 +/- 0.000000 (0)
#Zjets: 0.019154 +/- 0.019154 (1)
#singletop: 0.107799 +/- 0.107799 (1)
#VVV: 0.187156 +/- 0.075866 (18)
#Wjets: 0.211308 +/- 0.211308 (1)
#ttV: 0.236156 +/- 0.040728 (98)
#ttbar: 0.289504 +/- 0.289504 (1)
#Higgs: 0.400052 +/- 0.392028 (11)
#VV: 4.295534 +/- 0.353415 (1138)
#Total BG: 5.746663 +/- 0.653034 (1269)

150.0 0.0 4.179 0.794 1.089
152.5 22.5 4.463 0.868 1.167
162.5 12.5 7.229 1.015 1.878
175.0 0.0 5.741 1.425 1.506
175.0 25.0 4.657 1.031 1.220
177.5 47.5 2.508 0.643 0.606
187.5 12.5 4.671 0.821 1.223
187.5 37.5 3.424 0.640 0.876
190.0 60.0 4.452 1.367 1.164
200.0 0.0 3.731 0.717 0.964
200.0 25.0 3.475 0.721 0.891
200.0 50.0 2.081 0.556 0.475
202.5 72.5 2.272 0.592 0.534
212.5 12.5 2.712 0.637 0.667
212.5 37.5 3.265 0.732 0.830
212.5 62.5 2.871 0.609 0.714
215.0 85.0 0.872 0.330 0.086
225.0 0.0 4.227 1.088 1.102
225.0 25.0 1.986 0.524 0.446
225.0 50.0 2.130 0.506 0.490
225.0 75.0 2.262 0.687 0.531
227.5 97.5 1.724 0.584 0.363
237.5 12.5 3.220 0.712 0.817
237.5 37.5 3.036 0.644 0.763
237.5 62.5 2.722 0.593 0.670
237.5 87.5 1.353 0.372 0.244
240.0 110.0 3.194 1.013 0.809
250.0 0.0 3.609 0.862 0.929
250.0 25.0 2.507 0.693 0.606
250.0 50.0 2.123 0.629 0.488
250.0 75.0 1.430 0.502 0.269
250.0 100.0 0.921 0.355 0.102
262.5 12.5 1.713 0.516 0.360
262.5 37.5 1.935 0.635 0.430
262.5 62.5 2.190 0.587 0.509
262.5 87.5 0.989 0.367 0.125
275.0 0.0 2.312 0.516 0.546
275.0 25.0 1.617 0.431 0.329
275.0 50.0 1.541 0.411 0.305
275.0 75.0 1.215 0.353 0.199
287.5 12.5 1.533 0.434 0.302
287.5 37.5 1.770 0.473 0.378
287.5 62.5 2.189 0.452 0.508
300.0 0.0 1.777 0.444 0.380
300.0 25.0 2.549 0.666 0.618
300.0 50.0 1.557 0.345 0.310
300.0 75.0 1.866 0.702 0.408
300.0 100.0 1.757 0.403 0.374
312.5 12.5 1.640 0.465 0.337
312.5 37.5 1.155 0.307 0.180
325.0 0.0 1.134 0.523 0.173
325.0 25.0 1.175 0.516 0.186
325.0 50.0 1.182 0.385 0.189
325.0 75.0 1.120 0.272 0.168
325.0 100.0 1.375 0.413 0.251
337.5 12.5 1.075 0.248 0.153
350.0 0.0 0.778 0.220 0.054
350.0 25.0 0.729 0.189 0.037
350.0 50.0 0.999 0.260 0.128
350.0 75.0 1.096 0.260 0.160
350.0 100.0 0.711 0.167 0.031
375.0 0.0 0.777 0.180 0.054
375.0 25.0 0.855 0.252 0.080
375.0 50.0 0.578 0.157 -0.014
375.0 75.0 1.008 0.399 0.131
400.0 0.0 0.369 0.119 -0.086
400.0 25.0 0.540 0.165 -0.027
400.0 50.0 0.643 0.180 0.008
400.0 75.0 0.953 0.258 0.113
400.0 100.0 0.480 0.175 -0.048
425.0 0.0 0.418 0.127 -0.069
425.0 25.0 0.304 0.108 -0.109
425.0 50.0 0.426 0.144 -0.066
425.0 75.0 0.319 0.114 -0.104
425.0 100.0 0.497 0.185 -0.042
450.0 0.0 0.543 0.133 -0.026
450.0 25.0 0.306 0.116 -0.108
450.0 50.0 0.362 0.147 -0.089
450.0 75.0 0.346 0.121 -0.094
450.0 100.0 0.355 0.146 -0.091
475.0 0.0 0.157 0.064 -0.161
475.0 25.0 0.359 0.126 -0.090
475.0 50.0 0.320 0.113 -0.103
475.0 75.0 0.380 0.104 -0.082
475.0 100.0 0.259 0.098 -0.125
500.0 0.0 0.238 0.093 -0.132
500.0 25.0 0.317 0.091 -0.104
500.0 50.0 0.214 0.068 -0.141
500.0 75.0 0.281 0.080 -0.117
525.0 0.0 0.197 0.061 -0.147
525.0 25.0 0.160 0.054 -0.160
525.0 50.0 0.244 0.069 -0.130
550.0 0.0 0.226 0.059 -0.136
550.0 25.0 0.092 0.039 -0.184
575.0 25.0 0.058 0.026 -0.196
