mC1:mN1:nSig:nSigErr:Zn
#Tag: SR_SS_mumu_1_opt
#Zjets: 0.000000 +/- 0.000000 (0)
#multitop: 0.000000 +/- 0.000000 (0)
#Vgamma: 0.000000 +/- 0.000000 (0)
#Wjets: 0.021643 +/- 0.099888 (2)
#ttV: 0.102607 +/- 0.028488 (40)
#singletop: 0.232753 +/- 0.232753 (1)
#ttbar: 0.390164 +/- 0.390164 (1)
#VVV: 0.421532 +/- 0.067588 (57)
#Higgs: 1.482897 +/- 0.741415 (6)
#VV: 9.514180 +/- 0.825255 (1630)
#Total BG: 12.165776 +/- 1.205198 (1737)

150.0 0.0 8.596 1.254 1.387
152.5 22.5 6.472 1.018 1.035
162.5 12.5 7.335 1.011 1.181
175.0 0.0 5.902 1.004 0.937
175.0 25.0 5.612 0.923 0.886
177.5 47.5 5.867 0.926 0.931
187.5 12.5 4.722 0.788 0.728
187.5 37.5 7.194 1.101 1.157
190.0 60.0 3.856 0.909 0.571
200.0 0.0 3.443 0.682 0.494
200.0 25.0 5.344 0.838 0.839
200.0 50.0 4.294 0.901 0.651
202.5 72.5 2.497 0.567 0.314
212.5 12.5 5.215 0.783 0.816
212.5 37.5 4.239 0.831 0.641
212.5 62.5 3.260 0.684 0.459
215.0 85.0 2.556 0.487 0.325
225.0 0.0 5.205 1.001 0.815
225.0 25.0 2.991 0.666 0.408
225.0 50.0 4.378 0.856 0.666
225.0 75.0 2.541 0.667 0.322
227.5 97.5 1.314 0.498 0.080
237.5 12.5 4.432 1.213 0.676
237.5 37.5 3.365 0.656 0.479
237.5 62.5 3.747 0.652 0.550
237.5 87.5 2.221 0.681 0.260
240.0 110.0 2.176 0.815 0.251
250.0 0.0 2.213 0.559 0.259
250.0 25.0 3.046 1.032 0.419
250.0 50.0 3.134 0.755 0.436
250.0 75.0 2.304 0.612 0.276
250.0 100.0 2.130 0.588 0.242
262.5 12.5 2.572 0.622 0.328
262.5 37.5 2.840 0.614 0.380
262.5 62.5 1.502 0.442 0.118
262.5 87.5 1.980 0.513 0.213
275.0 0.0 2.401 0.589 0.295
275.0 25.0 0.950 0.328 0.006
275.0 50.0 2.159 0.485 0.248
275.0 75.0 1.951 0.469 0.207
287.5 12.5 1.946 0.630 0.206
287.5 37.5 3.105 0.787 0.430
287.5 62.5 2.504 0.522 0.315
300.0 0.0 1.558 0.386 0.129
300.0 25.0 1.940 0.411 0.205
300.0 50.0 1.630 0.366 0.144
300.0 75.0 1.771 0.501 0.172
300.0 100.0 1.707 0.425 0.159
312.5 12.5 1.524 0.476 0.122
312.5 37.5 1.371 0.307 0.092
325.0 0.0 1.582 0.318 0.134
325.0 25.0 1.365 0.306 0.090
325.0 50.0 1.498 0.412 0.117
325.0 75.0 1.114 0.252 0.040
325.0 100.0 1.387 0.408 0.095
337.5 12.5 1.097 0.263 0.036
350.0 0.0 1.002 0.260 0.017
350.0 25.0 1.320 0.316 0.081
350.0 50.0 0.914 0.217 -0.001
350.0 75.0 0.843 0.267 -0.016
350.0 100.0 0.923 0.194 0.001
375.0 0.0 1.313 0.397 0.080
375.0 25.0 0.927 0.196 0.002
375.0 50.0 0.671 0.167 -0.051
375.0 75.0 0.670 0.173 -0.051
400.0 0.0 0.304 0.132 -0.128
400.0 25.0 0.357 0.136 -0.116
400.0 50.0 0.451 0.152 -0.097
400.0 75.0 0.761 0.222 -0.032
400.0 100.0 0.870 0.213 -0.010
425.0 0.0 0.612 0.208 -0.063
425.0 25.0 0.587 0.159 -0.069
425.0 50.0 0.358 0.120 -0.116
425.0 75.0 0.583 0.194 -0.069
425.0 100.0 1.328 0.440 0.083
450.0 0.0 0.473 0.165 -0.092
450.0 25.0 0.604 0.164 -0.065
450.0 50.0 0.232 0.079 -0.143
450.0 75.0 0.524 0.137 -0.082
450.0 100.0 0.250 0.087 -0.139
475.0 0.0 0.358 0.109 -0.116
475.0 25.0 0.475 0.170 -0.092
475.0 50.0 0.364 0.108 -0.115
475.0 75.0 0.450 0.123 -0.097
475.0 100.0 0.246 0.092 -0.140
500.0 0.0 0.209 0.066 -0.148
500.0 25.0 0.476 0.113 -0.092
500.0 50.0 0.237 0.075 -0.142
500.0 75.0 0.461 0.118 -0.095
525.0 0.0 0.270 0.085 -0.135
525.0 25.0 0.225 0.063 -0.144
525.0 50.0 0.271 0.088 -0.135
550.0 0.0 0.271 0.089 -0.135
550.0 25.0 0.350 0.144 -0.118
575.0 25.0 0.110 0.037 -0.168
