mC1:mN1:nSig:nSigErr:Zn
#Tag: SR_SS_ee_2_opt
#Zjets: 0.000000 +/- 0.000000 (0)
#multitop: 0.000000 +/- 0.000000 (0)
#ttV: 0.078372 +/- 0.022339 (35)
#VVV: 0.102537 +/- 0.037392 (16)
#singletop: 0.159334 +/- 0.159334 (1)
#Vgamma: 0.379629 +/- 0.271816 (2)
#Higgs: 0.531785 +/- 0.522178 (11)
#Wjets: 0.563560 +/- 0.579743 (3)
#ttbar: 1.168978 +/- 0.889367 (2)
#VV: 2.799977 +/- 0.389920 (543)
#Total BG: 5.784173 +/- 1.285672 (613)

150.0 0.0 3.473 0.794 0.778
152.5 22.5 3.266 0.747 0.723
162.5 12.5 3.833 0.656 0.872
175.0 0.0 2.195 0.821 0.428
175.0 25.0 1.592 0.446 0.253
177.5 47.5 2.785 1.107 0.593
187.5 12.5 2.134 0.525 0.410
187.5 37.5 1.484 0.394 0.221
190.0 60.0 1.043 0.329 0.087
200.0 0.0 2.147 0.798 0.414
200.0 25.0 2.535 0.687 0.523
200.0 50.0 2.467 0.583 0.504
202.5 72.5 1.069 0.343 0.095
212.5 12.5 1.693 0.418 0.282
212.5 37.5 0.819 0.337 0.018
212.5 62.5 1.288 0.357 0.162
215.0 85.0 1.689 0.476 0.281
225.0 0.0 1.847 0.568 0.328
225.0 25.0 1.597 0.605 0.254
225.0 50.0 2.048 0.577 0.386
225.0 75.0 1.015 0.363 0.078
227.5 97.5 1.023 0.414 0.081
237.5 12.5 1.265 0.395 0.155
237.5 37.5 0.723 0.277 -0.013
237.5 62.5 0.723 0.276 -0.012
237.5 87.5 1.200 0.370 0.135
240.0 110.0 0.369 0.185 -0.125
250.0 0.0 1.021 0.361 0.080
250.0 25.0 2.363 0.690 0.475
250.0 50.0 0.712 0.402 -0.016
250.0 75.0 1.095 0.536 0.103
250.0 100.0 0.474 0.285 -0.092
262.5 12.5 1.233 0.396 0.145
262.5 37.5 1.285 0.634 0.161
262.5 62.5 0.544 0.244 -0.069
262.5 87.5 0.922 0.384 0.050
275.0 0.0 0.694 0.268 -0.022
275.0 25.0 0.670 0.282 -0.029
275.0 50.0 1.715 0.517 0.289
275.0 75.0 0.895 0.307 0.041
287.5 12.5 0.756 0.256 -0.002
287.5 37.5 0.749 0.298 -0.004
287.5 62.5 0.511 0.211 -0.080
300.0 0.0 0.486 0.201 -0.088
300.0 25.0 1.115 0.315 0.109
300.0 50.0 0.490 0.355 -0.086
300.0 75.0 0.602 0.235 -0.051
300.0 100.0 0.687 0.240 -0.024
312.5 12.5 1.369 0.433 0.186
312.5 37.5 0.803 0.274 0.013
325.0 0.0 0.514 0.174 -0.079
325.0 25.0 0.888 0.283 0.039
325.0 50.0 0.699 0.195 -0.020
325.0 75.0 0.871 0.237 0.034
325.0 100.0 0.861 0.259 0.031
337.5 12.5 0.412 0.138 -0.112
350.0 0.0 0.510 0.171 -0.080
350.0 25.0 0.626 0.171 -0.043
350.0 50.0 0.331 0.118 -0.138
350.0 75.0 0.254 0.104 -0.163
350.0 100.0 0.174 0.088 -0.189
375.0 0.0 0.434 0.133 -0.104
375.0 25.0 0.454 0.135 -0.098
375.0 50.0 0.220 0.084 -0.174
375.0 75.0 0.345 0.111 -0.133
400.0 0.0 0.481 0.230 -0.090
400.0 25.0 0.715 0.233 -0.015
400.0 50.0 0.576 0.483 -0.059
400.0 75.0 0.242 0.109 -0.167
400.0 100.0 0.113 0.081 -0.209
425.0 0.0 0.289 0.128 -0.152
425.0 25.0 0.186 0.097 -0.185
425.0 50.0 0.145 0.085 -0.199
425.0 75.0 0.197 0.103 -0.182
425.0 100.0 0.069 0.049 -0.224
450.0 0.0 0.284 0.130 -0.153
450.0 25.0 0.238 0.116 -0.168
450.0 50.0 0.310 0.109 -0.145
450.0 75.0 0.208 0.082 -0.178
450.0 100.0 0.255 0.099 -0.163
475.0 0.0 0.139 0.063 -0.201
475.0 25.0 0.164 0.078 -0.192
475.0 50.0 0.151 0.062 -0.197
475.0 75.0 0.127 0.057 -0.205
475.0 100.0 0.073 0.042 -0.223
500.0 0.0 0.101 0.053 -0.213
500.0 25.0 0.105 0.047 -0.212
500.0 50.0 0.143 0.060 -0.200
500.0 75.0 0.291 0.099 -0.151
525.0 0.0 0.085 0.038 -0.219
525.0 25.0 0.103 0.048 -0.213
525.0 50.0 0.083 0.037 -0.219
550.0 0.0 0.043 0.032 -0.232
550.0 25.0 0.087 0.036 -0.218
575.0 25.0 0.075 0.031 -0.222
