mC1:mN1:nSig:nSigErr:Zn
#Tag: SR_SS_mumu_1_pre
#multitop: 0.000000 +/- 0.000000 (0)
#Vgamma: 0.000000 +/- 0.000000 (0)
#ttV: 0.605662 +/- 0.064859 (206)
#Zjets: 0.669276 +/- 6.507994 (61)
#VVV: 3.045885 +/- 0.199180 (496)
#singletop: 4.838131 +/- 1.164574 (27)
#ttbar: 7.485097 +/- 1.547960 (25)
#Higgs: 13.055582 +/- 2.333799 (51)
#Wjets: 70.401303 +/- 21.265284 (172)
#VV: 244.229582 +/- 4.226588 (34711)
#Total BG: 344.330518 +/- 22.840167 (35749)

150.0 0.0 48.312 3.107 0.341
152.5 22.5 42.567 2.715 0.282
162.5 12.5 37.337 2.300 0.228
175.0 0.0 26.013 2.040 0.110
175.0 25.0 23.850 1.967 0.087
177.5 47.5 24.699 1.968 0.096
187.5 12.5 18.114 1.563 0.026
187.5 37.5 22.918 1.785 0.077
190.0 60.0 18.401 1.731 0.029
200.0 0.0 12.995 1.499 -0.029
200.0 25.0 18.652 1.720 0.032
200.0 50.0 17.249 2.105 0.016
202.5 72.5 15.995 1.627 0.003
212.5 12.5 13.956 1.656 -0.019
212.5 37.5 12.115 1.281 -0.039
212.5 62.5 12.877 1.263 -0.031
215.0 85.0 11.291 1.114 -0.048
225.0 0.0 12.395 1.650 -0.036
225.0 25.0 10.737 1.691 -0.054
225.0 50.0 12.190 1.785 -0.038
225.0 75.0 9.806 1.336 -0.064
227.5 97.5 9.663 1.252 -0.066
237.5 12.5 8.909 1.435 -0.074
237.5 37.5 9.567 1.212 -0.067
237.5 62.5 10.032 1.083 -0.062
237.5 87.5 8.839 1.179 -0.075
240.0 110.0 9.810 1.427 -0.064
250.0 0.0 6.209 1.241 -0.103
250.0 25.0 8.385 1.905 -0.080
250.0 50.0 8.663 1.195 -0.077
250.0 75.0 6.216 1.045 -0.103
250.0 100.0 9.227 1.303 -0.070
262.5 12.5 4.559 0.844 -0.121
262.5 37.5 6.859 0.944 -0.096
262.5 62.5 5.795 0.897 -0.108
262.5 87.5 6.179 0.913 -0.104
275.0 0.0 4.495 0.791 -0.122
275.0 25.0 2.836 0.560 -0.140
275.0 50.0 5.449 0.864 -0.112
275.0 75.0 4.361 0.689 -0.124
287.5 12.5 4.660 0.847 -0.120
287.5 37.5 5.597 0.937 -0.110
287.5 62.5 6.033 0.800 -0.105
300.0 0.0 2.579 0.474 -0.143
300.0 25.0 4.285 0.733 -0.125
300.0 50.0 3.393 0.530 -0.134
300.0 75.0 5.030 0.855 -0.116
300.0 100.0 3.814 0.596 -0.130
312.5 12.5 2.889 0.577 -0.140
312.5 37.5 4.099 0.617 -0.127
325.0 0.0 3.169 0.471 -0.137
325.0 25.0 3.220 0.505 -0.136
325.0 50.0 3.017 0.521 -0.138
325.0 75.0 2.396 0.372 -0.145
325.0 100.0 3.240 0.625 -0.136
337.5 12.5 2.264 0.644 -0.147
350.0 0.0 2.030 0.373 -0.149
350.0 25.0 2.061 0.386 -0.149
350.0 50.0 1.609 0.277 -0.154
350.0 75.0 1.987 0.515 -0.150
350.0 100.0 2.217 0.355 -0.147
375.0 0.0 1.771 0.446 -0.152
375.0 25.0 1.433 0.285 -0.156
375.0 50.0 1.192 0.225 -0.159
375.0 75.0 1.461 0.245 -0.156
400.0 0.0 0.686 0.285 -0.164
400.0 25.0 0.714 0.202 -0.164
400.0 50.0 0.844 0.206 -0.162
400.0 75.0 1.365 0.288 -0.157
400.0 100.0 1.342 0.295 -0.157
425.0 0.0 1.087 0.283 -0.160
425.0 25.0 1.010 0.248 -0.161
425.0 50.0 0.744 0.187 -0.164
425.0 75.0 1.169 0.257 -0.159
425.0 100.0 1.578 0.452 -0.154
450.0 0.0 0.581 0.177 -0.165
450.0 25.0 0.737 0.175 -0.164
450.0 50.0 0.741 0.232 -0.164
450.0 75.0 0.870 0.182 -0.162
450.0 100.0 0.497 0.153 -0.166
475.0 0.0 0.855 0.185 -0.162
475.0 25.0 0.629 0.181 -0.165
475.0 50.0 0.574 0.136 -0.165
475.0 75.0 0.772 0.158 -0.163
475.0 100.0 0.466 0.170 -0.167
500.0 0.0 0.309 0.083 -0.168
500.0 25.0 0.597 0.138 -0.165
500.0 50.0 0.426 0.101 -0.167
500.0 75.0 0.544 0.125 -0.166
525.0 0.0 0.526 0.140 -0.166
525.0 25.0 0.303 0.075 -0.168
525.0 50.0 0.407 0.105 -0.167
550.0 0.0 0.315 0.092 -0.168
550.0 25.0 0.521 0.161 -0.166
575.0 25.0 0.156 0.044 -0.170
