mC1:mN1:nSig:nSigErr:Zn
#Tag: SR_SS_ee_1_pre
#multitop: 0.000000 +/- 0.000000 (0)
#ttV: 0.380117 +/- 0.058076 (132)
#VVV: 2.047949 +/- 0.164078 (316)
#singletop: 5.447203 +/- 1.307677 (29)
#Higgs: 9.799128 +/- 2.285211 (102)
#ttbar: 11.494004 +/- 3.327902 (25)
#VV: 218.127496 +/- 5.004941 (28859)
#Vgamma: 242.373009 +/- 13.347352 (768)
#Wjets: 255.993922 +/- 85.539252 (223)
#Zjets: 1042.449793 +/- 153.532941 (1002)
#Total BG: 1788.112621 +/- 176.381876 (31456)

150.0 0.0 30.027 2.335 -0.116
152.5 22.5 25.956 2.129 -0.124
162.5 12.5 23.331 1.706 -0.130
175.0 0.0 15.602 1.488 -0.146
175.0 25.0 20.113 2.460 -0.137
177.5 47.5 16.486 1.578 -0.144
187.5 12.5 13.821 1.491 -0.150
187.5 37.5 14.243 1.332 -0.149
190.0 60.0 14.117 1.584 -0.149
200.0 0.0 10.949 1.310 -0.156
200.0 25.0 10.223 1.326 -0.157
200.0 50.0 11.103 1.344 -0.155
202.5 72.5 8.971 1.156 -0.160
212.5 12.5 7.659 0.910 -0.162
212.5 37.5 10.084 1.439 -0.157
212.5 62.5 9.756 1.058 -0.158
215.0 85.0 10.627 1.489 -0.156
225.0 0.0 8.256 1.319 -0.161
225.0 25.0 7.148 1.032 -0.164
225.0 50.0 8.036 1.158 -0.162
225.0 75.0 7.815 1.119 -0.162
227.5 97.5 6.931 1.068 -0.164
237.5 12.5 6.360 1.027 -0.165
237.5 37.5 4.946 0.820 -0.168
237.5 62.5 5.742 0.933 -0.166
237.5 87.5 6.967 1.109 -0.164
240.0 110.0 6.071 0.995 -0.166
250.0 0.0 6.296 1.110 -0.165
250.0 25.0 4.626 0.926 -0.169
250.0 50.0 5.274 1.020 -0.167
250.0 75.0 4.108 0.826 -0.170
250.0 100.0 5.156 0.964 -0.168
262.5 12.5 3.704 0.713 -0.171
262.5 37.5 3.788 0.705 -0.171
262.5 62.5 4.187 0.911 -0.170
262.5 87.5 3.818 0.686 -0.170
275.0 0.0 5.388 0.942 -0.167
275.0 25.0 3.652 0.644 -0.171
275.0 50.0 3.176 0.796 -0.172
275.0 75.0 5.273 0.901 -0.167
287.5 12.5 3.383 0.752 -0.171
287.5 37.5 4.224 0.984 -0.170
287.5 62.5 3.495 0.787 -0.171
300.0 0.0 2.753 0.549 -0.173
300.0 25.0 1.791 0.387 -0.175
300.0 50.0 2.339 0.458 -0.174
300.0 75.0 3.382 0.611 -0.171
300.0 100.0 2.386 0.513 -0.173
312.5 12.5 2.989 0.473 -0.172
312.5 37.5 2.448 0.473 -0.173
325.0 0.0 2.360 0.437 -0.174
325.0 25.0 2.971 0.595 -0.172
325.0 50.0 2.541 0.452 -0.173
325.0 75.0 1.777 0.365 -0.175
325.0 100.0 1.728 0.322 -0.175
337.5 12.5 2.178 0.575 -0.174
350.0 0.0 1.881 0.358 -0.175
350.0 25.0 1.627 0.406 -0.175
350.0 50.0 2.115 0.456 -0.174
350.0 75.0 1.615 0.326 -0.175
350.0 100.0 1.697 0.402 -0.175
375.0 0.0 1.558 0.357 -0.175
375.0 25.0 0.869 0.199 -0.177
375.0 50.0 0.852 0.176 -0.177
375.0 75.0 1.173 0.237 -0.176
400.0 0.0 0.723 0.292 -0.177
400.0 25.0 1.082 0.259 -0.176
400.0 50.0 0.896 0.260 -0.177
400.0 75.0 1.414 0.343 -0.176
400.0 100.0 0.696 0.293 -0.177
425.0 0.0 0.759 0.219 -0.177
425.0 25.0 0.748 0.240 -0.177
425.0 50.0 0.991 0.217 -0.176
425.0 75.0 0.670 0.180 -0.177
425.0 100.0 0.517 0.158 -0.177
450.0 0.0 0.289 0.110 -0.178
450.0 25.0 0.389 0.127 -0.178
450.0 50.0 0.575 0.240 -0.177
450.0 75.0 0.454 0.132 -0.178
450.0 100.0 0.936 0.460 -0.177
475.0 0.0 0.365 0.112 -0.178
475.0 25.0 0.342 0.096 -0.178
475.0 50.0 0.714 0.228 -0.177
475.0 75.0 0.580 0.148 -0.177
475.0 100.0 0.532 0.127 -0.177
500.0 0.0 0.332 0.086 -0.178
500.0 25.0 0.540 0.124 -0.177
500.0 50.0 0.266 0.082 -0.178
500.0 75.0 0.203 0.070 -0.178
525.0 0.0 0.202 0.067 -0.178
525.0 25.0 0.508 0.135 -0.177
525.0 50.0 0.252 0.069 -0.178
550.0 0.0 0.395 0.118 -0.178
550.0 25.0 0.192 0.057 -0.178
575.0 25.0 0.082 0.031 -0.178
