mC1:mN1:nSig:nSigErr:Zn
#Tag: SR_SS_emu_1_opt
#multitop: 0.000000 +/- 0.000000 (0)
#ttV: 0.089131 +/- 0.023021 (36)
#singletop: 0.217157 +/- 0.153553 (2)
#ttbar: 0.233785 +/- 0.233785 (1)
#Zjets: 0.298260 +/- 0.206669 (3)
#VVV: 0.375978 +/- 0.098234 (44)
#Vgamma: 0.927578 +/- 0.295330 (21)
#Higgs: 1.070842 +/- 0.782910 (6)
#Wjets: 4.074253 +/- 1.689038 (15)
#VV: 8.884175 +/- 0.801712 (1501)
#Total BG: 16.171159 +/- 2.080117 (1629)

150.0 0.0 6.907 1.040 0.851
152.5 22.5 6.041 0.945 0.730
162.5 12.5 7.213 0.939 0.893
175.0 0.0 5.213 0.995 0.612
175.0 25.0 5.269 1.056 0.620
177.5 47.5 3.566 0.701 0.370
187.5 12.5 4.789 0.777 0.551
187.5 37.5 3.604 0.607 0.376
190.0 60.0 3.228 0.616 0.319
200.0 0.0 4.378 0.762 0.491
200.0 25.0 4.942 0.837 0.573
200.0 50.0 3.667 0.721 0.385
202.5 72.5 3.529 0.657 0.364
212.5 12.5 3.179 0.602 0.311
212.5 37.5 5.523 0.870 0.657
212.5 62.5 3.117 0.573 0.302
215.0 85.0 2.722 0.658 0.242
225.0 0.0 3.519 0.830 0.363
225.0 25.0 4.552 1.393 0.516
225.0 50.0 3.434 0.713 0.350
225.0 75.0 2.636 0.650 0.228
227.5 97.5 1.993 0.514 0.128
237.5 12.5 5.615 1.595 0.670
237.5 37.5 3.444 0.786 0.352
237.5 62.5 2.171 0.500 0.156
237.5 87.5 2.480 0.590 0.204
240.0 110.0 2.041 0.494 0.136
250.0 0.0 3.212 0.800 0.317
250.0 25.0 4.072 0.863 0.446
250.0 50.0 2.894 0.799 0.268
250.0 75.0 2.075 0.547 0.141
250.0 100.0 2.356 0.774 0.185
262.5 12.5 2.529 0.610 0.212
262.5 37.5 3.034 0.730 0.289
262.5 62.5 2.049 0.492 0.137
262.5 87.5 2.101 0.524 0.145
275.0 0.0 3.645 0.693 0.382
275.0 25.0 2.491 0.540 0.206
275.0 50.0 2.304 0.604 0.177
275.0 75.0 2.062 0.572 0.139
287.5 12.5 3.158 0.718 0.308
287.5 37.5 3.088 0.846 0.298
287.5 62.5 2.243 0.522 0.167
300.0 0.0 1.515 0.378 0.053
300.0 25.0 2.226 0.447 0.165
300.0 50.0 2.639 0.466 0.229
300.0 75.0 2.508 0.678 0.209
300.0 100.0 1.996 0.428 0.129
312.5 12.5 1.061 0.256 -0.020
312.5 37.5 2.228 0.661 0.165
325.0 0.0 2.011 0.361 0.131
325.0 25.0 1.621 0.390 0.070
325.0 50.0 1.536 0.349 0.056
325.0 75.0 1.513 0.322 0.052
325.0 100.0 1.675 0.390 0.078
337.5 12.5 1.749 0.308 0.090
350.0 0.0 1.672 0.397 0.078
350.0 25.0 1.348 0.253 0.026
350.0 50.0 1.528 0.282 0.055
350.0 75.0 1.707 0.338 0.083
350.0 100.0 0.833 0.179 -0.057
375.0 0.0 1.149 0.324 -0.006
375.0 25.0 1.934 0.351 0.119
375.0 50.0 0.800 0.169 -0.063
375.0 75.0 1.198 0.211 0.002
400.0 0.0 0.501 0.168 -0.111
400.0 25.0 1.173 0.298 -0.002
400.0 50.0 1.324 0.312 0.022
400.0 75.0 1.187 0.261 0.000
400.0 100.0 1.216 0.277 0.005
425.0 0.0 0.392 0.126 -0.129
425.0 25.0 0.870 0.203 -0.051
425.0 50.0 0.754 0.245 -0.070
425.0 75.0 0.693 0.184 -0.080
425.0 100.0 0.727 0.201 -0.075
450.0 0.0 0.646 0.161 -0.088
450.0 25.0 0.553 0.171 -0.103
450.0 50.0 0.588 0.195 -0.097
450.0 75.0 0.349 0.118 -0.137
450.0 100.0 0.630 0.148 -0.090
475.0 0.0 0.370 0.102 -0.133
475.0 25.0 0.836 0.198 -0.057
475.0 50.0 0.437 0.112 -0.122
475.0 75.0 0.359 0.102 -0.135
475.0 100.0 0.311 0.096 -0.143
500.0 0.0 0.490 0.131 -0.113
500.0 25.0 0.362 0.110 -0.134
500.0 50.0 0.802 0.239 -0.062
500.0 75.0 0.440 0.113 -0.122
525.0 0.0 0.461 0.105 -0.118
525.0 25.0 0.371 0.083 -0.133
525.0 50.0 0.301 0.074 -0.145
550.0 0.0 0.331 0.076 -0.140
550.0 25.0 0.297 0.072 -0.145
575.0 25.0 0.540 0.139 -0.105
