mC1:mN1:nSig:nSigErr:Zn
#Tag: SR_SS_emu_2_opt
#multitop: 0.000000 +/- 0.000000 (0)
#Zjets: 0.004896 +/- 0.004896 (1)
#Higgs: 0.012824 +/- 0.005148 (10)
#Vgamma: 0.041153 +/- 0.041153 (1)
#Wjets: 0.090772 +/- 0.079373 (2)
#ttV: 0.175506 +/- 0.029475 (65)
#VVV: 0.215851 +/- 0.048546 (29)
#ttbar: 0.261089 +/- 0.261089 (1)
#singletop: 0.411730 +/- 0.411730 (1)
#VV: 1.377194 +/- 0.210531 (385)
#Total BG: 2.591016 +/- 0.541555 (495)

150.0 0.0 1.197 0.441 0.351
152.5 22.5 1.610 0.515 0.548
162.5 12.5 3.266 0.637 1.258
175.0 0.0 3.322 0.688 1.281
175.0 25.0 2.089 0.497 0.765
177.5 47.5 1.550 0.490 0.520
187.5 12.5 3.052 0.567 1.172
187.5 37.5 1.837 0.495 0.653
190.0 60.0 0.911 0.337 0.209
200.0 0.0 3.273 0.719 1.261
200.0 25.0 3.220 0.649 1.240
200.0 50.0 2.546 0.634 0.963
202.5 72.5 1.624 0.540 0.555
212.5 12.5 2.907 0.698 1.114
212.5 37.5 2.313 0.521 0.863
212.5 62.5 1.193 0.335 0.350
215.0 85.0 0.856 0.298 0.181
225.0 0.0 3.106 0.844 1.194
225.0 25.0 2.335 0.607 0.873
225.0 50.0 2.744 0.595 1.046
225.0 75.0 1.288 0.558 0.395
227.5 97.5 1.209 0.484 0.357
237.5 12.5 2.737 0.586 1.043
237.5 37.5 2.848 0.720 1.089
237.5 62.5 1.379 0.371 0.439
237.5 87.5 1.237 0.391 0.371
240.0 110.0 0.399 0.205 -0.060
250.0 0.0 2.532 0.619 0.957
250.0 25.0 1.730 0.574 0.604
250.0 50.0 1.598 0.545 0.542
250.0 75.0 1.235 0.399 0.370
250.0 100.0 0.894 0.343 0.200
262.5 12.5 3.890 1.638 1.500
262.5 37.5 2.374 0.574 0.890
262.5 62.5 1.282 0.600 0.393
262.5 87.5 1.499 0.504 0.496
275.0 0.0 1.894 0.441 0.678
275.0 25.0 1.948 0.468 0.703
275.0 50.0 1.745 0.469 0.611
275.0 75.0 1.387 0.414 0.443
287.5 12.5 3.062 0.638 1.176
287.5 37.5 2.819 0.651 1.077
287.5 62.5 1.460 0.398 0.478
300.0 0.0 3.148 0.831 1.211
300.0 25.0 2.231 0.475 0.828
300.0 50.0 2.610 0.511 0.990
300.0 75.0 1.949 0.420 0.703
300.0 100.0 2.114 0.689 0.776
312.5 12.5 1.977 0.380 0.715
312.5 37.5 1.643 0.350 0.563
325.0 0.0 1.277 0.319 0.390
325.0 25.0 1.014 0.254 0.261
325.0 50.0 1.768 0.484 0.621
325.0 75.0 1.537 0.374 0.514
325.0 100.0 1.766 0.370 0.620
337.5 12.5 1.784 0.327 0.628
350.0 0.0 1.959 0.427 0.708
350.0 25.0 1.435 0.258 0.466
350.0 50.0 1.480 0.265 0.487
350.0 75.0 0.999 0.244 0.254
350.0 100.0 1.247 0.284 0.376
375.0 0.0 1.262 0.282 0.383
375.0 25.0 1.255 0.238 0.379
375.0 50.0 1.050 0.211 0.279
375.0 75.0 1.048 0.204 0.278
400.0 0.0 0.844 0.195 0.175
400.0 25.0 1.160 0.264 0.333
400.0 50.0 1.591 0.325 0.539
400.0 75.0 0.754 0.246 0.129
400.0 100.0 1.266 0.273 0.385
425.0 0.0 0.791 0.180 0.148
425.0 25.0 0.590 0.200 0.043
425.0 50.0 1.468 0.456 0.482
425.0 75.0 0.371 0.126 -0.075
425.0 100.0 0.691 0.171 0.096
450.0 0.0 0.553 0.137 0.023
450.0 25.0 0.463 0.157 -0.025
450.0 50.0 1.139 0.390 0.323
450.0 75.0 1.025 0.247 0.267
450.0 100.0 0.683 0.154 0.092
475.0 0.0 0.637 0.134 0.067
475.0 25.0 0.391 0.108 -0.064
475.0 50.0 0.463 0.117 -0.025
475.0 75.0 0.768 0.178 0.136
475.0 100.0 0.672 0.133 0.086
500.0 0.0 0.501 0.126 -0.005
500.0 25.0 0.611 0.119 0.054
500.0 50.0 0.491 0.106 -0.010
500.0 75.0 0.569 0.174 0.032
525.0 0.0 0.436 0.091 -0.040
525.0 25.0 0.359 0.083 -0.082
525.0 50.0 0.522 0.098 0.006
550.0 0.0 0.334 0.075 -0.095
550.0 25.0 0.293 0.074 -0.118
575.0 25.0 0.387 0.073 -0.066
