mC1:mN1:nSig:nSigErr:Zn
#Tag: SR_SS_ee_2_opt
#multitop: 0.000000 +/- 0.000000 (0)
#singletop: 0.161341 +/- 0.161341 (1)
#VVV: 0.192993 +/- 0.057000 (25)
#ttV: 0.253072 +/- 0.037922 (97)
#Wjets: 0.409407 +/- 0.337345 (3)
#Higgs: 0.535943 +/- 0.523084 (13)
#Vgamma: 0.541131 +/- 0.279431 (7)
#charge flip: 1.159364 +/- 0.061449 (932)
#VV: 4.043449 +/- 1.010821 (1009)
#Total BG: 7.296701 +/- 1.233593 (2087)

150.0 0.0 5.277 1.011 1.121
152.5 22.5 3.562 0.749 0.723
162.5 12.5 4.675 0.900 0.984
175.0 0.0 2.960 0.893 0.575
175.0 25.0 1.865 0.486 0.296
177.5 47.5 2.418 0.550 0.439
187.5 12.5 2.291 0.471 0.406
187.5 37.5 1.351 0.368 0.159
190.0 60.0 1.339 0.386 0.155
200.0 0.0 2.319 0.791 0.413
200.0 25.0 3.061 0.699 0.600
200.0 50.0 2.461 0.590 0.450
202.5 72.5 2.303 1.001 0.409
212.5 12.5 2.546 0.668 0.471
212.5 37.5 0.996 0.310 0.062
212.5 62.5 1.492 0.379 0.196
215.0 85.0 1.347 0.389 0.157
225.0 0.0 1.832 0.547 0.287
225.0 25.0 2.140 0.666 0.367
225.0 50.0 1.423 0.462 0.178
225.0 75.0 1.139 0.380 0.101
227.5 97.5 0.962 0.383 0.052
237.5 12.5 1.246 0.421 0.130
237.5 37.5 2.145 0.536 0.369
237.5 62.5 1.357 0.458 0.160
237.5 87.5 1.015 0.324 0.067
240.0 110.0 0.453 0.203 -0.091
250.0 0.0 2.297 0.838 0.408
250.0 25.0 1.821 0.533 0.284
250.0 50.0 0.373 0.216 -0.114
250.0 75.0 0.952 0.527 0.049
250.0 100.0 1.214 0.444 0.121
262.5 12.5 1.410 0.430 0.174
262.5 37.5 1.436 0.597 0.181
262.5 62.5 0.657 0.269 -0.033
262.5 87.5 1.412 0.471 0.175
275.0 0.0 1.013 0.347 0.066
275.0 25.0 0.767 0.327 -0.002
275.0 50.0 2.321 0.602 0.414
275.0 75.0 1.193 0.375 0.116
287.5 12.5 1.473 0.362 0.191
287.5 37.5 1.384 0.406 0.167
287.5 62.5 0.546 0.224 -0.065
300.0 0.0 0.668 0.241 -0.030
300.0 25.0 0.981 0.290 0.057
300.0 50.0 0.899 0.423 0.034
300.0 75.0 0.878 0.273 0.029
300.0 100.0 0.994 0.302 0.061
312.5 12.5 1.773 0.469 0.271
312.5 37.5 0.665 0.262 -0.031
325.0 0.0 0.725 0.237 -0.014
325.0 25.0 1.081 0.300 0.085
325.0 50.0 0.864 0.230 0.025
325.0 75.0 0.827 0.222 0.014
325.0 100.0 0.966 0.261 0.053
337.5 12.5 0.582 0.171 -0.054
350.0 0.0 0.592 0.169 -0.051
350.0 25.0 0.812 0.188 0.010
350.0 50.0 0.419 0.134 -0.101
350.0 75.0 0.379 0.149 -0.112
350.0 100.0 0.291 0.111 -0.138
375.0 0.0 0.644 0.223 -0.037
375.0 25.0 0.463 0.137 -0.088
375.0 50.0 0.497 0.172 -0.078
375.0 75.0 0.387 0.126 -0.110
400.0 0.0 0.515 0.189 -0.073
400.0 25.0 0.412 0.148 -0.103
400.0 50.0 0.961 0.517 0.052
400.0 75.0 0.331 0.138 -0.126
400.0 100.0 0.251 0.128 -0.149
425.0 0.0 0.324 0.133 -0.128
425.0 25.0 0.247 0.156 -0.150
425.0 50.0 0.242 0.109 -0.151
425.0 75.0 0.312 0.123 -0.131
425.0 100.0 0.144 0.072 -0.180
450.0 0.0 0.284 0.131 -0.139
450.0 25.0 0.339 0.115 -0.123
450.0 50.0 0.304 0.101 -0.134
450.0 75.0 0.324 0.106 -0.128
450.0 100.0 0.270 0.099 -0.144
475.0 0.0 0.217 0.078 -0.159
475.0 25.0 0.109 0.056 -0.190
475.0 50.0 0.099 0.050 -0.193
475.0 75.0 0.274 0.089 -0.142
475.0 100.0 0.124 0.056 -0.186
500.0 0.0 0.100 0.053 -0.193
500.0 25.0 0.184 0.066 -0.168
500.0 50.0 0.171 0.067 -0.172
500.0 75.0 0.334 0.103 -0.125
525.0 0.0 0.068 0.034 -0.202
525.0 25.0 0.071 0.036 -0.201
525.0 50.0 0.083 0.037 -0.198
550.0 0.0 0.160 0.056 -0.175
550.0 25.0 0.124 0.053 -0.186
575.0 25.0 0.059 0.026 -0.205
#average significance: 0.527
