mC1:mN1:nSig:nSigErr:Zn
#Tag: SR_SS_mumu_2_opt
#multitop: 0.000000 +/- 0.000000 (0)
#Vgamma: 0.000000 +/- 0.000000 (0)
#Wjets: 0.101438 +/- 0.101438 (1)
#singletop: 0.138648 +/- 0.138648 (1)
#ttV: 0.228135 +/- 0.042826 (114)
#VVV: 0.244202 +/- 0.079513 (25)
#Higgs: 0.846468 +/- 0.573031 (19)
#VV: 7.295759 +/- 0.459208 (1660)
#Total BG: 8.854652 +/- 0.759544 (1820)

150.0 0.0 6.085 1.025 1.235
152.5 22.5 5.305 0.905 1.070
162.5 12.5 5.362 0.770 1.082
175.0 0.0 5.801 1.446 1.175
175.0 25.0 5.166 0.926 1.040
177.5 47.5 4.485 0.891 0.892
187.5 12.5 5.361 0.895 1.082
187.5 37.5 3.356 0.632 0.637
190.0 60.0 2.771 0.549 0.501
200.0 0.0 3.583 0.746 0.689
200.0 25.0 3.641 0.742 0.703
200.0 50.0 2.207 0.567 0.366
202.5 72.5 2.441 0.567 0.422
212.5 12.5 2.772 0.646 0.501
212.5 37.5 3.287 0.670 0.621
212.5 62.5 2.268 0.491 0.381
215.0 85.0 1.499 0.430 0.192
225.0 0.0 3.058 0.905 0.568
225.0 25.0 2.080 0.555 0.335
225.0 50.0 3.533 0.772 0.678
225.0 75.0 2.136 0.678 0.349
227.5 97.5 1.882 0.582 0.287
237.5 12.5 3.585 0.748 0.690
237.5 37.5 2.824 0.618 0.513
237.5 62.5 2.443 0.571 0.423
237.5 87.5 1.585 0.434 0.213
240.0 110.0 2.808 0.968 0.509
250.0 0.0 4.147 0.982 0.817
250.0 25.0 1.469 0.469 0.184
250.0 50.0 3.054 1.055 0.567
250.0 75.0 1.605 0.529 0.218
250.0 100.0 0.855 0.329 0.029
262.5 12.5 0.795 0.353 0.013
262.5 37.5 1.687 0.614 0.239
262.5 62.5 2.016 0.565 0.320
262.5 87.5 1.211 0.396 0.119
275.0 0.0 1.876 0.482 0.285
275.0 25.0 1.990 0.470 0.313
275.0 50.0 2.019 0.488 0.320
275.0 75.0 1.286 0.375 0.139
287.5 12.5 1.325 0.365 0.148
287.5 37.5 1.349 0.409 0.154
287.5 62.5 2.106 0.454 0.341
300.0 0.0 1.429 0.361 0.175
300.0 25.0 1.911 0.591 0.294
300.0 50.0 1.725 0.365 0.248
300.0 75.0 1.798 0.697 0.266
300.0 100.0 1.100 0.334 0.091
312.5 12.5 1.517 0.456 0.197
312.5 37.5 1.262 0.337 0.132
325.0 0.0 1.192 0.525 0.115
325.0 25.0 1.407 0.567 0.169
325.0 50.0 1.423 0.463 0.173
325.0 75.0 1.273 0.284 0.135
325.0 100.0 1.113 0.364 0.095
337.5 12.5 0.927 0.233 0.047
350.0 0.0 0.645 0.195 -0.026
350.0 25.0 0.719 0.186 -0.006
350.0 50.0 0.990 0.258 0.063
350.0 75.0 1.038 0.273 0.076
350.0 100.0 0.485 0.149 -0.068
375.0 0.0 0.495 0.194 -0.065
375.0 25.0 0.701 0.243 -0.011
375.0 50.0 0.460 0.145 -0.074
375.0 75.0 0.972 0.396 0.059
400.0 0.0 0.571 0.173 -0.045
400.0 25.0 0.378 0.135 -0.096
400.0 50.0 0.780 0.260 0.009
400.0 75.0 0.978 0.258 0.060
400.0 100.0 0.235 0.121 -0.134
425.0 0.0 0.441 0.150 -0.079
425.0 25.0 0.262 0.100 -0.126
425.0 50.0 0.330 0.127 -0.108
425.0 75.0 0.349 0.128 -0.103
425.0 100.0 0.775 0.308 0.008
450.0 0.0 0.520 0.131 -0.058
450.0 25.0 0.278 0.099 -0.122
450.0 50.0 0.292 0.108 -0.118
450.0 75.0 0.222 0.097 -0.137
450.0 100.0 0.300 0.122 -0.117
475.0 0.0 0.108 0.054 -0.168
475.0 25.0 0.340 0.127 -0.106
475.0 50.0 0.248 0.101 -0.130
475.0 75.0 0.240 0.087 -0.132
475.0 100.0 0.168 0.070 -0.151
500.0 0.0 0.221 0.092 -0.137
500.0 25.0 0.273 0.081 -0.124
500.0 50.0 0.196 0.066 -0.144
500.0 75.0 0.323 0.086 -0.110
525.0 0.0 0.145 0.054 -0.158
525.0 25.0 0.183 0.059 -0.147
525.0 50.0 0.263 0.072 -0.126
550.0 0.0 0.175 0.051 -0.150
550.0 25.0 0.054 0.027 -0.182
575.0 25.0 0.059 0.027 -0.181
#average significance: 0.940
