mC1:mN1:nSig:nSigErr:Zn
#Tag: SR_SS_mumu_1_opt
#multitop: 0.000000 +/- 0.000000 (0)
#Vgamma: 0.000000 +/- 0.000000 (0)
#ttV: 0.115334 +/- 0.027899 (27)
#singletop: 0.270722 +/- 0.270722 (1)
#Wjets: 0.361311 +/- 0.311536 (2)
#VVV: 0.376524 +/- 0.064581 (51)
#Higgs: 0.782532 +/- 0.553683 (2)
#VV: 9.230351 +/- 0.839126 (1354)
#Total BG: 11.136774 +/- 1.089033 (1437)

150.0 0.0 8.883 1.194 1.527
152.5 22.5 7.383 1.114 1.269
162.5 12.5 6.004 0.946 1.023
175.0 0.0 4.961 0.872 0.829
175.0 25.0 4.828 0.838 0.804
177.5 47.5 4.854 0.932 0.809
187.5 12.5 3.880 0.697 0.622
187.5 37.5 5.226 0.921 0.879
190.0 60.0 4.070 0.917 0.659
200.0 0.0 3.751 0.713 0.596
200.0 25.0 3.423 0.654 0.532
200.0 50.0 5.251 1.364 0.884
202.5 72.5 3.239 0.845 0.495
212.5 12.5 4.141 0.745 0.672
212.5 37.5 2.634 0.548 0.373
212.5 62.5 2.408 0.559 0.327
215.0 85.0 2.468 0.504 0.339
225.0 0.0 3.949 0.849 0.635
225.0 25.0 2.450 0.596 0.335
225.0 50.0 3.159 0.677 0.479
225.0 75.0 2.228 0.546 0.290
227.5 97.5 1.257 0.381 0.084
237.5 12.5 3.770 1.185 0.600
237.5 37.5 2.827 0.655 0.412
237.5 62.5 2.830 0.561 0.413
237.5 87.5 1.686 0.457 0.176
240.0 110.0 1.983 0.822 0.239
250.0 0.0 2.444 0.940 0.334
250.0 25.0 2.832 1.024 0.413
250.0 50.0 1.924 0.588 0.226
250.0 75.0 1.927 0.529 0.227
250.0 100.0 3.037 0.686 0.455
262.5 12.5 2.435 0.645 0.332
262.5 37.5 2.008 0.499 0.244
262.5 62.5 1.631 0.469 0.164
262.5 87.5 1.705 0.469 0.180
275.0 0.0 1.634 0.473 0.165
275.0 25.0 0.383 0.194 -0.107
275.0 50.0 1.394 0.400 0.114
275.0 75.0 1.785 0.415 0.197
287.5 12.5 1.911 0.636 0.223
287.5 37.5 1.851 0.647 0.211
287.5 62.5 1.669 0.438 0.172
300.0 0.0 1.321 0.334 0.098
300.0 25.0 1.278 0.314 0.089
300.0 50.0 0.761 0.242 -0.023
300.0 75.0 1.563 0.384 0.150
300.0 100.0 1.273 0.356 0.088
312.5 12.5 0.939 0.271 0.016
312.5 37.5 0.784 0.243 -0.018
325.0 0.0 1.472 0.315 0.131
325.0 25.0 1.283 0.301 0.090
325.0 50.0 0.920 0.349 0.011
325.0 75.0 0.894 0.226 0.006
325.0 100.0 0.996 0.247 0.028
337.5 12.5 0.602 0.190 -0.058
350.0 0.0 0.849 0.236 -0.004
350.0 25.0 1.188 0.308 0.070
350.0 50.0 0.575 0.181 -0.064
350.0 75.0 0.603 0.237 -0.058
350.0 100.0 0.641 0.161 -0.050
375.0 0.0 0.575 0.215 -0.064
375.0 25.0 0.447 0.133 -0.093
375.0 50.0 0.328 0.105 -0.119
375.0 75.0 0.604 0.155 -0.058
400.0 0.0 0.265 0.119 -0.133
400.0 25.0 0.204 0.103 -0.147
400.0 50.0 0.497 0.158 -0.082
400.0 75.0 0.557 0.197 -0.068
400.0 100.0 0.486 0.155 -0.084
425.0 0.0 0.385 0.179 -0.107
425.0 25.0 0.419 0.134 -0.099
425.0 50.0 0.280 0.106 -0.130
425.0 75.0 0.350 0.129 -0.114
425.0 100.0 1.100 0.429 0.051
450.0 0.0 0.062 0.044 -0.179
450.0 25.0 0.321 0.107 -0.121
450.0 50.0 0.356 0.127 -0.113
450.0 75.0 0.336 0.108 -0.118
450.0 100.0 0.125 0.060 -0.165
475.0 0.0 0.436 0.136 -0.095
475.0 25.0 0.372 0.157 -0.110
475.0 50.0 0.260 0.095 -0.135
475.0 75.0 0.315 0.107 -0.122
475.0 100.0 0.199 0.085 -0.148
500.0 0.0 0.130 0.053 -0.164
500.0 25.0 0.267 0.083 -0.133
500.0 50.0 0.153 0.056 -0.159
500.0 75.0 0.335 0.094 -0.118
525.0 0.0 0.126 0.052 -0.165
525.0 25.0 0.103 0.043 -0.170
525.0 50.0 0.231 0.082 -0.141
550.0 0.0 0.101 0.037 -0.170
550.0 25.0 0.226 0.136 -0.142
575.0 25.0 0.051 0.026 -0.182
#average significance: 0.902
