mC1:mN1:nSig:nSigErr:Zn
#Tag: SR_SS_ee_1_opt
#multitop: 0.000000 +/- 0.000000 (0)
#ttV: 0.066585 +/- 0.026554 (16)
#singletop: 0.139476 +/- 0.139476 (1)
#VVV: 0.197888 +/- 0.049322 (23)
#Vgamma: 0.794656 +/- 0.352821 (8)
#Higgs: 0.851026 +/- 0.609817 (4)
#charge flip: 0.859317 +/- 0.064331 (620)
#Wjets: 1.873954 +/- 1.118973 (5)
#VV: 2.617888 +/- 0.492676 (477)
#Total BG: 7.400788 +/- 1.420535 (1154)

150.0 0.0 4.441 0.852 0.892
152.5 22.5 4.360 0.889 0.874
162.5 12.5 4.209 0.826 0.839
175.0 0.0 3.470 0.735 0.668
175.0 25.0 2.179 0.563 0.354
177.5 47.5 1.303 0.401 0.129
187.5 12.5 2.590 0.729 0.456
187.5 37.5 2.620 0.579 0.464
190.0 60.0 2.396 0.550 0.408
200.0 0.0 2.455 0.563 0.423
200.0 25.0 1.166 0.372 0.092
200.0 50.0 1.697 0.444 0.231
202.5 72.5 1.304 0.610 0.129
212.5 12.5 1.449 0.394 0.167
212.5 37.5 2.074 0.505 0.328
212.5 62.5 1.694 0.433 0.231
215.0 85.0 1.089 0.321 0.072
225.0 0.0 2.347 0.604 0.396
225.0 25.0 1.835 0.501 0.267
225.0 50.0 1.212 0.412 0.104
225.0 75.0 1.932 0.530 0.292
227.5 97.5 1.264 0.415 0.118
237.5 12.5 1.893 0.663 0.282
237.5 37.5 0.671 0.277 -0.041
237.5 62.5 1.542 0.447 0.191
237.5 87.5 1.681 0.497 0.227
240.0 110.0 0.397 0.200 -0.117
250.0 0.0 1.836 0.687 0.267
250.0 25.0 0.839 0.392 0.004
250.0 50.0 1.838 0.747 0.268
250.0 75.0 0.569 0.290 -0.069
250.0 100.0 1.280 0.513 0.123
262.5 12.5 0.748 0.349 -0.020
262.5 37.5 0.496 0.251 -0.089
262.5 62.5 1.347 0.420 0.140
262.5 87.5 0.786 0.346 -0.010
275.0 0.0 1.838 0.539 0.268
275.0 25.0 0.864 0.292 0.011
275.0 50.0 0.771 0.306 -0.014
275.0 75.0 1.200 0.512 0.101
287.5 12.5 0.503 0.206 -0.087
287.5 37.5 1.972 0.853 0.302
287.5 62.5 0.983 0.568 0.043
300.0 0.0 0.863 0.286 0.011
300.0 25.0 0.153 0.108 -0.186
300.0 50.0 1.016 0.296 0.052
300.0 75.0 1.510 0.443 0.183
300.0 100.0 0.282 0.167 -0.149
312.5 12.5 0.982 0.263 0.043
312.5 37.5 0.699 0.230 -0.034
325.0 0.0 0.762 0.214 -0.016
325.0 25.0 0.511 0.172 -0.085
325.0 50.0 0.573 0.183 -0.068
325.0 75.0 0.365 0.138 -0.126
325.0 100.0 0.625 0.189 -0.054
337.5 12.5 1.001 0.494 0.048
350.0 0.0 0.564 0.185 -0.071
350.0 25.0 0.433 0.151 -0.107
350.0 50.0 0.689 0.275 -0.036
350.0 75.0 0.580 0.204 -0.066
350.0 100.0 0.417 0.133 -0.111
375.0 0.0 0.191 0.110 -0.175
375.0 25.0 0.220 0.086 -0.167
375.0 50.0 0.231 0.088 -0.163
375.0 75.0 0.236 0.090 -0.162
400.0 0.0 0.248 0.149 -0.158
400.0 25.0 0.255 0.115 -0.157
400.0 50.0 0.542 0.211 -0.077
400.0 75.0 0.455 0.197 -0.101
400.0 100.0 0.403 0.270 -0.115
425.0 0.0 0.372 0.167 -0.124
425.0 25.0 0.430 0.207 -0.108
425.0 50.0 0.252 0.101 -0.158
425.0 75.0 0.173 0.088 -0.180
425.0 100.0 0.159 0.080 -0.184
450.0 0.0 0.000 0.000 -0.229
450.0 25.0 0.105 0.061 -0.199
450.0 50.0 0.137 0.107 -0.190
450.0 75.0 0.256 0.103 -0.156
450.0 100.0 0.191 0.078 -0.175
475.0 0.0 0.157 0.074 -0.184
475.0 25.0 0.159 0.065 -0.184
475.0 50.0 0.075 0.044 -0.208
475.0 75.0 0.111 0.056 -0.197
475.0 100.0 0.266 0.084 -0.153
500.0 0.0 0.022 0.022 -0.223
500.0 25.0 0.085 0.050 -0.205
500.0 50.0 0.093 0.047 -0.203
500.0 75.0 0.056 0.043 -0.213
525.0 0.0 0.018 0.018 -0.224
525.0 25.0 0.176 0.064 -0.179
525.0 50.0 0.173 0.059 -0.180
550.0 0.0 0.113 0.040 -0.197
550.0 25.0 0.047 0.027 -0.216
575.0 25.0 0.000 0.000 -0.229
#average significance: 0.551
