mC1:mN1:nSig:nSigErr:Zn
#Tag: SR_SS_emu_2_opt
#multitop: 0.000000 +/- 0.000000 (0)
#Vgamma: 0.000000 +/- 0.000000 (0)
#Wjets: 0.073295 +/- 0.094306 (3)
#singletop: 0.109365 +/- 0.109365 (1)
#ttV: 0.160216 +/- 0.032362 (62)
#VVV: 0.192701 +/- 0.043615 (30)
#charge flip: 0.434119 +/- 0.040618 (690)
#Higgs: 0.442014 +/- 0.428625 (14)
#VV: 5.628594 +/- 0.467989 (1263)
#Total BG: 7.040303 +/- 0.654360 (2063)

150.0 0.0 7.716 1.469 1.798
152.5 22.5 7.383 0.996 1.724
162.5 12.5 7.083 1.146 1.657
175.0 0.0 6.680 0.935 1.565
175.0 25.0 5.376 0.929 1.260
177.5 47.5 5.780 1.649 1.356
187.5 12.5 5.652 0.835 1.326
187.5 37.5 4.818 1.098 1.125
190.0 60.0 2.613 0.542 0.557
200.0 0.0 3.302 0.603 0.740
200.0 25.0 3.533 0.722 0.801
200.0 50.0 2.814 0.604 0.611
202.5 72.5 4.524 0.989 1.052
212.5 12.5 3.579 0.700 0.813
212.5 37.5 4.446 1.103 1.033
212.5 62.5 3.365 0.674 0.757
215.0 85.0 1.707 0.370 0.305
225.0 0.0 3.219 0.825 0.719
225.0 25.0 3.744 0.725 0.855
225.0 50.0 3.391 0.686 0.764
225.0 75.0 1.983 0.703 0.383
227.5 97.5 1.648 0.445 0.288
237.5 12.5 3.195 0.650 0.712
237.5 37.5 3.318 0.775 0.745
237.5 62.5 1.222 0.343 0.165
237.5 87.5 2.532 0.553 0.535
240.0 110.0 1.802 0.479 0.332
250.0 0.0 3.841 0.827 0.880
250.0 25.0 1.867 0.512 0.350
250.0 50.0 2.070 0.522 0.407
250.0 75.0 2.216 0.621 0.448
250.0 100.0 1.731 0.493 0.312
262.5 12.5 4.056 1.629 0.935
262.5 37.5 3.147 0.670 0.700
262.5 62.5 1.376 0.492 0.210
262.5 87.5 2.615 0.752 0.557
275.0 0.0 1.610 0.411 0.277
275.0 25.0 2.190 0.488 0.441
275.0 50.0 0.772 0.281 0.032
275.0 75.0 1.574 0.437 0.267
287.5 12.5 1.510 0.368 0.249
287.5 37.5 1.269 0.377 0.179
287.5 62.5 1.874 0.427 0.352
300.0 0.0 1.720 0.364 0.309
300.0 25.0 2.067 0.450 0.406
300.0 50.0 0.974 0.286 0.092
300.0 75.0 1.101 0.319 0.130
300.0 100.0 1.219 0.306 0.164
312.5 12.5 1.459 0.415 0.234
312.5 37.5 1.198 0.310 0.158
325.0 0.0 1.351 0.330 0.203
325.0 25.0 1.269 0.283 0.179
325.0 50.0 1.415 0.425 0.221
325.0 75.0 1.203 0.350 0.160
325.0 100.0 0.857 0.242 0.058
337.5 12.5 1.224 0.262 0.166
350.0 0.0 1.043 0.378 0.113
350.0 25.0 0.717 0.185 0.016
350.0 50.0 0.612 0.154 -0.016
350.0 75.0 1.110 0.396 0.133
350.0 100.0 0.589 0.161 -0.023
375.0 0.0 0.865 0.418 0.060
375.0 25.0 0.453 0.138 -0.064
375.0 50.0 0.473 0.135 -0.058
375.0 75.0 0.644 0.143 -0.006
400.0 0.0 0.626 0.183 -0.012
400.0 25.0 0.483 0.173 -0.055
400.0 50.0 0.522 0.158 -0.043
400.0 75.0 0.440 0.149 -0.068
400.0 100.0 0.443 0.148 -0.067
425.0 0.0 0.699 0.176 0.010
425.0 25.0 0.365 0.125 -0.091
425.0 50.0 0.443 0.141 -0.067
425.0 75.0 0.084 0.060 -0.179
425.0 100.0 0.268 0.103 -0.121
450.0 0.0 0.404 0.116 -0.079
450.0 25.0 0.204 0.083 -0.141
450.0 50.0 0.356 0.126 -0.094
450.0 75.0 0.252 0.091 -0.126
450.0 100.0 0.276 0.094 -0.119
475.0 0.0 0.373 0.103 -0.089
475.0 25.0 0.253 0.088 -0.126
475.0 50.0 0.248 0.104 -0.127
475.0 75.0 0.479 0.129 -0.057
475.0 100.0 0.482 0.111 -0.056
500.0 0.0 0.134 0.056 -0.163
500.0 25.0 0.213 0.071 -0.138
500.0 50.0 0.308 0.084 -0.109
500.0 75.0 0.188 0.076 -0.146
525.0 0.0 0.127 0.051 -0.165
525.0 25.0 0.126 0.045 -0.165
525.0 50.0 0.246 0.072 -0.128
550.0 0.0 0.070 0.031 -0.183
550.0 25.0 0.098 0.038 -0.174
575.0 25.0 0.241 0.059 -0.130
#average significance: 1.311
