mC1:mN1:nSig:nSigErr:Zn
#Tag: SR_SS_emu_1_opt
#multitop: 0.000000 +/- 0.000000 (0)
#ttV: 0.204665 +/- 0.078970 (92)
#singletop: 0.279278 +/- 0.279278 (1)
#VVV: 1.247255 +/- 0.142566 (172)
#Higgs: 2.682269 +/- 1.136349 (16)
#charge flip: 3.277028 +/- 0.143286 (3221)
#Wjets: 3.922991 +/- 5.980151 (54)
#Vgamma: 10.253611 +/- 3.031567 (66)
#VV: 41.792659 +/- 1.722619 (6755)
#Total BG: 63.659755 +/- 7.023987 (10377)

150.0 0.0 19.498 1.791 0.764
152.5 22.5 17.617 1.711 0.679
162.5 12.5 13.294 1.255 0.479
175.0 0.0 11.339 1.357 0.387
175.0 25.0 14.000 1.787 0.512
177.5 47.5 9.222 1.333 0.285
187.5 12.5 10.997 1.239 0.370
187.5 37.5 8.822 1.183 0.265
190.0 60.0 7.123 0.873 0.182
200.0 0.0 11.096 1.284 0.375
200.0 25.0 9.253 1.191 0.286
200.0 50.0 7.874 1.068 0.219
202.5 72.5 6.201 0.840 0.136
212.5 12.5 7.055 0.994 0.178
212.5 37.5 8.046 1.068 0.227
212.5 62.5 6.667 0.862 0.159
215.0 85.0 7.682 1.245 0.209
225.0 0.0 5.105 0.957 0.081
225.0 25.0 6.070 1.008 0.129
225.0 50.0 8.513 1.267 0.250
225.0 75.0 5.211 1.037 0.086
227.5 97.5 3.515 0.640 0.000
237.5 12.5 7.197 1.680 0.185
237.5 37.5 7.353 1.194 0.193
237.5 62.5 4.238 0.768 0.037
237.5 87.5 4.177 0.737 0.034
240.0 110.0 3.815 0.670 0.016
250.0 0.0 4.499 0.981 0.050
250.0 25.0 6.087 1.086 0.130
250.0 50.0 4.991 1.004 0.075
250.0 75.0 5.515 1.004 0.102
250.0 100.0 3.461 0.860 -0.002
262.5 12.5 3.937 0.749 0.022
262.5 37.5 4.433 0.768 0.047
262.5 62.5 3.573 0.702 0.003
262.5 87.5 4.589 1.220 0.055
275.0 0.0 4.672 0.810 0.059
275.0 25.0 3.918 0.662 0.021
275.0 50.0 2.435 0.613 -0.055
275.0 75.0 3.368 0.709 -0.007
287.5 12.5 2.906 0.582 -0.031
287.5 37.5 3.210 0.860 -0.015
287.5 62.5 3.103 0.598 -0.021
300.0 0.0 2.266 0.491 -0.064
300.0 25.0 3.493 0.600 -0.001
300.0 50.0 2.285 0.453 -0.063
300.0 75.0 3.040 0.489 -0.024
300.0 100.0 2.481 0.470 -0.053
312.5 12.5 1.882 0.372 -0.084
312.5 37.5 2.810 0.706 -0.036
325.0 0.0 2.619 0.437 -0.046
325.0 25.0 1.910 0.433 -0.082
325.0 50.0 1.506 0.326 -0.103
325.0 75.0 2.202 0.375 -0.067
325.0 100.0 1.681 0.346 -0.094
337.5 12.5 1.796 0.307 -0.088
350.0 0.0 1.867 0.338 -0.085
350.0 25.0 1.848 0.312 -0.086
350.0 50.0 2.205 0.340 -0.067
350.0 75.0 1.906 0.382 -0.083
350.0 100.0 1.187 0.224 -0.120
375.0 0.0 1.367 0.578 -0.111
375.0 25.0 1.924 0.347 -0.082
375.0 50.0 1.008 0.196 -0.129
375.0 75.0 1.570 0.361 -0.100
400.0 0.0 1.258 0.300 -0.116
400.0 25.0 1.646 0.359 -0.096
400.0 50.0 1.616 0.346 -0.098
400.0 75.0 1.274 0.260 -0.115
400.0 100.0 1.241 0.280 -0.117
425.0 0.0 0.783 0.193 -0.141
425.0 25.0 1.164 0.274 -0.121
425.0 50.0 1.133 0.286 -0.123
425.0 75.0 0.868 0.203 -0.137
425.0 100.0 0.708 0.168 -0.145
450.0 0.0 0.582 0.159 -0.152
450.0 25.0 0.531 0.146 -0.154
450.0 50.0 0.543 0.154 -0.154
450.0 75.0 0.439 0.122 -0.159
450.0 100.0 0.603 0.141 -0.151
475.0 0.0 0.494 0.121 -0.156
475.0 25.0 0.850 0.196 -0.138
475.0 50.0 0.414 0.104 -0.160
475.0 75.0 0.305 0.089 -0.166
475.0 100.0 0.380 0.108 -0.162
500.0 0.0 0.383 0.098 -0.162
500.0 25.0 0.494 0.122 -0.156
500.0 50.0 0.859 0.244 -0.137
500.0 75.0 0.347 0.102 -0.164
525.0 0.0 0.409 0.098 -0.161
525.0 25.0 0.517 0.182 -0.155
525.0 50.0 0.334 0.081 -0.165
550.0 0.0 0.327 0.074 -0.165
550.0 25.0 0.261 0.064 -0.169
575.0 25.0 0.412 0.097 -0.161
#average significance: 0.430
