mC1:mN1:nSig:nSigErr:Zn
#Tag: SR_SS_ee_2_opt
#Zjets: 0.000000 +/- 0.000000 (0)
#multitop: 0.000000 +/- 0.000000 (0)
#ttV: 0.079573 +/- 0.022370 (36)
#VVV: 0.102646 +/- 0.037596 (16)
#singletop: 0.161341 +/- 0.161341 (1)
#Vgamma: 0.375771 +/- 0.268750 (2)
#Higgs: 0.533874 +/- 0.523096 (12)
#Wjets: 0.568570 +/- 0.584543 (3)
#ttbar: 1.184431 +/- 0.901239 (2)
#VV: 2.798359 +/- 0.388465 (543)
#Total BG: 5.804566 +/- 1.295619 (615)

150.0 0.0 3.499 0.804 0.781
152.5 22.5 3.275 0.749 0.722
162.5 12.5 3.832 0.656 0.868
175.0 0.0 2.212 0.839 0.430
175.0 25.0 1.595 0.447 0.252
177.5 47.5 2.734 1.094 0.576
187.5 12.5 2.116 0.521 0.403
187.5 37.5 1.482 0.393 0.218
190.0 60.0 1.053 0.331 0.089
200.0 0.0 2.117 0.763 0.403
200.0 25.0 2.549 0.690 0.525
200.0 50.0 2.461 0.583 0.500
202.5 72.5 1.070 0.343 0.094
212.5 12.5 1.695 0.418 0.281
212.5 37.5 0.803 0.321 0.012
212.5 62.5 1.287 0.356 0.160
215.0 85.0 1.639 0.455 0.265
225.0 0.0 1.823 0.545 0.319
225.0 25.0 1.597 0.604 0.252
225.0 50.0 2.053 0.579 0.385
225.0 75.0 1.002 0.355 0.073
227.5 97.5 1.029 0.418 0.081
237.5 12.5 1.269 0.397 0.155
237.5 37.5 0.725 0.277 -0.013
237.5 62.5 0.727 0.277 -0.012
237.5 87.5 1.199 0.371 0.134
240.0 110.0 0.367 0.184 -0.127
250.0 0.0 1.022 0.361 0.079
250.0 25.0 2.329 0.673 0.463
250.0 50.0 0.706 0.397 -0.019
250.0 75.0 1.101 0.546 0.103
250.0 100.0 0.473 0.284 -0.093
262.5 12.5 1.235 0.397 0.144
262.5 37.5 1.258 0.611 0.151
262.5 62.5 0.550 0.247 -0.068
262.5 87.5 0.919 0.386 0.048
275.0 0.0 0.696 0.268 -0.022
275.0 25.0 0.670 0.282 -0.030
275.0 50.0 1.709 0.516 0.286
275.0 75.0 0.893 0.306 0.040
287.5 12.5 0.750 0.254 -0.005
287.5 37.5 0.754 0.300 -0.004
287.5 62.5 0.510 0.211 -0.081
300.0 0.0 0.494 0.206 -0.086
300.0 25.0 1.116 0.316 0.108
300.0 50.0 0.495 0.360 -0.086
300.0 75.0 0.603 0.235 -0.051
300.0 100.0 0.687 0.240 -0.025
312.5 12.5 1.373 0.436 0.186
312.5 37.5 0.804 0.275 0.012
325.0 0.0 0.514 0.174 -0.080
325.0 25.0 0.935 0.291 0.053
325.0 50.0 0.696 0.195 -0.022
325.0 75.0 0.875 0.238 0.034
325.0 100.0 0.823 0.238 0.018
337.5 12.5 0.414 0.138 -0.112
350.0 0.0 0.521 0.175 -0.077
350.0 25.0 0.627 0.171 -0.044
350.0 50.0 0.329 0.117 -0.139
350.0 75.0 0.255 0.105 -0.163
350.0 100.0 0.174 0.088 -0.190
375.0 0.0 0.396 0.165 -0.117
375.0 25.0 0.453 0.134 -0.099
375.0 50.0 0.221 0.085 -0.174
375.0 75.0 0.345 0.111 -0.134
400.0 0.0 0.495 0.184 -0.086
400.0 25.0 0.713 0.232 -0.017
400.0 50.0 0.573 0.481 -0.061
400.0 75.0 0.241 0.108 -0.168
400.0 100.0 0.113 0.081 -0.210
425.0 0.0 0.289 0.129 -0.152
425.0 25.0 0.185 0.096 -0.186
425.0 50.0 0.145 0.084 -0.199
425.0 75.0 0.196 0.102 -0.182
425.0 100.0 0.069 0.049 -0.224
450.0 0.0 0.286 0.131 -0.153
450.0 25.0 0.236 0.098 -0.169
450.0 50.0 0.317 0.106 -0.143
450.0 75.0 0.207 0.081 -0.179
450.0 100.0 0.255 0.099 -0.163
475.0 0.0 0.140 0.063 -0.201
475.0 25.0 0.164 0.078 -0.193
475.0 50.0 0.152 0.062 -0.197
475.0 75.0 0.126 0.057 -0.205
475.0 100.0 0.073 0.042 -0.223
500.0 0.0 0.100 0.053 -0.214
500.0 25.0 0.105 0.048 -0.212
500.0 50.0 0.141 0.060 -0.200
500.0 75.0 0.290 0.099 -0.152
525.0 0.0 0.085 0.038 -0.219
525.0 25.0 0.103 0.049 -0.213
525.0 50.0 0.083 0.037 -0.219
550.0 0.0 0.044 0.032 -0.233
550.0 25.0 0.087 0.036 -0.218
575.0 25.0 0.075 0.031 -0.222
