mC1:mN1:nSig:nSigErr:Zn
#Tag: SR_SS_ee_1_pre
#multitop: 0.000000 +/- 0.000000 (0)
#ttV: 0.391007 +/- 0.058742 (137)
#VVV: 2.095896 +/- 0.165902 (325)
#singletop: 5.452925 +/- 1.307231 (29)
#Higgs: 9.826902 +/- 2.298310 (105)
#ttbar: 11.460234 +/- 3.301990 (25)
#VV: 217.914223 +/- 5.009122 (28876)
#Vgamma: 242.385849 +/- 13.376917 (768)
#Wjets: 255.071259 +/- 85.080870 (223)
#Zjets: 1041.127228 +/- 153.507203 (1003)
#Total BG: 1785.725523 +/- 176.139644 (31491)

150.0 0.0 30.046 2.348 -0.116
152.5 22.5 26.021 2.143 -0.124
162.5 12.5 23.534 1.715 -0.129
175.0 0.0 15.570 1.484 -0.146
175.0 25.0 20.099 2.455 -0.136
177.5 47.5 16.574 1.590 -0.144
187.5 12.5 13.929 1.488 -0.149
187.5 37.5 14.301 1.333 -0.149
190.0 60.0 14.058 1.560 -0.149
200.0 0.0 10.788 1.269 -0.156
200.0 25.0 10.209 1.324 -0.157
200.0 50.0 11.055 1.329 -0.155
202.5 72.5 8.981 1.159 -0.160
212.5 12.5 7.645 0.910 -0.162
212.5 37.5 9.871 1.369 -0.158
212.5 62.5 9.749 1.058 -0.158
215.0 85.0 10.617 1.426 -0.156
225.0 0.0 8.188 1.255 -0.161
225.0 25.0 7.139 1.030 -0.164
225.0 50.0 8.036 1.159 -0.162
225.0 75.0 7.597 1.062 -0.163
227.5 97.5 6.929 1.065 -0.164
237.5 12.5 6.361 1.029 -0.165
237.5 37.5 4.952 0.822 -0.168
237.5 62.5 5.730 0.929 -0.166
237.5 87.5 6.960 1.107 -0.164
240.0 110.0 6.067 0.996 -0.166
250.0 0.0 6.273 1.104 -0.165
250.0 25.0 4.762 0.938 -0.168
250.0 50.0 5.281 1.025 -0.167
250.0 75.0 4.065 0.807 -0.170
250.0 100.0 5.283 0.974 -0.167
262.5 12.5 3.701 0.712 -0.171
262.5 37.5 3.795 0.707 -0.171
262.5 62.5 4.199 0.917 -0.170
262.5 87.5 3.823 0.687 -0.170
275.0 0.0 5.367 0.937 -0.167
275.0 25.0 3.655 0.644 -0.171
275.0 50.0 3.182 0.798 -0.172
275.0 75.0 5.246 0.888 -0.167
287.5 12.5 3.390 0.754 -0.171
287.5 37.5 4.227 0.982 -0.170
287.5 62.5 3.511 0.792 -0.171
300.0 0.0 2.667 0.512 -0.173
300.0 25.0 1.793 0.388 -0.175
300.0 50.0 2.334 0.458 -0.174
300.0 75.0 3.387 0.615 -0.171
300.0 100.0 2.389 0.515 -0.173
312.5 12.5 2.995 0.474 -0.172
312.5 37.5 2.446 0.472 -0.173
325.0 0.0 2.360 0.436 -0.174
325.0 25.0 3.054 0.628 -0.172
325.0 50.0 2.542 0.451 -0.173
325.0 75.0 1.774 0.364 -0.175
325.0 100.0 1.753 0.322 -0.175
337.5 12.5 2.181 0.575 -0.174
350.0 0.0 1.918 0.365 -0.174
350.0 25.0 1.629 0.407 -0.175
350.0 50.0 2.119 0.458 -0.174
350.0 75.0 1.613 0.328 -0.175
350.0 100.0 1.702 0.405 -0.175
375.0 0.0 1.725 0.564 -0.175
375.0 25.0 0.874 0.201 -0.177
375.0 50.0 0.851 0.176 -0.177
375.0 75.0 1.178 0.239 -0.176
400.0 0.0 0.583 0.202 -0.177
400.0 25.0 1.080 0.259 -0.176
400.0 50.0 0.899 0.261 -0.177
400.0 75.0 1.419 0.345 -0.175
400.0 100.0 0.701 0.296 -0.177
425.0 0.0 0.758 0.219 -0.177
425.0 25.0 0.748 0.241 -0.177
425.0 50.0 0.992 0.217 -0.176
425.0 75.0 0.671 0.180 -0.177
425.0 100.0 0.516 0.159 -0.177
450.0 0.0 0.291 0.111 -0.178
450.0 25.0 0.403 0.122 -0.178
450.0 50.0 0.464 0.160 -0.177
450.0 75.0 0.452 0.132 -0.178
450.0 100.0 0.936 0.458 -0.177
475.0 0.0 0.367 0.112 -0.178
475.0 25.0 0.342 0.095 -0.178
475.0 50.0 0.709 0.227 -0.177
475.0 75.0 0.574 0.145 -0.177
475.0 100.0 0.531 0.127 -0.177
500.0 0.0 0.331 0.086 -0.178
500.0 25.0 0.541 0.125 -0.177
500.0 50.0 0.267 0.082 -0.178
500.0 75.0 0.202 0.070 -0.178
525.0 0.0 0.203 0.068 -0.178
525.0 25.0 0.508 0.136 -0.177
525.0 50.0 0.253 0.069 -0.178
550.0 0.0 0.398 0.119 -0.178
550.0 25.0 0.192 0.057 -0.178
575.0 25.0 0.082 0.031 -0.178
